流水	关卡ID	列数	行数	事件ID	隐藏事件ID	底图icon	格子属性
int	int	int	int	int	int	int	string
Id	RegionID	Col	Row	FirstEventId	SecondEventId	FloorId	GridParam
1	101	8	4	1001	0	3	
2	101	1	5	1001	0	3	
3	101	2	5	1001	0	3	
4	101	3	5	2001	0	3	
5	101	4	5	2001	0	3	
6	101	5	5	2001	0	3	
7	101	6	5	1001	0	3	
8	101	7	5	2001	0	3	
9	101	8	5	2001	0	3	
10	101	9	5	1001	0	3	
11	101	10	5	3001	0	3	
12	101	11	5	1001	0	3	
13	101	12	5	3001	0	3	
14	101	13	5	8001	0	3	
15	101	14	5	10301	0	3	
16	101	15	5	4002	0	3	
17	101	1	6	1001	0	3	
18	101	2	6	2001	0	3	
19	101	3	6	2001	0	3	
20	101	4	6	2001	0	3	
21	101	5	6	2001	0	3	
22	101	6	6	2001	0	3	
23	101	7	6	3001	0	3	
24	101	8	6	3001	0	3	
25	101	9	6	2001	0	3	
26	101	10	6	3001	0	3	
27	101	11	6	2001	0	3	
28	101	12	6	3001	0	3	
29	101	13	6	1001	0	3	
30	101	14	6	3001	0	3	
31	101	15	6	4002	0	3	
32	101	16	6	4002	0	3	
33	101	1	7	2001	0	3	
34	101	2	7	2001	0	3	
35	101	3	7	2001	0	3	
36	101	4	7	2001	0	3	
37	101	5	7	2001	0	3	
38	101	6	7	10201	0	3	
39	101	7	7	1001	0	3	
40	101	8	7	3001	0	3	
41	101	9	7	10101	0	3	
42	101	10	7	4002	0	3	
43	101	11	7	4002	0	3	
44	101	12	7	4002	0	3	
45	101	13	7	4002	0	3	
46	101	14	7	1001	0	3	
47	101	15	7	4002	0	3	
48	101	4	8	4007	0	3	
49	101	5	8	4005	0	5	
50	101	6	8	4005	0	5	
51	101	12	8	4002	0	3	
52	101	13	8	4002	0	3	
53	101	14	8	3001	0	3	
54	101	15	8	1001	0	3	
55	101	16	8	4002	0	3	
56	101	3	9	4007	0	3	
57	101	4	9	4005	0	5	
58	101	5	9	4005	0	3	
59	101	12	9	4002	0	3	
60	101	13	9	1001	0	3	
61	101	14	9	2001	0	3	
62	101	15	9	3001	0	3	
63	101	16	9	4002	0	3	
64	101	5	10	2001	0	3	
65	101	6	10	2001	0	3	
66	101	7	10	2001	0	3	
67	101	13	10	4002	0	3	
68	101	14	10	3001	0	3	
69	101	15	10	3001	0	3	
70	101	16	10	2001	0	3	
71	101	17	10	4002	0	3	
72	101	5	11	2001	0	3	
73	101	6	11	4007	0	3	
74	101	7	11	2001	0	3	
75	101	13	11	4002	0	3	
76	101	14	11	2001	0	3	
77	101	15	11	1001	0	3	
78	101	16	11	1001	0	3	
79	101	17	11	4002	0	3	
80	101	6	12	2001	0	3	
81	101	7	12	2001	0	3	
82	101	8	12	10301	0	3	
83	101	14	12	4002	0	3	
84	101	15	12	1001	0	3	
85	101	16	12	9001	0	3	
86	101	17	12	1001	0	3	
87	101	18	12	4002	0	3	
88	101	5	13	2001	0	3	
89	101	6	13	2001	0	3	
90	101	7	13	2001	0	3	
91	101	10	13	6030	0	3	
92	101	11	13	2001	0	3	
93	101	12	13	2001	0	3	
94	101	13	13	4005	0	5	
95	101	14	13	4002	0	3	
96	101	15	13	1001	0	3	
97	101	16	13	1001	0	3	
98	101	17	13	2001	0	3	
99	101	18	13	4002	0	3	
100	101	6	14	2001	0	3	
101	101	7	14	10301	0	3	
102	101	8	14	2001	0	3	
103	101	10	14	2001	0	3	
104	101	15	14	4002	0	3	
105	101	16	14	2001	0	3	
106	101	17	14	2001	0	3	
107	101	18	14	2001	0	3	
108	101	19	14	4002	0	3	
109	101	6	15	2001	0	3	
110	101	7	15	2001	0	3	
111	101	8	15	2001	0	3	
112	101	9	15	4005	0	5	
113	101	15	15	4002	0	3	
114	101	16	15	2001	0	3	
115	101	17	15	2001	0	3	
116	101	18	15	4002	0	3	
117	101	19	15	4002	0	3	
118	101	7	16	2001	0	3	
119	101	8	16	2001	0	3	
120	101	16	16	4002	0	3	
121	101	17	16	1001	0	3	
122	101	18	16	4002	0	3	
123	101	19	16	4002	0	3	
124	101	20	16	4002	10112	3	
125	101	16	17	4002	0	3	
126	101	17	17	1001	0	3	
127	101	18	17	4002	0	3	
128	101	19	17	4002	10109	3	
129	101	20	17	10106	0	3	
130	101	10	18	4002	0	3	
131	101	11	18	2001	0	3	
132	101	12	18	4007	0	3	
133	101	13	18	3001	0	3	
134	101	17	18	4002	0	3	
135	101	18	18	4002	0	3	
136	101	19	18	4002	0	3	
137	101	20	18	4002	0	3	
138	101	10	19	2001	0	3	
139	101	11	19	4007	0	3	
140	101	12	19	3001	0	3	
141	101	13	19	10201	0	3	
142	101	10	20	1001	0	3	
143	101	11	20	2001	0	3	
144	101	12	20	4007	0	3	
145	101	13	20	4007	0	3	
146	101	10	21	6001	0	3	
147	101	11	21	2001	0	3	
148	101	12	21	2001	0	3	
149	101	13	21	4002	0	3	
150	102	1	1	4001	0	1	
151	102	2	1	4001	0	1	
152	102	3	1	4001	0	1	
153	102	4	1	4006	0	1	
154	102	5	1	10201	0	1	
155	102	6	1	4001	0	1	
156	102	7	1	4001	0	1	
157	102	8	1	4001	0	1	
158	102	9	1	4001	0	1	
159	102	10	1	4001	0	1	
160	102	11	1	4001	0	1	
161	102	12	1	4001	0	1	
162	102	13	1	4001	0	1	
163	102	14	1	4001	0	1	
164	102	15	1	4001	0	1	
165	102	16	1	4001	0	1	
166	102	3	2	4001	0	1	
167	102	4	2	3001	0	1	
168	102	5	2	2001	0	1	
169	102	6	2	3001	0	1	
170	102	7	2	1001	0	1	
171	102	8	2	2001	0	1	
172	102	9	2	3001	0	1	
173	102	10	2	2001	0	1	
174	102	11	2	3001	0	1	
175	102	12	2	3001	0	1	
176	102	13	2	3001	0	1	
177	102	14	2	3001	0	1	
178	102	15	2	1001	0	1	
179	102	16	2	4001	10108	1	
180	102	2	3	4001	0	1	
181	102	3	3	4001	10104	2	
182	102	4	3	3001	0	1	
183	102	5	3	3001	0	1	
184	102	6	3	2001	0	1	
185	102	7	3	2001	0	1	
186	102	8	3	3001	0	1	
187	102	9	3	8002	0	1	
188	102	10	3	2001	0	1	
189	102	11	3	3001	0	1	
190	102	12	3	4006	0	1	
191	102	13	3	3001	0	1	
192	102	14	3	1001	0	2	
193	102	15	3	1001	0	2	
194	102	16	3	2001	0	1	
195	102	21	3	1001	0	1	
196	102	22	3	2001	0	1	
197	102	23	3	6028	0	1	
198	102	3	4	4006	0	1	
199	102	4	4	3001	0	1	
200	102	5	4	3001	0	1	
201	102	6	4	2001	0	1	
202	102	7	4	2001	0	1	
203	102	8	4	1001	0	1	
204	102	9	4	3001	0	1	
205	102	10	4	3001	0	1	
206	102	11	4	2001	0	1	
207	102	12	4	4006	0	1	
208	102	13	4	1001	0	1	
209	102	14	4	1001	0	2	
210	102	15	4	9002	0	2	
211	102	16	4	1001	0	2	
212	102	21	4	2001	0	1	
213	102	22	4	2001	0	1	
214	102	23	4	2001	0	1	
215	102	24	4	2001	0	1	
216	102	2	5	4001	0	1	
217	102	3	5	4006	0	1	
218	102	4	5	4006	0	1	
219	102	5	5	4001	0	1	
220	102	6	5	4001	0	1	
221	102	7	5	1001	0	1	
222	102	11	5	4006	0	1	
223	102	12	5	1001	0	1	
224	102	13	5	2001	0	1	
225	102	14	5	1001	0	2	
226	102	15	5	1001	0	2	
227	102	16	5	10301	0	1	
228	102	21	5	2001	0	1	
229	102	22	5	2001	0	1	
230	102	23	5	2001	0	1	
231	102	2	6	4001	0	1	
232	102	3	6	3001	0	1	
233	102	4	6	3001	0	1	
234	102	5	6	2001	0	1	
235	102	6	6	2001	0	1	
236	102	7	6	1001	0	1	
237	102	8	6	2001	0	1	
238	102	9	6	1001	0	1	
239	102	10	6	1001	0	1	
240	102	11	6	4006	0	1	
241	102	12	6	1001	0	1	
242	102	13	6	1001	0	1	
243	102	14	6	2001	0	1	
244	102	15	6	4001	6026	1	
245	102	16	6	4001	0	1	
246	102	21	6	2001	0	1	
247	102	22	6	2001	0	1	
248	102	23	6	2001	0	1	
249	102	1	7	4001	0	1	
250	102	2	7	10115	0	2	
251	102	3	7	10201	0	1	
252	102	4	7	3001	0	1	
253	102	5	7	2001	0	1	
254	102	6	7	3001	0	1	
255	102	7	7	1001	0	1	
256	102	8	7	4006	0	1	
257	102	9	7	5002	0	2	
258	102	10	7	3001	0	1	
259	102	11	7	4006	0	1	
260	102	12	7	2001	0	1	
261	102	13	7	2001	0	1	
262	102	14	7	4001	6027	1	
263	102	15	7	4001	0	1	
264	102	16	7	4001	10126	1	
265	102	21	7	2001	0	1	
266	102	22	7	2001	0	1	
267	102	23	7	10301	0	1	
268	102	2	8	4001	0	1	
269	102	3	8	3001	0	1	
270	102	4	8	4001	0	1	
271	102	5	8	3001	0	1	
272	102	6	8	2001	0	1	
273	102	7	8	2001	0	1	
274	102	8	8	2001	0	1	
275	102	9	8	4006	0	1	
276	102	10	8	3001	0	1	
277	102	11	8	3001	0	1	
278	102	12	8	4006	0	1	
279	102	13	8	4006	0	1	
280	102	14	8	4006	0	1	
281	102	15	8	4006	0	1	
282	102	16	8	4006	0	1	
283	102	2	9	4001	0	1	
284	102	3	9	10301	0	1	
285	102	4	9	3001	0	1	
286	102	5	9	4001	0	1	
287	102	6	9	2001	0	1	
288	102	7	9	2001	0	1	
289	102	8	9	1001	0	1	
290	102	9	9	4006	0	1	
291	102	10	9	1001	0	1	
292	102	11	9	2001	0	1	
293	102	12	9	3001	0	1	
294	102	13	9	2001	0	1	
295	102	14	9	3001	0	1	
296	102	15	9	3001	0	1	
297	102	16	9	10301	0	2	
298	102	3	10	4001	0	1	
299	102	4	10	4006	0	1	
300	102	5	10	4006	0	1	
301	102	6	10	4006	0	1	
302	102	7	10	3001	0	1	
303	102	8	10	3001	0	1	
304	102	9	10	1001	0	1	
305	102	10	10	4006	0	1	
306	102	11	10	2001	0	1	
307	102	12	10	2001	0	1	
308	102	13	10	3001	0	1	
309	102	14	10	4006	0	1	
310	102	15	10	4006	0	1	
311	102	16	10	3001	0	1	
312	102	21	10	2001	0	1	
313	102	22	10	2001	0	1	
314	102	23	10	2001	0	1	
315	102	24	10	10301	0	1	
316	102	6	11	4001	0	1	
317	102	7	11	3001	0	1	
318	102	8	11	4006	0	1	
319	102	9	11	4006	0	1	
320	102	10	11	4006	0	1	
321	102	11	11	3001	0	1	
322	102	12	11	1001	0	1	
323	102	13	11	4006	0	1	
324	102	14	11	10301	0	2	
325	102	15	11	4006	0	1	
326	102	16	11	4006	0	1	
327	102	21	11	2001	0	1	
328	102	22	11	2001	0	1	
329	102	23	11	2001	0	1	
330	102	6	12	4001	0	1	
331	102	7	12	4001	0	1	
332	102	8	12	1001	0	1	
333	102	9	12	4006	0	1	
334	102	10	12	2001	0	1	
335	102	11	12	2001	0	1	
336	102	12	12	2001	0	1	
337	102	13	12	3001	0	1	
338	102	14	12	3001	0	1	
339	102	15	12	4006	0	1	
340	102	16	12	4006	0	1	
341	102	22	12	2001	0	1	
342	102	23	12	2001	0	1	
343	102	5	13	4006	0	1	
344	102	6	13	1001	0	1	
345	102	7	13	3001	0	1	
346	102	8	13	3001	0	1	
347	102	9	13	4006	0	1	
348	102	10	13	2001	0	1	
349	102	11	13	1001	0	1	
350	102	12	13	4006	0	1	
351	102	13	13	3001	0	1	
352	102	14	13	4006	0	1	
353	102	15	13	4006	0	1	
354	102	16	13	1001	0	1	
355	102	21	13	1001	0	1	
356	102	22	13	2001	0	1	
357	102	23	13	6028	0	1	
358	102	6	14	4001	0	1	
359	102	7	14	3001	0	1	
360	102	8	14	2001	0	1	
361	102	9	14	3001	0	1	
362	102	10	14	4006	0	1	
363	102	11	14	2001	0	1	
364	102	12	14	4006	0	1	
365	102	13	14	2001	0	1	
366	102	14	14	4006	0	1	
367	102	15	14	4006	0	1	
368	102	16	14	4006	0	1	
369	102	5	15	4001	0	1	
370	102	6	15	6001	0	1	
371	102	7	15	2001	0	1	
372	102	8	15	3001	0	1	
373	102	9	15	2001	0	1	
374	102	10	15	4006	0	1	
375	102	11	15	1001	0	1	
376	102	12	15	1001	0	1	
377	102	13	15	4006	0	1	
378	102	14	15	4006	0	1	
379	102	15	15	4006	0	1	
380	102	16	15	4007	0	1	
381	102	6	16	4006	0	1	
382	102	7	16	10301	0	1	
383	102	8	16	3001	0	1	
384	102	9	16	3001	0	1	
385	102	10	16	10113	0	2	
386	102	11	16	4006	0	1	
387	102	12	16	2001	0	1	
388	102	13	16	1001	0	1	
389	102	14	16	4006	0	1	
390	102	15	16	4006	0	1	
391	102	16	16	1001	0	1	
392	102	6	17	4001	0	1	
393	102	7	17	4001	0	1	
394	102	8	17	4001	0	1	
395	102	9	17	4001	0	1	
396	102	10	17	4006	0	1	
397	102	11	17	4001	0	1	
398	102	12	17	1001	0	1	
399	102	13	17	1001	0	1	
400	102	14	17	2001	0	1	
401	102	15	17	1001	0	1	
402	102	16	17	1001	0	1	
403	103	2	2	4001	0	1	
404	103	3	2	4001	0	1	
405	103	4	2	4001	0	1	
406	103	5	2	4001	0	1	
407	103	6	2	4001	0	1	
408	103	7	2	4001	0	1	
409	103	8	2	4001	0	1	
410	103	9	2	4001	0	1	
411	103	10	2	4001	0	1	
412	103	11	2	4001	0	1	
413	103	12	2	4001	0	1	
414	103	13	2	4001	0	1	
415	103	14	2	4001	0	1	
416	103	2	3	4001	0	1	
417	103	3	3	2001	0	1	
418	103	4	3	2001	0	1	
419	103	5	3	3001	0	1	
420	103	6	3	2001	0	1	
421	103	7	3	3001	0	1	
422	103	8	3	3001	0	1	
423	103	9	3	3001	0	1	
424	103	10	3	2001	0	1	
425	103	11	3	3001	0	1	
426	103	12	3	2001	0	1	
427	103	13	3	1001	0	1	
428	103	14	3	1001	0	1	
429	103	2	4	4001	0	1	
430	103	3	4	1001	0	1	
431	103	4	4	2001	0	1	
432	103	5	4	2001	0	1	
433	103	6	4	3001	0	1	
434	103	7	4	2001	0	1	
435	103	8	4	4001	0	1	
436	103	9	4	3001	0	1	
437	103	10	4	2001	0	1	
438	103	11	4	3001	0	1	
439	103	12	4	3001	0	1	
440	103	13	4	2001	0	1	
441	103	14	4	1001	0	1	
442	103	18	4	4001	0	1	
443	103	19	4	4001	0	1	
444	103	20	4	4001	0	1	
445	103	21	4	4001	0	1	
446	103	2	5	4001	0	1	
447	103	3	5	2001	0	1	
448	103	4	5	3001	0	1	
449	103	5	5	3001	0	1	
450	103	6	5	3001	0	1	
451	103	7	5	4001	0	1	
452	103	8	5	2001	0	1	
453	103	9	5	3001	0	1	
454	103	10	5	2001	0	1	
455	103	11	5	3001	0	1	
456	103	12	5	3001	0	1	
457	103	13	5	1001	0	1	
458	103	14	5	1001	0	1	
459	103	18	5	3001	0	1	
460	103	19	5	3001	0	1	
461	103	20	5	6033	0	1	
462	103	21	5	4001	0	1	
463	103	2	6	4001	0	1	
464	103	3	6	3001	0	1	
465	103	4	6	3001	0	1	
466	103	5	6	3001	0	1	
467	103	6	6	2001	0	1	
468	103	7	6	2001	0	1	
469	103	8	6	4001	0	1	
470	103	9	6	2001	0	1	
471	103	10	6	3001	0	1	
472	103	11	6	2001	0	1	
473	103	12	6	2001	0	1	
474	103	13	6	2001	0	1	
475	103	14	6	3001	0	1	
476	103	18	6	2001	0	1	
477	103	19	6	8003	0	1	
478	103	20	6	3001	0	1	
479	103	21	6	4001	0	1	
480	103	2	7	4001	0	1	
481	103	3	7	1001	0	1	
482	103	4	7	3001	0	1	
483	103	5	7	2001	0	1	
484	103	6	7	3001	0	1	
485	103	7	7	3001	0	1	
486	103	8	7	4001	0	1	
487	103	9	7	10114	0	1	
488	103	10	7	3001	0	1	
489	103	11	7	3001	0	1	
490	103	12	7	3001	0	1	
491	103	13	7	3001	0	1	
492	103	14	7	6032	0	1	
493	103	18	7	3001	0	1	
494	103	19	7	2001	0	1	
495	103	20	7	3001	0	1	
496	103	21	7	4001	0	1	
497	103	18	8	2001	0	1	
498	103	19	8	2001	0	1	
499	103	20	8	3001	0	1	
500	103	21	8	4001	0	1	
501	103	4	9	4001	0	1	
502	103	5	9	1001	0	1	
503	103	6	9	3001	0	1	
504	103	7	9	3001	0	1	
505	103	8	9	3001	0	1	
506	103	9	9	3001	0	1	
507	103	10	9	4001	0	1	
508	103	11	9	3001	0	1	
509	103	12	9	3001	0	1	
510	103	13	9	4001	0	1	
511	103	18	9	1001	0	1	
512	103	19	9	3001	0	1	
513	103	20	9	2001	0	1	
514	103	21	9	4001	0	1	
515	103	5	10	4001	0	1	
516	103	6	10	2001	0	1	
517	103	7	10	2001	0	1	
518	103	8	10	2001	0	1	
519	103	9	10	3001	0	1	
520	103	10	10	4001	0	1	
521	103	11	10	3001	0	1	
522	103	12	10	3001	0	1	
523	103	13	10	6035	0	1	
524	103	14	10	4001	0	1	
525	103	5	11	4001	0	1	
526	103	6	11	3001	0	1	
527	103	7	11	2001	0	1	
528	103	8	11	3001	0	1	
529	103	9	11	4001	0	1	
530	103	10	11	2001	0	1	
531	103	11	11	2001	0	1	
532	103	12	11	3001	0	1	
533	103	13	11	3001	0	1	
534	103	14	11	4001	0	1	
535	103	20	11	1001	0	1	
536	103	21	11	5003	0	1	
537	103	22	11	6034	0	1	
538	103	4	12	4001	0	1	
539	103	5	12	4001	0	1	
540	103	6	12	3001	0	1	
541	103	7	12	2001	0	1	
542	103	8	12	4001	0	1	
543	103	9	12	4001	0	1	
544	103	10	12	3001	0	1	
545	103	11	12	2001	0	1	
546	103	12	12	3001	0	1	
547	103	13	12	3001	0	1	
548	103	14	12	4001	0	1	
549	103	20	12	4001	0	1	
550	103	21	12	2001	0	1	
551	103	22	12	2001	0	1	
552	103	4	13	4001	0	1	
553	103	5	13	3001	0	1	
554	103	6	13	2001	0	1	
555	103	7	13	4001	0	1	
556	103	8	13	3001	0	1	
557	103	9	13	3001	0	1	
558	103	10	13	3001	0	1	
559	103	11	13	2001	0	1	
560	103	12	13	4001	0	1	
561	103	20	13	4001	0	1	
562	103	21	13	4001	0	1	
563	103	22	13	2001	0	1	
564	103	5	14	4001	0	1	
565	103	6	14	3001	0	1	
566	103	7	14	2001	0	1	
567	103	8	14	2001	0	1	
568	103	9	14	2001	0	1	
569	103	10	14	2001	0	1	
570	103	11	14	3001	0	1	
571	103	12	14	2001	0	1	
572	103	13	14	4001	0	1	
573	103	14	14	4002	10201	1	
574	103	20	14	4001	0	1	
575	103	21	14	10116	0	1	
576	103	22	14	4001	0	1	
577	103	5	15	4001	0	1	
578	103	6	15	3001	0	1	
579	103	7	15	3001	0	1	
580	103	8	15	3001	0	1	
581	103	9	15	3001	0	1	
582	103	10	15	2001	0	1	
583	103	11	15	2001	0	1	
584	103	12	15	2001	0	1	
585	103	13	15	4001	0	1	
586	103	20	15	4003	10301	1	
587	103	21	15	4001	0	1	
588	103	22	15	4001	0	1	
589	103	17	17	1001	0	1	
590	103	18	17	1001	0	1	
591	103	19	17	1001	0	1	
592	103	17	18	1001	0	1	
593	103	18	18	9003	0	1	
594	103	19	18	1001	0	1	
595	103	4	19	4001	0	1	
596	103	5	19	2002	0	1	
597	103	6	19	3001	0	1	
598	103	7	19	3001	0	1	
599	103	8	19	2001	0	1	
600	103	10	19	1001	0	1	
601	103	11	19	1001	0	1	
602	103	12	19	2001	0	1	
603	103	13	19	2001	0	1	
604	103	14	19	4002	10127	1	
605	103	17	19	1001	0	1	
606	103	18	19	1001	0	1	
607	103	19	19	1001	0	1	
608	103	4	20	4001	0	1	
609	103	5	20	1001	0	1	
610	103	6	20	3001	0	1	
611	103	8	20	10102	0	1	
612	103	10	20	1001	0	1	
613	103	11	20	3001	0	1	
614	103	12	20	3001	0	1	
615	103	13	20	6002	0	1	
616	103	14	20	4001	0	1	
617	103	17	20	4001	10301	1	
618	103	18	20	1001	0	1	
619	103	19	20	1001	0	1	
620	103	4	21	4001	0	1	
621	103	5	21	2001	0	1	
622	103	6	21	3001	0	1	
623	103	7	21	3001	0	1	
624	103	8	21	6036	0	1	
625	103	10	21	1001	0	1	
626	103	11	21	2001	0	1	
627	103	12	21	2001	0	1	
628	103	13	21	3001	0	1	
629	103	14	21	4001	0	1	
630	103	10	22	3001	0	1	
631	103	11	22	10301	0	1	
632	103	12	22	3001	0	1	
633	103	13	22	3001	0	1	
634	103	14	22	4002	10105	1	
635	103	10	23	4001	0	1	
636	103	11	23	4001	0	1	
637	103	12	23	4001	0	1	
638	103	13	23	4001	0	1	
639	103	14	23	4001	0	1	
640	104	1	1	1001	0	4	
641	104	2	1	4003	0	4	
642	104	3	1	4003	0	4	
643	104	4	1	4003	0	4	
644	104	5	1	4003	0	4	
645	104	6	1	4003	0	4	
646	104	7	1	4003	10120	4	
647	104	13	1	4003	0	4	
648	104	14	1	4003	0	4	
649	104	15	1	4003	0	4	
650	104	16	1	4003	10107	4	
651	104	17	1	4003	0	4	
652	104	18	1	4003	0	4	
653	104	19	1	4003	0	4	
654	104	20	1	1001	0	4	
655	104	1	2	1001	0	4	
656	104	2	2	5004	0	4	
657	104	3	2	4003	0	4	
658	104	4	2	4003	0	4	
659	104	5	2	4003	0	4	
660	104	6	2	4003	0	4	
661	104	7	2	4003	0	4	
662	104	8	2	4003	0	4	
663	104	14	2	1001	0	4	
664	104	15	2	1001	0	4	
665	104	16	2	3001	0	4	
666	104	17	2	3001	0	4	
667	104	18	2	1001	0	4	
668	104	19	2	1001	0	4	
669	104	20	2	1001	0	4	
670	104	1	3	1001	0	4	
671	104	2	3	2001	0	4	
672	104	3	3	3001	0	4	
673	104	4	3	3001	0	4	
674	104	5	3	2001	0	4	
675	104	6	3	1001	0	4	
676	104	7	3	3001	0	4	
677	104	13	3	2001	0	4	
678	104	14	3	2001	0	4	
679	104	15	3	2001	0	4	
680	104	16	3	2001	0	4	
681	104	17	3	2001	0	4	
682	104	18	3	2001	0	4	
683	104	19	3	1001	0	4	
684	104	20	3	1001	0	4	
685	104	21	3	1001	0	4	
686	104	26	3	1001	0	4	
687	104	27	3	2001	0	4	
688	104	1	4	1001	0	4	
689	104	2	4	1001	0	4	
690	104	3	4	3001	0	4	
691	104	4	4	3001	0	4	
692	104	5	4	3001	0	4	
693	104	6	4	3001	0	4	
694	104	7	4	2001	0	4	
695	104	8	4	2102	0	4	
696	104	14	4	1001	0	4	
697	104	15	4	3001	0	4	
698	104	16	4	2001	0	4	
699	104	17	4	3001	0	4	
700	104	18	4	9004	0	4	
701	104	19	4	2001	0	4	
702	104	20	4	1001	0	4	
703	104	22	4	2101	0	4	
704	104	24	4	1001	0	4	
705	104	25	4	1001	0	4	
706	104	26	4	2001	0	4	
707	104	27	4	10301	0	4	
708	104	28	4	2001	0	4	
709	104	1	5	1001	0	4	
710	104	2	5	1001	0	4	
711	104	3	5	3001	0	4	
712	104	4	5	3001	0	4	
713	104	5	5	2001	0	4	
714	104	6	5	2001	0	4	
715	104	7	5	2001	0	4	
716	104	13	5	1001	0	4	
717	104	14	5	3001	0	4	
718	104	15	5	2001	0	4	
719	104	16	5	1001	0	4	
720	104	17	5	2001	0	4	
721	104	18	5	2001	0	4	
722	104	19	5	3001	0	4	
723	104	20	5	3001	0	4	
724	104	22	5	1001	0	4	
725	104	23	5	1001	0	4	
726	104	25	5	1001	0	4	
727	104	26	5	2001	0	4	
728	104	27	5	2001	0	4	
729	104	1	6	4005	0	5	
730	104	2	6	1001	0	4	
731	104	3	6	1001	0	4	
732	104	4	6	10130	0	4	
733	104	5	6	3001	0	4	
734	104	6	6	2001	0	4	
735	104	7	6	2001	0	4	
736	104	8	6	6007	0	4	
737	104	14	6	2001	0	4	
738	104	15	6	3001	0	4	
739	104	16	6	3001	0	4	
740	104	17	6	3001	0	4	
741	104	18	6	3001	0	4	
742	104	19	6	3001	0	4	
743	104	20	6	4003	3001	4	
744	104	1	7	4005	0	5	
745	104	2	7	4005	0	5	
746	104	3	7	4005	0	5	
747	104	4	7	4005	0	5	
748	104	5	7	4005	0	5	
749	104	6	7	4005	0	5	
750	104	7	7	4005	0	5	
751	104	13	7	10131	0	4	
752	104	14	7	3001	0	4	
753	104	15	7	6025	0	4	
754	104	16	7	3001	0	4	
755	104	17	7	2102	0	4	
756	104	18	7	3001	0	4	
757	104	19	7	4003	3001	4	
758	104	20	7	4003	10117	4	
759	104	1	8	1001	0	4	
760	104	2	8	2001	0	4	
761	104	3	8	2001	0	4	
762	104	4	8	1001	0	4	
763	104	5	8	1001	0	4	
764	104	6	8	1001	0	4	
765	104	7	8	1001	0	4	
766	104	8	8	1001	0	4	
767	104	14	8	4005	0	5	
768	104	15	8	4005	0	5	
769	104	16	8	4005	0	5	
770	104	17	8	4005	0	5	
771	104	18	8	4005	0	5	
772	104	19	8	4005	0	5	
773	104	20	8	4005	0	5	
774	104	1	9	1001	0	4	
775	104	2	9	3001	0	4	
776	104	3	9	2001	0	4	
777	104	4	9	3001	0	4	
778	104	5	9	3001	0	4	
779	104	6	9	3001	0	4	
780	104	7	9	1001	0	4	
781	104	13	9	4005	0	5	
782	104	14	9	10119	0	4	
783	104	15	9	3001	0	4	
784	104	16	9	10201	0	4	
785	104	17	9	1001	0	4	
786	104	18	9	1001	0	4	
787	104	19	9	1001	0	4	
788	104	20	9	6006	0	4	
789	104	1	10	1001	0	4	
790	104	2	10	3001	0	4	
791	104	3	10	2001	0	4	
792	104	4	10	2001	0	4	
793	104	5	10	3001	0	4	
794	104	6	10	3001	0	4	
795	104	7	10	2001	0	4	
796	104	8	10	2001	0	4	
797	104	14	10	2001	0	4	
798	104	15	10	2001	0	4	
799	104	16	10	2001	0	4	
800	104	17	10	1001	0	4	
801	104	18	10	3001	0	4	
802	104	19	10	3001	0	4	
803	104	20	10	1001	0	4	
804	104	1	11	2001	0	4	
805	104	2	11	3001	0	4	
806	104	3	11	2001	0	4	
807	104	4	11	3001	0	4	
808	104	5	11	3001	0	4	
809	104	6	11	3001	0	4	
810	104	7	11	2001	0	4	
811	104	13	11	2001	0	4	
812	104	14	11	3001	0	4	
813	104	15	11	3001	0	4	
814	104	16	11	3001	0	4	
815	104	17	11	3001	0	4	
816	104	18	11	2001	0	4	
817	104	19	11	3001	0	4	
818	104	20	11	1001	0	4	
819	104	21	11	1001	0	4	
820	104	22	11	1001	0	4	
821	104	1	12	1001	0	4	
822	104	2	12	2001	0	4	
823	104	3	12	3001	0	4	
824	104	4	12	3001	0	4	
825	104	5	12	3001	0	4	
826	104	6	12	3001	0	4	
827	104	7	12	1001	0	4	
828	104	8	12	6005	0	4	
829	104	14	12	2001	0	4	
830	104	15	12	3001	0	4	
831	104	16	12	3001	0	4	
832	104	17	12	2001	0	4	
833	104	18	12	2001	0	4	
834	104	19	12	3001	0	4	
835	104	20	12	3001	0	4	
836	104	21	12	1001	0	4	
837	104	22	12	1001	0	4	
838	104	23	12	2101	0	4	
839	104	24	12	2001	0	4	
840	104	25	12	10301	0	4	
841	104	1	13	4005	0	5	
842	104	2	13	4005	0	5	
843	104	3	13	4005	0	5	
844	104	4	13	4005	0	5	
845	104	5	13	4005	0	5	
846	104	6	13	4005	0	5	
847	104	7	13	4005	0	5	
848	104	13	13	1001	0	4	
849	104	14	13	1001	0	4	
850	104	15	13	3001	0	4	
851	104	16	13	3001	0	4	
852	104	17	13	3001	0	4	
853	104	18	13	2001	0	4	
854	104	19	13	3001	0	4	
855	104	20	13	1001	0	4	
856	104	23	13	2001	0	4	
857	104	24	13	10301	0	4	
858	104	25	13	1001	0	4	
859	104	1	14	1001	0	4	
860	104	2	14	1001	0	4	
861	104	3	14	1001	0	4	
862	104	4	14	2001	0	4	
863	104	5	14	8004	0	4	
864	104	6	14	1001	0	4	
865	104	7	14	1001	0	4	
866	104	8	14	4005	0	5	
867	104	14	14	1001	0	4	
868	104	15	14	1001	0	4	
869	104	16	14	3001	0	4	
870	104	17	14	3001	0	4	
871	104	18	14	2001	0	4	
872	104	19	14	1001	0	4	
873	104	20	14	1001	0	4	
874	104	24	14	2001	0	4	
875	104	25	14	1001	0	4	
876	104	1	15	1001	0	4	
877	104	2	15	1001	0	4	
878	104	3	15	3001	0	4	
879	104	4	15	2001	0	4	
880	104	5	15	1001	0	4	
881	104	6	15	2001	0	4	
882	104	7	15	2001	0	4	
883	104	13	15	1001	0	4	
884	104	14	15	4005	0	5	
885	104	15	15	4005	0	5	
886	104	16	15	4005	0	5	
887	104	17	15	4005	0	5	
888	104	18	15	4005	0	5	
889	104	19	15	4005	0	5	
890	104	20	15	4005	0	5	
891	104	1	16	1001	0	4	
892	104	2	16	3001	0	4	
893	104	3	16	1001	0	4	
894	104	4	16	2001	0	4	
895	104	5	16	3001	0	4	
896	104	6	16	3001	0	4	
897	104	7	16	2001	0	4	
898	104	8	16	6003	0	4	
899	104	14	16	4005	0	5	
900	104	15	16	1001	0	4	
901	104	16	16	3001	0	4	
902	104	17	16	3001	0	4	
903	104	18	16	3001	0	4	
904	104	19	16	3001	0	4	
905	104	20	16	6004	0	4	
906	104	23	16	1001	0	4	
907	104	1	17	3001	0	4	
908	104	2	17	3001	0	4	
909	104	3	17	3001	0	4	
910	104	4	17	3001	0	4	
911	104	5	17	2001	0	4	
912	104	6	17	3001	0	4	
913	104	7	17	3001	0	4	
914	104	13	17	1001	0	4	
915	104	14	17	1001	0	4	
916	104	15	17	2001	0	4	
917	104	16	17	2001	0	4	
918	104	17	17	3001	0	4	
919	104	18	17	3001	0	4	
920	104	19	17	3001	0	4	
921	104	20	17	1001	0	4	
922	104	22	17	1001	0	4	
923	104	23	17	1001	0	4	
924	104	25	17	2001	0	4	
925	104	26	17	1001	0	4	
926	104	1	18	1001	0	4	
927	104	2	18	3001	0	4	
928	104	3	18	1001	0	4	
929	104	4	18	3001	0	4	
930	104	5	18	1001	0	4	
931	104	6	18	2001	0	4	
932	104	7	18	3001	0	4	
933	104	8	18	1001	0	4	
934	104	13	18	1001	0	4	
935	104	14	18	1001	0	4	
936	104	15	18	3001	0	4	
937	104	16	18	2001	0	4	
938	104	17	18	3001	0	4	
939	104	18	18	3001	0	4	
940	104	19	18	3001	0	4	
941	104	20	18	3001	0	4	
942	104	21	18	1001	0	4	
943	104	22	18	1001	0	4	
944	104	24	18	1001	0	4	
945	104	25	18	2001	0	4	
946	104	26	18	10301	0	4	
947	104	27	18	2001	0	4	
948	104	1	19	3001	0	4	
949	104	2	19	3001	0	4	
950	104	3	19	2001	0	4	
951	104	4	19	2001	0	4	
952	104	5	19	3001	0	4	
953	104	6	19	3001	0	4	
954	104	7	19	1001	0	4	
955	104	13	19	1001	0	4	
956	104	14	19	1001	0	4	
957	104	15	19	3001	0	4	
958	104	16	19	3001	0	4	
959	104	17	19	3001	0	4	
960	104	18	19	2001	0	4	
961	104	19	19	1001	0	4	
962	104	20	19	1001	0	4	
963	104	24	19	2001	0	4	
964	104	25	19	10301	0	4	
965	104	26	19	2001	0	4	
966	104	1	20	2001	0	4	
967	104	2	20	2001	0	4	
968	104	3	20	1001	0	4	
969	104	4	20	3001	0	4	
970	104	5	20	2001	0	4	
971	104	6	20	2001	0	4	
972	104	7	20	3001	0	4	
973	104	8	20	1001	0	4	
974	104	14	20	1001	0	4	
975	104	15	20	1001	0	4	
976	104	16	20	1001	0	4	
977	104	17	20	3001	0	4	
978	104	18	20	2001	0	4	
979	104	19	20	1001	0	4	
980	104	20	20	1001	0	4	
981	105	1	1	1001	0	4	
982	105	2	1	1001	0	4	
983	105	3	1	2001	0	4	
984	105	4	1	5005	0	4	
985	105	5	1	1001	0	4	
986	105	6	1	2001	0	4	
987	105	7	1	1001	0	4	
988	105	8	1	4005	0	5	
989	105	9	1	1001	0	4	
990	105	10	1	1001	0	4	
991	105	11	1	1001	0	4	
992	105	12	1	1001	0	4	
993	105	13	1	4005	0	5	
994	105	14	1	4003	0	4	
995	105	15	1	4003	0	4	
996	105	16	1	1001	0	4	
997	105	17	1	4003	0	4	
998	105	18	1	4003	0	4	
999	105	19	1	4003	0	4	
1000	105	20	1	6029	0	4	
1001	105	1	2	1001	0	4	
1002	105	2	2	1001	0	4	
1003	105	3	2	3001	0	4	
1004	105	4	2	2001	0	4	
1005	105	5	2	3001	0	4	
1006	105	6	2	2001	0	4	
1007	105	7	2	1001	0	4	
1008	105	8	2	4005	0	5	
1009	105	9	2	4003	0	4	
1010	105	10	2	4003	0	4	
1011	105	11	2	4003	0	4	
1012	105	12	2	4003	0	4	
1013	105	13	2	4003	0	4	
1014	105	14	2	4005	0	5	
1015	105	15	2	1001	0	4	
1016	105	16	2	1001	0	4	
1017	105	17	2	1001	0	4	
1018	105	18	2	4003	0	4	
1019	105	19	2	1001	0	4	
1020	105	20	2	4003	0	4	
1021	105	1	3	3001	0	4	
1022	105	2	3	2001	0	4	
1023	105	3	3	3001	0	4	
1024	105	4	3	3001	0	4	
1025	105	5	3	2001	0	4	
1026	105	6	3	1001	0	4	
1027	105	7	3	3001	0	4	
1028	105	8	3	4005	0	5	
1029	105	9	3	4003	0	4	
1030	105	10	3	2001	0	4	
1031	105	11	3	2001	0	4	
1032	105	12	3	4003	0	4	
1033	105	13	3	2001	0	4	
1034	105	14	3	4005	0	5	
1035	105	15	3	2001	0	4	
1036	105	16	3	2001	0	4	
1037	105	17	3	2001	0	4	
1038	105	18	3	2001	0	4	
1039	105	19	3	1001	0	4	
1040	105	20	3	4003	0	4	
1041	105	1	4	1001	0	4	
1042	105	2	4	2001	0	4	
1043	105	3	4	3001	0	4	
1044	105	4	4	3001	0	4	
1045	105	5	4	3001	0	4	
1046	105	6	4	3001	0	4	
1047	105	7	4	2001	0	4	
1048	105	8	4	4005	0	5	
1049	105	9	4	2001	0	4	
1050	105	10	4	2001	0	4	
1051	105	11	4	2001	0	4	
1052	105	12	4	2001	0	4	
1053	105	13	4	4003	0	4	
1054	105	14	4	4005	0	5	
1055	105	15	4	3001	0	4	
1056	105	16	4	2001	0	4	
1057	105	17	4	2001	0	4	
1058	105	18	4	9005	0	4	
1059	105	19	4	2001	0	4	
1060	105	20	4	4003	0	4	
1061	105	1	5	1001	0	4	
1062	105	2	5	2001	0	4	
1063	105	3	5	3001	0	4	
1064	105	4	5	3001	0	4	
1065	105	5	5	2001	0	4	
1066	105	6	5	2001	0	4	
1067	105	7	5	2001	0	4	
1068	105	8	5	4005	0	5	
1069	105	9	5	4003	0	4	
1070	105	10	5	2001	0	4	
1071	105	11	5	10301	0	4	
1072	105	12	5	4003	0	4	
1073	105	13	5	4005	0	5	
1074	105	14	5	3001	0	4	
1075	105	15	5	2001	0	4	
1076	105	16	5	2001	0	4	
1077	105	17	5	2001	0	4	
1078	105	18	5	2001	0	4	
1079	105	19	5	4003	0	4	
1080	105	20	5	4003	0	4	
1081	105	1	6	4005	0	5	
1082	105	2	6	1001	0	4	
1083	105	3	6	1001	0	4	
1084	105	4	6	3001	0	4	
1085	105	5	6	3001	0	4	
1086	105	6	6	2001	0	4	
1087	105	7	6	2001	0	4	
1088	105	8	6	6012	0	4	
1089	105	9	6	4005	0	5	
1090	105	10	6	4003	0	4	
1091	105	11	6	2001	0	4	
1092	105	12	6	2001	0	4	
1093	105	13	6	4003	0	4	
1094	105	14	6	4005	0	5	
1095	105	15	6	3001	0	4	
1096	105	16	6	3001	0	4	
1097	105	17	6	1001	0	4	
1098	105	18	6	3001	0	4	
1099	105	19	6	4003	0	4	
1100	105	20	6	3001	0	4	
1101	105	1	7	4005	0	5	
1102	105	2	7	4005	0	5	
1103	105	3	7	4005	0	5	
1104	105	4	7	4005	0	5	
1105	105	5	7	4005	0	5	
1106	105	6	7	4005	0	5	
1107	105	7	7	4005	0	5	
1108	105	8	7	4005	0	5	
1109	105	9	7	2001	0	4	
1110	105	10	7	2001	0	4	
1111	105	11	7	3001	0	4	
1112	105	12	7	2001	0	4	
1113	105	13	7	4003	0	4	
1114	105	14	7	4005	0	5	
1115	105	15	7	1001	0	4	
1116	105	16	7	4003	0	4	
1117	105	17	7	3001	0	4	
1118	105	18	7	4003	0	4	
1119	105	19	7	3001	0	4	
1120	105	20	7	3001	0	4	
1121	105	1	8	6011	0	4	
1122	105	2	8	2001	0	4	
1123	105	3	8	2001	0	4	
1124	105	4	8	4003	0	4	
1125	105	5	8	4003	0	4	
1126	105	6	8	4003	0	4	
1127	105	7	8	4003	0	4	
1128	105	8	8	4003	0	4	
1129	105	9	8	4005	0	5	
1130	105	10	8	4003	0	4	
1131	105	11	8	3001	0	4	
1132	105	12	8	3001	0	4	
1133	105	13	8	4003	0	4	
1134	105	14	8	4005	0	5	
1135	105	15	8	4005	0	5	
1136	105	16	8	4005	0	5	
1137	105	17	8	4005	0	5	
1138	105	18	8	4005	0	5	
1139	105	19	8	4005	0	5	
1140	105	20	8	4005	0	5	
1141	105	1	9	1001	0	4	
1142	105	2	9	3001	0	4	
1143	105	3	9	2001	0	4	
1144	105	4	9	3001	0	4	
1145	105	5	9	3001	0	4	
1146	105	6	9	3001	0	4	
1147	105	7	9	10301	0	4	
1148	105	8	9	4005	0	5	
1149	105	9	9	3001	0	4	
1150	105	10	9	3001	0	4	
1151	105	11	9	10111	0	4	
1152	105	12	9	3001	0	4	
1153	105	13	9	4005	0	5	
1154	105	14	9	1001	0	4	
1155	105	15	9	3001	0	4	
1156	105	16	9	4003	0	4	
1157	105	17	9	4003	0	4	
1158	105	18	9	4003	0	4	
1159	105	19	9	1001	0	4	
1160	105	20	9	6010	0	4	
1161	105	1	10	1001	0	4	
1162	105	2	10	3001	0	4	
1163	105	3	10	2001	0	4	
1164	105	4	10	2001	0	4	
1165	105	5	10	3001	0	4	
1166	105	6	10	3001	0	4	
1167	105	7	10	2001	0	4	
1168	105	8	10	2001	0	4	
1169	105	9	10	4005	0	5	
1170	105	10	10	3001	0	4	
1171	105	11	10	4003	0	4	
1172	105	12	10	3001	0	4	
1173	105	13	10	4005	0	5	
1174	105	14	10	2001	0	4	
1175	105	15	10	2001	0	4	
1176	105	16	10	2001	0	4	
1177	105	17	10	1001	0	4	
1178	105	18	10	3001	0	4	
1179	105	19	10	3001	0	4	
1180	105	20	10	1001	0	4	
1181	105	1	11	2001	0	4	
1182	105	2	11	3001	0	4	
1183	105	3	11	2001	0	4	
1184	105	4	11	3001	0	4	
1185	105	5	11	3001	0	4	
1186	105	6	11	3001	0	4	
1187	105	7	11	2001	0	4	
1188	105	8	11	4005	0	5	
1189	105	9	11	4003	0	4	
1190	105	10	11	4003	0	4	
1191	105	11	11	4003	0	4	
1192	105	12	11	4005	0	5	
1193	105	13	11	2001	0	4	
1194	105	14	11	3001	0	4	
1195	105	15	11	3001	0	4	
1196	105	16	11	3001	0	4	
1197	105	17	11	3001	0	4	
1198	105	18	11	2001	0	4	
1199	105	19	11	3001	0	4	
1200	105	20	11	1001	0	4	
1201	105	1	12	10122	0	4	
1202	105	2	12	2001	0	4	
1203	105	3	12	3001	0	4	
1204	105	4	12	3001	0	4	
1205	105	5	12	3001	0	4	
1206	105	6	12	3001	0	4	
1207	105	7	12	1001	0	4	
1208	105	8	12	4005	0	5	
1209	105	9	12	1001	0	4	
1210	105	10	12	10301	0	4	
1211	105	11	12	1001	0	4	
1212	105	12	12	4003	0	4	
1213	105	13	12	4005	0	5	
1214	105	14	12	2001	0	4	
1215	105	15	12	3001	0	4	
1216	105	16	12	3001	0	4	
1217	105	17	12	2001	0	4	
1218	105	18	12	10301	0	4	
1219	105	19	12	3001	0	4	
1220	105	20	12	3001	0	4	
1221	105	1	13	4005	0	5	
1222	105	2	13	4005	0	5	
1223	105	3	13	4005	0	5	
1224	105	4	13	4005	0	5	
1225	105	5	13	4005	0	5	
1226	105	6	13	4005	0	5	
1227	105	7	13	4005	0	5	
1228	105	8	13	1001	0	4	
1229	105	9	13	1001	0	4	
1230	105	10	13	4003	0	4	
1231	105	11	13	1001	0	4	
1232	105	12	13	4005	0	5	
1233	105	13	13	1001	0	4	
1234	105	14	13	1001	0	4	
1235	105	15	13	3001	0	4	
1236	105	16	13	3001	0	4	
1237	105	17	13	3001	0	4	
1238	105	18	13	2001	0	4	
1239	105	19	13	3001	0	4	
1240	105	20	13	1001	0	4	
1241	105	1	14	1001	0	4	
1242	105	2	14	1001	0	4	
1243	105	3	14	1001	0	4	
1244	105	4	14	2001	0	4	
1245	105	5	14	1001	0	4	
1246	105	6	14	10301	0	4	
1247	105	7	14	8005	0	4	
1248	105	8	14	4005	0	5	
1249	105	9	14	1001	0	4	
1250	105	10	14	4003	0	4	
1251	105	11	14	4003	0	4	
1252	105	12	14	1001	0	4	
1253	105	13	14	4005	0	5	
1254	105	14	14	1001	0	4	
1255	105	15	14	1001	0	4	
1256	105	16	14	3001	0	4	
1257	105	17	14	3001	0	4	
1258	105	18	14	2001	0	4	
1259	105	19	14	1001	0	4	
1260	105	20	14	10132	0	4	
1261	105	1	15	1001	0	4	
1262	105	2	15	1001	0	4	
1263	105	3	15	3001	0	4	
1264	105	4	15	2001	0	4	
1265	105	5	15	1001	0	4	
1266	105	6	15	2001	0	4	
1267	105	7	15	2001	0	4	
1268	105	8	15	4005	0	5	
1269	105	9	15	4003	0	4	
1270	105	10	15	1001	0	4	
1271	105	11	15	4003	0	4	
1272	105	12	15	1001	0	4	
1273	105	13	15	4005	0	5	
1274	105	14	15	4005	0	5	
1275	105	15	15	4005	0	5	
1276	105	16	15	4005	0	5	
1277	105	17	15	4005	0	5	
1278	105	18	15	4005	0	5	
1279	105	19	15	4005	0	5	
1280	105	20	15	4005	0	5	
1281	105	1	16	1001	0	4	
1282	105	2	16	3001	0	4	
1283	105	3	16	3001	0	4	
1284	105	4	16	2001	0	4	
1285	105	5	16	3001	0	4	
1286	105	6	16	1001	0	4	
1287	105	7	16	2001	0	4	
1288	105	8	16	1001	0	4	
1289	105	9	16	4005	0	5	
1290	105	10	16	4005	0	5	
1291	105	11	16	4005	0	5	
1292	105	12	16	4005	0	5	
1293	105	13	16	4005	0	5	
1294	105	14	16	4005	0	5	
1295	105	15	16	10121	0	4	
1296	105	16	16	3001	0	4	
1297	105	17	16	3001	0	4	
1298	105	18	16	3001	0	4	
1299	105	19	16	3001	0	4	
1300	105	20	16	6009	0	4	
1301	105	1	17	3001	0	4	
1302	105	2	17	3001	0	4	
1303	105	3	17	3001	0	4	
1304	105	4	17	3001	0	4	
1305	105	5	17	2001	0	4	
1306	105	6	17	3001	0	4	
1307	105	7	17	1001	0	4	
1308	105	8	17	1001	0	4	
1309	105	9	17	3001	0	4	
1310	105	10	17	2001	0	4	
1311	105	11	17	2001	0	4	
1312	105	12	17	1001	0	4	
1313	105	13	17	3001	0	4	
1314	105	14	17	4005	0	5	
1315	105	15	17	2001	0	4	
1316	105	16	17	2001	0	4	
1317	105	17	17	3001	0	4	
1318	105	18	17	3001	0	4	
1319	105	19	17	3001	0	4	
1320	105	20	17	1001	0	4	
1321	105	1	18	1001	0	4	
1322	105	2	18	3001	0	4	
1323	105	3	18	3001	0	4	
1324	105	4	18	3001	0	4	
1325	105	5	18	2001	0	4	
1326	105	6	18	2001	0	4	
1327	105	7	18	3001	0	4	
1328	105	8	18	2001	0	4	
1329	105	9	18	2001	0	4	
1330	105	10	18	3001	0	4	
1331	105	11	18	2001	0	4	
1332	105	12	18	3001	0	4	
1333	105	13	18	6008	0	4	
1334	105	14	18	3001	0	4	
1335	105	15	18	4005	0	5	
1336	105	16	18	2001	0	4	
1337	105	17	18	3001	0	4	
1338	105	18	18	3001	0	4	
1339	105	19	18	3001	0	4	
1340	105	20	18	3001	0	4	
1341	105	1	19	3001	0	4	
1342	105	2	19	3001	0	4	
1343	105	3	19	2001	0	4	
1344	105	4	19	2001	0	4	
1345	105	5	19	3001	0	4	
1346	105	6	19	3001	0	4	
1347	105	7	19	1001	0	4	
1348	105	8	19	3001	0	4	
1349	105	9	19	3001	0	4	
1350	105	10	19	1001	0	4	
1351	105	11	19	3001	0	4	
1352	105	12	19	3001	0	4	
1353	105	13	19	3001	0	4	
1354	105	14	19	2001	0	4	
1355	105	15	19	4005	0	5	
1356	105	16	19	3001	0	4	
1357	105	17	19	3001	0	4	
1358	105	18	19	2001	0	4	
1359	105	19	19	1001	0	4	
1360	105	20	19	1001	0	4	
1361	105	1	20	10124	0	4	
1362	105	2	20	2001	0	4	
1363	105	3	20	2001	0	4	
1364	105	4	20	3001	0	4	
1365	105	5	20	2001	0	4	
1366	105	6	20	2001	0	4	
1367	105	7	20	3001	0	4	
1368	105	8	20	2001	0	4	
1369	105	9	20	3001	0	4	
1370	105	10	20	2001	0	4	
1371	105	11	20	3001	0	4	
1372	105	12	20	3001	0	4	
1373	105	13	20	2001	0	4	
1374	105	14	20	3001	0	4	
1375	105	15	20	1001	0	4	
1376	105	16	20	4005	0	5	
1377	105	17	20	3001	0	4	
1378	105	18	20	2001	0	4	
1379	105	19	20	10301	0	4	
1380	105	20	20	1001	0	4	
1381	106	21	2	2001	0	2	
1382	106	22	2	4004	0	2	
1383	106	23	2	4004	0	2	
1384	106	24	2	4002	2002	2	
1385	106	25	2	4003	0	2	
1386	106	17	3	4007	10301	2	
1387	106	18	3	3001	0	2	
1388	106	19	3	3001	0	2	
1389	106	20	3	2001	0	2	
1390	106	21	3	6045	0	2	
1391	106	3	4	1001	0	2	
1392	106	4	4	2001	0	2	
1393	106	5	4	2001	0	2	
1394	106	6	4	3001	0	2	
1395	106	8	4	10301	0	2	
1396	106	19	4	2001	0	2	
1397	106	20	4	1001	0	2	
1398	106	21	4	3001	0	2	
1399	106	22	4	2001	0	2	
1400	106	23	4	1001	0	2	
1401	106	5	5	1001	0	2	
1402	106	6	5	3001	0	2	
1403	106	7	5	2001	0	2	
1404	106	21	5	2001	0	2	
1405	106	22	5	4006	0	2	
1406	106	23	5	2001	0	2	
1407	106	24	5	2001	0	2	
1408	106	25	5	6046	0	2	
1409	106	3	6	1001	0	2	
1410	106	4	6	2001	0	2	
1411	106	5	6	2001	0	2	
1412	106	6	6	1001	0	2	
1413	106	17	6	3001	0	2	
1414	106	18	6	3001	0	2	
1415	106	21	6	6044	0	2	
1416	106	22	6	2001	0	2	
1417	106	23	6	4006	0	2	
1418	106	24	6	3001	0	2	
1419	106	25	6	2001	0	2	
1420	106	1	7	3001	0	2	
1421	106	2	7	2001	0	2	
1422	106	3	7	4004	0	2	
1423	106	4	7	3001	0	2	
1424	106	5	7	3001	0	2	
1425	106	16	7	1001	0	2	
1426	106	19	7	2001	0	2	
1427	106	20	7	1001	0	2	
1428	106	21	7	2001	0	2	
1429	106	24	7	4001	0	2	
1430	106	3	8	1001	0	2	
1431	106	4	8	4004	0	2	
1432	106	5	8	6037	0	2	
1433	106	6	8	3001	0	2	
1434	106	16	8	3001	0	2	
1435	106	24	8	2001	0	2	
1436	106	2	9	4004	0	2	
1437	106	3	9	2001	0	2	
1438	106	16	9	3001	0	2	
1439	106	24	9	2001	0	2	
1440	106	2	10	4004	0	2	
1441	106	3	10	1001	0	2	
1442	106	4	10	3001	0	2	
1443	106	5	10	3001	0	2	
1444	106	6	10	3001	0	2	
1445	106	10	10	4006	0	2	
1446	106	11	10	4007	10125	2	
1447	106	12	10	4006	0	2	
1448	106	13	10	3001	0	2	
1449	106	14	10	3001	0	2	
1450	106	15	10	2001	0	2	
1451	106	16	10	6038	0	2	
1452	106	17	10	1001	0	2	
1453	106	1	11	4001	0	2	
1454	106	4	11	6043	0	2	
1455	106	5	11	2001	0	2	
1456	106	6	11	3001	0	2	
1457	106	7	11	4002	10110	2	
1458	106	9	11	4006	0	2	
1459	106	16	11	1001	0	2	
1460	106	24	11	1001	0	2	
1461	106	4	12	2001	0	2	
1462	106	5	12	2001	0	2	
1463	106	6	12	2001	0	2	
1464	106	10	12	3001	0	2	
1465	106	12	12	1001	0	2	
1466	106	13	12	1001	0	2	
1467	106	14	12	1001	0	2	
1468	106	15	12	1001	0	2	
1469	106	17	12	2001	0	2	
1470	106	22	12	2001	0	2	
1471	106	23	12	2001	0	2	
1472	106	24	12	3001	0	2	
1473	106	2	13	4006	0	2	
1474	106	9	13	3001	0	2	
1475	106	11	13	1001	0	2	
1476	106	12	13	9006	0	2	
1477	106	13	13	1001	0	2	
1478	106	14	13	1001	0	2	
1479	106	16	13	1001	0	2	
1480	106	21	13	3001	0	2	
1481	106	3	14	4004	0	2	
1482	106	4	14	3001	0	2	
1483	106	5	14	4004	0	2	
1484	106	6	14	1001	0	2	
1485	106	10	14	1001	0	2	
1486	106	12	14	1001	0	2	
1487	106	13	14	1001	0	2	
1488	106	14	14	1001	0	2	
1489	106	15	14	1001	0	2	
1490	106	17	14	2001	0	2	
1491	106	22	14	1001	0	2	
1492	106	23	14	3001	0	2	
1493	106	24	14	2001	0	2	
1494	106	25	14	4004	10118	2	
1495	106	2	15	6048	0	2	
1496	106	3	15	2001	0	2	
1497	106	4	15	4004	0	2	
1498	106	5	15	3001	0	2	
1499	106	9	15	3001	0	2	
1500	106	11	15	1001	0	2	
1501	106	12	15	1001	0	2	
1502	106	13	15	1001	0	2	
1503	106	14	15	1001	0	2	
1504	106	16	15	2001	0	2	
1505	106	21	15	1001	0	2	
1506	106	22	15	2001	0	2	
1507	106	23	15	2001	0	2	
1508	106	24	15	4004	0	2	
1509	106	3	16	2001	0	2	
1510	106	4	16	4004	0	2	
1511	106	5	16	2001	0	2	
1512	106	6	16	10301	0	2	
1513	106	10	16	3001	0	2	
1514	106	16	16	4006	0	2	
1515	106	22	16	2001	0	2	
1516	106	23	16	3001	0	2	
1517	106	24	16	4004	0	2	
1518	106	25	16	4003	0	2	
1519	106	2	17	3001	0	2	
1520	106	3	17	2001	0	2	
1521	106	4	17	4004	10123	2	
1522	106	5	17	4004	0	2	
1523	106	9	17	3001	0	2	
1524	106	10	17	6040	0	2	
1525	106	11	17	2001	0	2	
1526	106	12	17	2001	0	2	
1527	106	13	17	2001	0	2	
1528	106	14	17	2001	0	2	
1529	106	15	17	4006	0	2	
1530	106	16	17	4001	0	2	
1531	106	23	17	8006	0	2	
1532	106	24	17	4004	0	2	
1533	106	25	17	4004	0	2	
1534	106	26	17	5005	0	2	
1535	106	3	18	2001	0	2	
1536	106	4	18	3001	0	2	
1537	106	5	18	3001	0	2	
1538	106	6	18	2001	0	2	
1539	106	10	18	2001	0	2	
1540	106	22	18	6047	0	2	
1541	106	23	18	3001	0	2	
1542	106	24	18	2001	0	2	
1543	106	25	18	3001	0	2	
1544	106	2	19	6049	0	2	
1545	106	3	19	4004	0	2	
1546	106	4	19	4004	0	2	
1547	106	5	19	2001	0	2	
1548	106	9	19	1001	0	2	
1549	106	23	19	2001	0	2	
1550	106	24	19	3001	0	2	
1551	106	25	19	6039	0	2	
1552	106	3	20	10129	0	2	
1553	106	4	20	3001	0	2	
1554	106	5	20	2001	0	2	
1555	106	6	20	1001	0	2	
1556	106	9	20	1001	0	2	
1557	106	17	20	6050	0	2	
1558	106	18	20	3001	0	2	
1559	106	19	20	3001	0	2	
1560	106	20	20	3001	0	2	
1561	106	26	20	1001	0	2	
1562	106	2	21	4004	0	2	
1563	106	3	21	4004	0	2	
1564	106	4	21	4004	0	2	
1565	106	5	21	4004	0	2	
1566	106	8	21	2001	0	2	
1567	106	17	21	3001	0	2	
1568	106	18	21	3001	0	2	
1569	106	19	21	2001	0	2	
1570	106	20	21	2001	0	2	
1571	106	3	22	4004	0	2	
1572	106	5	22	2001	0	2	
1573	106	6	22	3001	0	2	
1574	106	17	22	3001	0	2	
1575	106	18	22	1001	0	2	
1576	106	19	22	2001	0	2	
1577	106	20	22	4004	0	2	
1578	106	2	23	4004	0	2	
1579	106	4	23	6041	0	2	
1580	106	5	23	2001	0	2	
1581	106	6	23	2001	0	2	
1582	106	16	23	3001	0	2	
1583	106	17	23	3001	0	2	
1584	106	18	23	1001	0	2	
1585	106	19	23	4004	0	2	
1586	106	17	24	4004	0	2	
1587	106	18	24	4004	0	2	
1588	106	19	24	4004	0	2	
1589	106	20	24	4002	6042	2	
1590	107	3	2	2002	0	2	
1591	107	4	2	1001	0	2	
1592	107	5	2	3001	0	2	
1593	107	7	2	2002	0	2	
1594	107	8	2	2002	0	2	
1595	107	10	2	2002	0	2	
1596	107	11	2	2002	0	2	
1597	107	12	2	1001	0	2	
1598	107	13	2	3001	0	2	
1599	107	14	2	3001	0	2	
1600	107	15	2	3001	0	2	
1601	107	16	2	1001	0	2	
1602	107	17	2	4004	0	2	
1603	107	18	2	2002	0	2	
1604	107	19	2	1001	0	2	
1605	107	21	2	2002	0	2	
1606	107	23	2	1001	0	2	
1607	107	24	2	2002	0	2	
1608	107	25	2	2002	0	2	
1609	107	5	3	1001	0	2	
1610	107	8	3	1001	0	2	
1611	107	15	3	1001	0	2	
1612	107	16	3	1001	0	2	
1613	107	18	3	3001	0	2	
1614	107	19	3	3001	0	2	
1615	107	20	3	1001	0	2	
1616	107	22	3	4004	0	2	
1617	107	3	4	2002	0	2	
1618	107	4	4	1001	0	2	
1619	107	5	4	1001	0	2	
1620	107	6	4	3001	0	2	
1621	107	7	4	4004	0	2	
1622	107	8	4	1001	0	2	
1623	107	9	4	3001	0	2	
1624	107	10	4	1001	0	2	
1625	107	11	4	2002	0	2	
1626	107	12	4	3001	0	2	
1627	107	13	4	1001	0	2	
1628	107	15	4	3001	0	2	
1629	107	16	4	3001	0	2	
1630	107	22	4	1001	0	2	
1631	107	23	4	1001	0	2	
1632	107	25	4	2002	0	2	
1633	107	6	5	1001	0	2	
1634	107	9	5	3001	0	2	
1635	107	10	5	2002	0	2	
1636	107	11	5	3001	0	2	
1637	107	12	5	1001	0	2	
1638	107	13	5	4004	0	2	
1639	107	15	5	2002	0	2	
1640	107	18	5	1001	0	2	
1641	107	19	5	3001	0	2	
1642	107	20	5	1001	0	2	
1643	107	21	5	3001	0	2	
1644	107	22	5	1001	0	2	
1645	107	24	5	3001	0	2	
1646	107	25	5	2002	0	2	
1647	107	3	6	1001	0	2	
1648	107	4	6	1001	0	2	
1649	107	5	6	3001	0	2	
1650	107	6	6	1001	0	2	
1651	107	7	6	4001	0	2	
1652	107	9	6	1001	0	2	
1653	107	10	6	2002	0	2	
1654	107	11	6	2002	0	2	
1655	107	14	6	1001	0	2	
1656	107	15	6	3001	0	2	
1657	107	16	6	3001	0	2	
1658	107	17	6	3001	0	2	
1659	107	18	6	1001	0	2	
1660	107	19	6	3001	0	2	
1661	107	20	6	1001	0	2	
1662	107	21	6	3001	0	2	
1663	107	22	6	4004	0	2	
1664	107	24	6	1001	0	2	
1665	107	25	6	3001	0	2	
1666	107	2	7	2002	0	2	
1667	107	4	7	1001	0	2	
1668	107	5	7	1001	0	2	
1669	107	7	7	1001	0	2	
1670	107	9	7	4004	0	2	
1671	107	10	7	1001	0	2	
1672	107	11	7	3001	0	2	
1673	107	12	7	2002	0	2	
1674	107	14	7	1001	0	2	
1675	107	15	7	2002	0	2	
1676	107	16	7	2002	0	2	
1677	107	17	7	3001	0	2	
1678	107	18	7	1001	0	2	
1679	107	22	7	1001	0	2	
1680	107	23	7	1001	0	2	
1681	107	24	7	3001	0	2	
1682	107	25	7	8007	0	2	
1683	107	3	8	1001	0	2	
1684	107	5	8	3001	0	2	
1685	107	7	8	3001	0	2	
1686	107	9	8	1001	0	2	
1687	107	14	8	2002	0	2	
1688	107	20	8	1001	0	2	
1689	107	21	8	2002	0	2	
1690	107	22	8	1001	0	2	
1691	107	23	8	3001	0	2	
1692	107	24	8	1001	0	2	
1693	107	25	8	1001	0	2	
1694	107	2	9	2002	0	2	
1695	107	4	9	1001	0	2	
1696	107	5	9	1001	0	2	
1697	107	7	9	3001	0	2	
1698	107	9	9	2002	0	2	
1699	107	10	9	3001	0	2	
1700	107	11	9	2002	0	2	
1701	107	12	9	1001	0	2	
1702	107	13	9	3001	0	2	
1703	107	14	9	1001	0	2	
1704	107	16	9	1001	0	2	
1705	107	17	9	3001	0	2	
1706	107	18	9	3001	0	2	
1707	107	19	9	4004	0	2	
1708	107	20	9	3001	0	2	
1709	107	24	9	3001	0	2	
1710	107	25	9	1001	0	2	
1711	107	3	10	2002	0	2	
1712	107	5	10	2002	0	2	
1713	107	7	10	3001	0	2	
1714	107	10	10	3001	0	2	
1715	107	11	10	1001	0	2	
1716	107	17	10	1001	0	2	
1717	107	19	10	3001	0	2	
1718	107	22	10	2002	0	2	
1719	107	24	10	1001	0	2	
1720	107	25	10	3001	0	2	
1721	107	4	11	2002	0	2	
1722	107	5	11	1001	0	2	
1723	107	7	11	3001	0	2	
1724	107	9	11	4004	0	2	
1725	107	13	11	2002	0	2	
1726	107	14	11	2002	0	2	
1727	107	15	11	10103	0	2	
1728	107	17	11	2002	0	2	
1729	107	19	11	1001	0	2	
1730	107	21	11	10128	0	2	
1731	107	22	11	2002	0	2	
1732	107	23	11	3001	0	2	
1733	107	24	11	3001	0	2	
1734	107	25	11	2001	0	2	
1735	107	3	12	1001	0	2	
1736	107	4	12	3001	0	2	
1737	107	5	12	1001	0	2	
1738	107	7	12	1001	0	2	
1739	107	9	12	1001	0	2	
1740	107	10	12	3001	0	2	
1741	107	11	12	1001	0	2	
1742	107	13	12	2002	0	2	
1743	107	14	12	9007	0	2	
1744	107	15	12	2002	0	2	
1745	107	17	12	2002	0	2	
1746	107	19	12	2002	0	2	
1747	107	4	13	2002	0	2	
1748	107	5	13	1001	0	2	
1749	107	7	13	3001	0	2	
1750	107	9	13	2002	0	2	
1751	107	10	13	1001	0	2	
1752	107	11	13	3001	0	2	
1753	107	13	13	2002	0	2	
1754	107	14	13	2002	0	2	
1755	107	15	13	2002	0	2	
1756	107	20	13	1001	0	2	
1757	107	22	13	3001	0	2	
1758	107	23	13	1001	0	2	
1759	107	24	13	2002	0	2	
1760	107	25	13	1001	0	2	
1761	107	3	14	2002	0	2	
1762	107	4	14	1001	0	2	
1763	107	5	14	2002	0	2	
1764	107	7	14	3001	0	2	
1765	107	9	14	1001	0	2	
1766	107	14	14	4001	0	2	
1767	107	17	14	3001	0	2	
1768	107	18	14	1001	0	2	
1769	107	19	14	4001	0	2	
1770	107	20	14	3001	0	2	
1771	107	24	14	3001	0	2	
1772	107	25	14	1001	0	2	
1773	107	2	15	2002	0	2	
1774	107	7	15	3001	0	2	
1775	107	9	15	2002	0	2	
1776	107	11	15	1001	0	2	
1777	107	12	15	3001	0	2	
1778	107	14	15	3001	0	2	
1779	107	15	15	2002	0	2	
1780	107	18	15	3001	0	2	
1781	107	20	15	2002	0	2	
1782	107	22	15	2002	0	2	
1783	107	24	15	1001	0	2	
1784	107	25	15	2002	0	2	
1785	107	3	16	1001	0	2	
1786	107	4	16	3001	0	2	
1787	107	5	16	3001	0	2	
1788	107	7	16	1001	0	2	
1789	107	9	16	1001	0	2	
1790	107	11	16	2002	0	2	
1791	107	12	16	3001	0	2	
1792	107	13	16	2002	0	2	
1793	107	14	16	1001	0	2	
1794	107	15	16	3001	0	2	
1795	107	16	16	1001	0	2	
1796	107	18	16	2002	0	2	
1797	107	20	16	3001	0	2	
1798	107	22	16	2002	0	2	
1799	107	24	16	2002	0	2	
1800	107	25	16	3001	0	2	
1801	107	3	17	3001	0	2	
1802	107	4	17	2002	0	2	
1803	107	5	17	2002	0	2	
1804	107	7	17	1001	0	2	
1805	107	8	17	4001	0	2	
1806	107	9	17	3001	0	2	
1807	107	11	17	4001	0	2	
1808	107	18	17	1001	0	2	
1809	107	20	17	1001	0	2	
1810	107	22	17	1001	0	2	
1811	107	24	17	2002	0	2	
1812	107	25	17	1001	0	2	
1813	107	9	18	1001	0	2	
1814	107	11	18	3001	0	2	
1815	107	12	18	1001	0	2	
1816	107	13	18	3001	0	2	
1817	107	14	18	1001	0	2	
1818	107	15	18	3001	0	2	
1819	107	16	18	3001	0	2	
1820	107	17	18	2002	0	2	
1821	107	18	18	3001	0	2	
1822	107	20	18	2002	0	2	
1823	107	22	18	1001	0	2	
1824	107	24	18	1001	0	2	
1825	107	25	18	2002	0	2	
1826	107	2	19	1001	0	2	
1827	107	3	19	1001	0	2	
1828	107	4	19	1001	0	2	
1829	107	5	19	2002	0	2	
1830	107	7	19	1001	0	2	
1831	107	9	19	3001	0	2	
1832	107	14	19	2002	0	2	
1833	107	15	19	1001	0	2	
1834	107	16	19	2002	0	2	
1835	107	17	19	1001	0	2	
1836	107	20	19	2002	0	2	
1837	107	22	19	4004	0	2	
1838	107	24	19	3001	0	2	
1839	107	25	19	1001	0	2	
1840	107	3	20	3001	0	2	
1841	107	4	20	4004	0	2	
1842	107	5	20	3001	0	2	
1843	107	6	20	1001	0	2	
1844	107	7	20	4004	0	2	
1845	107	9	20	1001	0	2	
1846	107	10	20	1001	0	2	
1847	107	11	20	1001	0	2	
1848	107	12	20	4001	0	2	
1849	107	14	20	2002	0	2	
1850	107	15	20	3001	0	2	
1851	107	19	20	1001	0	2	
1852	107	20	20	4001	0	2	
1853	107	22	20	3001	0	2	
1854	107	23	20	1001	0	2	
1855	107	24	20	4004	0	2	
1856	107	25	20	1001	0	2	
1857	107	2	21	3001	0	2	
1858	107	3	21	3001	0	2	
1859	107	7	21	1001	0	2	
1860	107	9	21	3001	0	2	
1861	107	12	21	1001	0	2	
1862	107	14	21	3001	0	2	
1863	107	15	21	2002	0	2	
1864	107	17	21	1001	0	2	
1865	107	18	21	3001	0	2	
1866	107	19	21	2002	0	2	
1867	107	20	21	1001	0	2	
1868	107	21	21	1001	0	2	
1869	107	22	21	2002	0	2	
1870	107	23	21	3001	0	2	
1871	107	3	22	1001	0	2	
1872	107	5	22	2002	0	2	
1873	107	6	22	2002	0	2	
1874	107	8	22	1001	0	2	
1875	107	9	22	4004	0	2	
1876	107	10	22	3001	0	2	
1877	107	12	22	1001	0	2	
1878	107	17	22	1001	0	2	
1879	107	18	22	3001	0	2	
1880	107	19	22	1001	0	2	
1881	107	20	22	1001	0	2	
1882	107	21	22	3001	0	2	
1883	107	22	22	1001	0	2	
1884	107	23	22	4004	0	2	
1885	107	24	22	1001	0	2	
1886	107	25	22	3001	0	2	
1887	107	2	23	2002	0	2	
1888	107	3	23	2002	0	2	
1889	107	5	23	2002	0	2	
1890	107	10	23	4004	0	2	
1891	107	12	23	2001	0	2	
1892	107	13	23	3001	0	2	
1893	107	14	23	2001	0	2	
1894	107	15	23	3001	0	2	
1895	107	16	23	2001	0	2	
1896	107	17	23	3001	0	2	
1897	107	18	23	4004	0	2	
1898	107	19	23	2002	0	2	
1899	107	23	23	3001	0	2	
1900	107	24	23	1001	0	2	
1901	107	25	23	1001	0	2	
1902	107	3	24	2002	0	2	
1903	107	5	24	1001	0	2	
1904	107	6	24	1001	0	2	
1905	107	7	24	1001	0	2	
1906	107	8	24	3001	0	2	
1907	107	9	24	3001	0	2	
1908	107	10	24	1001	0	2	
1909	107	19	24	1001	0	2	
1910	107	20	24	3001	0	2	
1911	107	21	24	3001	0	2	
1912	107	23	24	2002	0	2	
1913	107	24	24	2002	0	2	
1914	107	25	24	2002	0	2	
