获奖限制积分
int
AcquireScore
1
2
10
15
20
25
30
35
40
45
50
55
60
65
70
80
90
100
110
120
130
140
150
160
170
180
190
200
210
220
230
240
250
260
270
280
290
300
310
320
330
340
350
360
370
380
390
400
410
420
430
440
450
460
470
480
490
500
510
520
530
540
550
560
570
580
590
600
610
620
630
640
650
660
670
1
2
10
15
20
25
30
35
40
45
50
55
60
65
70
80
90
100
110
120
130
140
150
160
170
180
190
200
210
220
230
240
250
260
270
280
290
300
310
320
330
340
350
360
370
380
390
400
410
420
430
440
450
460
470
480
490
500
510
520
530
540
550
560
570
580
590
600
610
620
630
640
650
660
670
30
60
100
150
200
300
400
500
530
560
600
650
700
800
900
1000
1030
1060
1100
1150
1200
1300
1400
1500
1530
1560
1600
1650
1700
1800
1900
2000
2030
2060
2100
2150
2200
2300
2400
2500
30
60
100
150
200
300
400
500
530
560
600
650
700
800
900
1000
1030
1060
1100
1150
1200
1300
1400
1500
1530
1560
1600
1650
1700
1800
1900
2000
2030
2060
2100
2150
2200
2300
2400
2500
30
60
100
150
200
300
400
500
530
560
600
650
700
800
900
1000
1030
1060
1100
1150
1200
1300
1400
1500
1530
1560
1600
1650
1700
1800
1900
2000
2030
2060
2100
2150
2200
2300
2400
2500
30
60
100
150
200
300
400
500
530
560
600
650
700
800
900
1000
1030
1060
1100
1150
1200
1300
1400
1500
1530
1560
1600
1650
1700
1800
1900
2000
2030
2060
2100
2150
2200
2300
2400
2500
30
60
100
150
200
300
400
500
530
560
600
650
700
800
900
1000
1030
1060
1100
1150
1200
1300
1400
1500
1530
1560
1600
1650
1700
1800
1900
2000
2030
2060
2100
2150
2200
2300
2400
2500
30
60
100
150
200
300
400
500
530
560
600
650
700
800
900
1000
1030
1060
1100
1150
1200
1300
1400
1500
1530
1560
1600
1650
1700
1800
1900
2000
2030
2060
2100
2150
2200
2300
2400
2500
30
60
100
150
200
300
400
500
530
560
600
650
700
800
900
1000
1030
1060
1100
1150
1200
1300
1400
1500
1530
1560
1600
1650
1700
1800
1900
2000
2030
2060
2100
2150
2200
2300
2400
2500
30
60
100
150
200
300
400
500
530
560
600
650
700
800
900
1000
1030
1060
1100
1150
1200
1300
1400
1500
1530
1560
1600
1650
1700
1800
1900
2000
2030
2060
2100
2150
2200
2300
2400
2500
30
60
100
150
200
300
400
500
530
560
600
650
700
800
900
1000
1030
1060
1100
1150
1200
1300
1400
1500
1530
1560
1600
1650
1700
1800
1900
2000
2030
2060
2100
2150
2200
2300
2400
2500
30
60
100
150
200
300
400
500
530
560
600
650
700
800
900
1000
1030
1060
1100
1150
1200
1300
1400
1500
1530
1560
1600
1650
1700
1800
1900
2000
2030
2060
2100
2150
2200
2300
2400
2500
