配方ID
string
EquipId
301040200001
301040200001
302040200001
303040200001
304040200001
305040200001
306040200001
301040200002
302040200002
303040200002
304040200002
305040200002
306040200002
301040200003
302040200003
303040200003
304040200003
305040200003
306040200003
301040200004
302040200004
303040200004
304040200004
305040200004
306040200004
301040200005
302040200005
303040200005
304040200005
305040200005
306040200005
307040200999
308040200999
309040200999
310040200999
301050200001
302050200001
303050200001
304050200001
305050200001
306050200001
301050200002
302050200002
303050200002
304050200002
305050200002
306050200002
301050200003
302050200003
303050200003
304050200003
305050200003
306050200003
301050200004
302050200004
303050200004
304050200004
305050200004
306050200004
301050200005
302050200005
303050200005
304050200005
305050200005
306050200005
307050200999
308050200999
309050200999
310050200999
301060200001
302060200001
303060200001
304060200001
305060200001
306060200001
301060200002
302060200002
303060200002
304060200002
305060200002
306060200002
301060200003
302060200003
303060200003
304060200003
305060200003
306060200003
301060200004
302060200004
303060200004
304060200004
305060200004
306060200004
301060200005
302060200005
303060200005
304060200005
305060200005
306060200005
307060200999
308060200999
309060200999
310060200999
301070200001
302070200001
303070200001
304070200001
305070200001
306070200001
301070200002
302070200002
303070200002
304070200002
305070200002
306070200002
301070200003
302070200003
303070200003
304070200003
305070200003
306070200003
301070200004
302070200004
303070200004
304070200004
305070200004
306070200004
301070200005
302070200005
303070200005
304070200005
305070200005
306070200005
307070200999
308070200999
309070200999
310070200999
301040200001
301040200001
302040200001
303040200001
304040200001
305040200001
306040200001
301040200002
302040200002
303040200002
304040200002
305040200002
306040200002
301040200003
302040200003
303040200003
304040200003
305040200003
306040200003
301040200004
302040200004
303040200004
304040200004
305040200004
306040200004
301040200005
302040200005
303040200005
304040200005
305040200005
306040200005
307040200999
308040200999
309040200999
310040200999
301050200001
302050200001
303050200001
304050200001
305050200001
306050200001
301050200002
302050200002
303050200002
304050200002
305050200002
306050200002
301050200003
302050200003
303050200003
304050200003
305050200003
306050200003
301050200004
302050200004
303050200004
304050200004
305050200004
306050200004
301050200005
302050200005
303050200005
304050200005
305050200005
306050200005
307050200999
308050200999
309050200999
310050200999
301060200001
302060200001
303060200001
304060200001
305060200001
306060200001
301060200002
302060200002
303060200002
304060200002
305060200002
306060200002
301060200003
302060200003
303060200003
304060200003
305060200003
306060200003
301060200004
302060200004
303060200004
304060200004
305060200004
306060200004
301060200005
302060200005
303060200005
304060200005
305060200005
306060200005
307060200999
308060200999
309060200999
310060200999
301070200001
302070200001
303070200001
304070200001
305070200001
306070200001
301070200002
302070200002
303070200002
304070200002
305070200002
306070200002
301070200003
302070200003
303070200003
304070200003
305070200003
306070200003
301070200004
302070200004
303070200004
304070200004
305070200004
306070200004
301070200005
302070200005
303070200005
304070200005
305070200005
306070200005
307070200999
308070200999
309070200999
310070200999
