流水	活动id	任务组	任务id	任务奖励	高级任务奖励	活动界面是否自动关闭	任务标签	任务积分
int	int	int	int	string	string	string	int	int
Id	ActiveId	TaskGroup	AchievementId	Reward	HighReward	AutoClose	TaskType	TaskPoint
1	6902	1	1690101	item1014,30;item8106210400002,2		0	1	2
2	6902	1	1690102	item1014,60;item100000000003,1		0	1	2
3	6902	1	1690103	item1014,60;item8103010121003,10		0	3	3
4	6902	1	1690104	item1014,30;item8103010121003,15		0	3	4
5	6902	1	1690105	item1014,60;item1013,1000		0	3	3
6	6902	1	1690106	item1014,30;item105000000030,10		0	3	4
7	6902	1	1690107	item1014,40;item107999900001,10		0	2	2
8	6902	1	1690108	item1014,30;item105000000030,5		0	2	3
9	6902	1	1690109	item1014,40;item105000000030,5		0	4	3
10	6902	1	1690110	item1014,20;item105000000030,10		0	4	4
11	6902	2	1690111	item1014,30;item100000000003,1		0	1	2
12	6902	2	1690112	item1014,30;item8106210400002,2		0	1	2
13	6902	2	1690113	item1014,30;item105000000030,20		0	3	3
14	6902	2	1690114	item1014,60;item105000000030,10		0	3	4
15	6902	2	1690115	item1014,30;item107999900001,20		0	3	4
16	6902	2	1690116	item1014,30;item105000000030,20		0	3	5
17	6902	2	1690117	item1014,60;item8103010121003,10		0	2	2
18	6902	2	1690118	item1014,60;item101040101017,10		0	2	3
19	6902	2	1690119	item1014,30;item101040101017,15		0	2	3
20	6902	2	1690120	item1014,40;item100000000000,1		0	2	4
21	6902	3	1690121	item1014,60;item100000000003,1		0	1	2
22	6902	3	1690122	item1014,30;item1012,500		0	1	2
23	6902	3	1690123	item1014,60;item107200041001,10		0	3	4
24	6902	3	1690124	item1014,60;item1006,200		0	3	4
25	6902	3	1690125	item1014,30;item107999900002,5		0	3	3
26	6902	3	1690126	item1014,30;item107999900002,10		0	3	5
27	6902	3	1690127	item1014,40;item8103010131003,2		0	2	4
28	6902	3	1690128	item1014,30;item107999900001,10		0	2	2
29	6902	3	1690129	item1014,40;item8103010111017,10		0	2	3
30	6902	3	1690130	item1014,20;item8103010121003,20		0	2	3
31	6902	4	1690131	item1014,60;item8200000800001,5		0	3	3
32	6902	4	1690132	item1014,60;item107200041001,5		0	3	3
33	6902	4	1690133	item1014,30;item107999900002,10		0	3	4
34	6902	4	1690134	item1014,30;item8103015110302,2		0	3	5
35	6902	4	1690135	item1014,40;item8200000800001,2		0	4	3
36	6902	4	1690136	item1014,30;item107300000001,10		0	2	3
37	6902	4	1690137	item1014,40;item107300000001,10		0	2	4
38	6902	4	1690138	item1014,30;item107999900001,20		0	2	5
39	6902	5	1690139	item1014,30;item8200000800001,5		0	3	4
40	6902	5	1690140	item1014,60;item8101020504800,5		0	3	3
41	6902	5	1690141	item1014,30;item8101020504900,2		0	3	5
42	6902	5	1690142	item1014,40;item1006,200		0	3	5
43	6902	5	1690143	item1014,60;item161000000001,1		0	4	2
44	6902	5	1690144	item1014,40;item161000000001,2		0	2	3
45	6902	5	1690145	item1014,30;item161000000001,2		0	2	3
46	6902	5	1690146	item1014,30;item8200000800001,5		0	4	3
47	6902	6	1690147	item1014,60;item8103015110302,1		0	3	4
48	6902	6	1690148	item1014,30;item8103015110302,2		0	3	5
49	6902	6	1690149	item1014,30;item105000000031,10		0	3	5
50	6902	6	1690150	item1014,60;item105000000031,10		0	2	5
51	6902	6	1690151	item1014,30;item8103010111017,10		0	2	4
52	6902	6	1690152	item1014,30;item100000000000,2		0	2	5
53	6902	7	1690153	item1014,30;item107200041001,10		0	3	5
54	6902	7	1690154	item1014,60;item8103010121004,10		0	3	4
55	6902	7	1690155	item1014,60;item8103010121004,10		0	3	6
56	6902	7	1690156	item1014,30;item107200041001,20		0	2	5
57	6902	7	1690157	item1014,30;item107300000001,15		0	2	4
58	6902	7	1690158	item1014,30;item107300000001,20		0	2	6
59	6902	8	1690159	item1014,30;item8103010121004,10		0	3	5
60	6902	8	1690160	item1014,60;item1012,100		0	3	4
61	6902	8	1690161	item1014,30;item107200041001,10		0	3	6
62	6902	8	1690162	item1014,60;item8170000120010,10		0	1	4
63	6902	8	1690163	item1014,30;item8170000120010,20		0	1	5
64	6902	8	1690164	item1014,30;item161000000002,1		0	4	6
65	6902	9	1690165	item1014,60;item107300000001,10		0	3	4
66	6902	9	1690166	item1014,60;item8103015110303,3		0	3	4
67	6902	9	1690167	item1014,30;item105000000031,10		0	3	6
68	6902	9	1690168	item1014,30;item101040101017,30		0	2	4
69	6902	9	1690169	item1014,30;item8106210200001,2		0	1	4
70	6902	9	1690170	item1014,30;item8106210200001,10		0	1	6
71	6902	10	1690171	item1014,60;item8103010111017,10		0	3	4
72	6902	10	1690172	item1014,30;item8103015110413,10		0	3	5
73	6902	10	1690173	item1014,60;item8103015110303,5		0	3	5
74	6902	10	1690174	item1014,30;item100000000003,1		0	1	4
75	6902	10	1690175	item1014,30;item100000000003,1		0	1	5
76	6902	10	1690176	item1014,30;item100000000006,10		0	2	5
77	6902	11	1690177	item1014,60;item100000000003,2		0	3	5
78	6902	11	1690178	item1014,30;item8103015110413,20		0	3	5
79	6902	11	1690179	item1014,30;item8103010121004,5		0	2	5
80	6902	11	1690180	item1014,30;item107200041001,10		0	2	5
81	6902	11	1690181	item1014,30;item100000000000,2		0	4	6
82	6902	11	1690182	item1014,60;item105000000032,5		0	2	6
83	6902	12	1690183	item1014,30;item8103010121004,20		0	3	5
84	6902	12	1690184	item1014,60;item1006,200		0	3	6
85	6902	12	1690185	item1014,30;item8103010111017,10		0	2	5
86	6902	12	1690186	item1014,30;item8103010121004,10		0	2	5
87	6902	12	1690187	item1014,60;item8103015110413,20		0	2	4
88	6902	12	1690188	item1014,30;item161000000001,5		0	2	5
89	6902	13	1690189	item1014,30;item100000000003,2		0	3	4
90	6902	13	1690190	item1014,60;item8103010111017,20		0	3	5
91	6902	13	1690191	item1014,60;item105000000031,10		0	3	6
92	6902	13	1690192	item1014,30;item8103010131003,5		0	2	4
93	6902	13	1690193	item1014,30;item8103015110413,20		0	2	5
94	6902	13	1690194	item1014,30;item8106210200001,2		0	1	6
95	6902	14	1690195	item1014,60;item107200041001,20		0	3	5
96	6902	14	1690196	item1014,30;item8103010121005,10		0	3	5
97	6902	14	1690197	item1014,30;item8103010121004,10		0	2	6
98	6902	14	1690198	item1014,30;item100000000003,1		0	1	4
99	6902	14	1690199	item1014,30;item8170000120010,30		0	1	6
100	6902	14	16901100	item1014,60;item100000000003,2		0	2	6
101	6901	1	1690101	item105000000030,10	item100000000006,2;item105000000030,10	0	0	0
102	6901	1	1690102	item105000000030,10	item100000000006,2;item107200041001,5	0	0	0
103	6901	1	1690103	item105000000030,10	item100000000006,2;item8119100000001,1	0	0	0
104	6901	1	1690104	item101040101017,10	item100000000006,2;item8101020504800,1	0	0	0
105	6901	1	1690105	item105000000030,10	item100000000006,2;item100000000000,1	0	0	0
106	6901	1	1690106	item10000000001,1000	item100000000006,2;item102000020233,1	0	0	0
107	6901	1	1690107	item8103010121003,10	item100000000006,2;item8103010121004,2	0	0	0
108	6901	1	1690108	item107999900001,10	item100000000006,2;item107200041001,5	0	0	0
109	6901	1	1690157	item105000000030,10	item100000000006,2;item100000000000,1	0	0	0
110	6901	2	1690109	item100000000056,5	item100000000006,2;item105000000030,15	0	0	0
111	6901	2	1690110	item107200041001,2	item100000000006,2;item107200041001,5	0	0	0
112	6901	2	1690111	item8119100000000,1	item100000000006,2;item8119100000001,1	0	0	0
113	6901	2	1690112	item8103010121003,2	item100000000006,2;item107300000001,5	0	0	0
114	6901	2	1690113	item1006,20	item100000000006,2;item161000000001,5	1	0	0
115	6901	2	1690114	item107999900001,5	item100000000006,2;item107999900001,20	0	0	0
116	6901	2	1690115	item107200041001,5	item100000000006,2;item107200041001,10	0	0	0
117	6901	2	1690116	item107300000001,2	item100000000006,2;item107300000001,5	0	0	0
118	6901	3	1690117	item100000000056,5	item100000000006,2;item105000000031,6	0	0	0
119	6901	3	1690118	item107200031001,5	item100000000006,2;item107200041001,10	0	0	0
120	6901	3	1690119	item8119100000000,1	item100000000006,2;item8119100000001,1	0	0	0
121	6901	3	1690120	item1006,50	item100000000006,2;item161000000002,1	1	0	0
122	6901	3	1690121	item107200041001,2	item100000000006,2;item107200041001,10	0	0	0
123	6901	3	1690122	item8106210200001,1	item100000000006,2;item8106210200001,5	0	0	0
124	6901	3	1690123	item8103010111017,2	item100000000006,2;item8103010111017,3	0	0	0
125	6901	3	1690124	item10000000001,2000	item100000000006,2;item102000020233,1	0	0	0
126	6901	4	1690125	item8103010121003,2	item100000000006,2;item107300000001,5	0	0	0
127	6901	4	1690126	item8119100000000,1	item100000000006,2;item8119100000001,1	0	0	0
128	6901	4	1690127	item1006,80	item100000000006,2;item161000000002,1	1	0	0
129	6901	4	1690128	item1014,50	item100000000006,2;item1014,100	0	0	0
130	6901	4	1690129	item107200031001,10	item100000000006,2;item107200041001,10	0	0	0
131	6901	4	1690130	item103010111102,5	item100000000006,2;item103010111102,10	1	0	0
132	6901	4	1690131	item8101020504800,2	item100000000006,2;item101020501041,3	0	0	0
133	6901	4	1690132	item8103010121003,5	item100000000006,2;item102000020218,1	0	0	0
134	6901	5	1690133	item8103010121003,5	item100000000006,2;item107300000001,5	0	0	0
135	6901	5	1690134	item8119100000000,2	item100000000006,2;item8119100000001,1	0	0	0
136	6901	5	1690135	item107200041001,5	item100000000006,2;item107200042001,10	0	0	0
137	6901	5	1690136	item8106210200001,2	item100000000006,2;item8106210200001,5	0	0	0
138	6901	5	1690137	item107200031001,10	item100000000006,2;item107200041001,10	0	0	0
139	6901	5	1690138	item8103010111017,2	item100000000006,2;item8103010111017,5	0	0	0
140	6901	5	1690139	item161000000001,1	item100000000006,2;item100500000001,5	1	0	0
141	6901	5	1690140	item8200000800001,1	item100000000006,2;item8200000800002,1	0	0	0
142	6901	6	1690141	item100000000057,20	item100000000006,2;item105000000031,6	0	0	0
143	6901	6	1690142	item1006,100	item100000000006,2;item161000000002,1	1	0	0
144	6901	6	1690143	item8119100000000,1	item100000000006,2;item8119100000001,1	0	0	0
145	6901	6	1690144	item1014,50	item100000000006,2;item1014,50	0	0	0
146	6901	6	1690145	item107200041001,8	item100000000006,2;item107200041001,10	0	0	0
147	6901	6	1690146	item10000000001,5000	item100000000006,2;item102000020233,2	0	0	0
148	6901	6	1690147	item1003,100	item100000000006,2;item1003,200	0	0	0
149	6901	6	1690148	item8103015110413,5	item100000000006,2;item8103015110413,10	0	0	0
150	6901	7	1690149	item8103010121003,5	item100000000006,2;item107300000001,5	0	0	0
151	6901	7	1690150	item8119100000000,1	item100000000006,2;item8119100000001,1	0	0	0
152	6901	7	1690151	item8119100000000,1	item100000000006,2;item8119100000001,1	0	0	0
153	6901	7	1690152	item8106210200001,5	item100000000006,2;item8106210200001,5	0	0	0
154	6901	7	1690153	item107200041001,8	item100000000006,2;item107200041001,10	0	0	0
155	6901	7	1690154	item107300000001,5	item100000000006,2;item107300000001,5	0	0	0
156	6901	7	1690155	item1003,100	item100000000006,2;item1003,200	0	0	0
157	6901	7	1690156	item101020501041,1	item100000000006,2;item102000020219,1	0	0	0
