流水号	技能编号	技能等级	学习获得武艺属性	学习获得才艺属性	升级消耗其他	升级消耗碎片	技能评分
int	int	int	string	string	string	string	int
Id	SkillId	Grade	Force	Prop	Consume	Fragment	SkillScore
1	1001	1	1,2000			item127000065001,30	500
2	1001	2	1,2800		1,50000	item127000065001,5	700
3	1001	3	1,3400		1,100000	item127000065001,10	850
4	1001	4	1,4000		1,150000	item127000065001,15	1000
5	1001	5	1,4600		1,200000	item127000065001,20	1150
6	1001	6	1,5200		1,250000	item127000065001,30	1300
7	1001	7	1,5600		1,300000	item127000065001,40	1400
8	1001	8	1,6000		1,350000	item127000065001,60	1500
9	1001	9	1,6200		1,400000	item127000065001,80	1550
10	1001	10	1,6400		1,450000	item127000065001,100	1600
11	1002	1	3,200			item127000065002,30	500
12	1002	2	3,280		1,50000	item127000065002,5	700
13	1002	3	3,340		1,100000	item127000065002,10	850
14	1002	4	3,400		1,150000	item127000065002,15	1000
15	1002	5	3,460		1,200000	item127000065002,20	1150
16	1002	6	3,520		1,250000	item127000065002,30	1300
17	1002	7	3,560		1,300000	item127000065002,40	1400
18	1002	8	3,600		1,350000	item127000065002,60	1500
19	1002	9	3,620		1,400000	item127000065002,80	1550
20	1002	10	3,640		1,450000	item127000065002,100	1600
21	1003	1	4,200			item127000065003,30	500
22	1003	2	4,280		1,50000	item127000065003,5	700
23	1003	3	4,340		1,100000	item127000065003,10	850
24	1003	4	4,400		1,150000	item127000065003,15	1000
25	1003	5	4,460		1,200000	item127000065003,20	1150
26	1003	6	4,520		1,250000	item127000065003,30	1300
27	1003	7	4,560		1,300000	item127000065003,40	1400
28	1003	8	4,600		1,350000	item127000065003,60	1500
29	1003	9	4,620		1,400000	item127000065003,80	1550
30	1003	10	4,640		1,450000	item127000065003,100	1600
31	1004	1		1,500		item127000065004,30	500
32	1004	2		1,700	1,50000	item127000065004,5	700
33	1004	3		1,850	1,100000	item127000065004,10	850
34	1004	4		1,1000	1,150000	item127000065004,15	1000
35	1004	5		1,1150	1,200000	item127000065004,20	1150
36	1004	6		1,1300	1,250000	item127000065004,30	1300
37	1004	7		1,1400	1,300000	item127000065004,40	1400
38	1004	8		1,1500	1,350000	item127000065004,60	1500
39	1004	9		1,1550	1,400000	item127000065004,80	1550
40	1004	10		1,1600	1,450000	item127000065004,100	1600
41	1005	1		2,500		item127000065005,30	500
42	1005	2		2,700	1,50000	item127000065005,5	700
43	1005	3		2,850	1,100000	item127000065005,10	850
44	1005	4		2,1000	1,150000	item127000065005,15	1000
45	1005	5		2,1150	1,200000	item127000065005,20	1150
46	1005	6		2,1300	1,250000	item127000065005,30	1300
47	1005	7		2,1400	1,300000	item127000065005,40	1400
48	1005	8		2,1500	1,350000	item127000065005,60	1500
49	1005	9		2,1550	1,400000	item127000065005,80	1550
50	1005	10		2,1600	1,450000	item127000065005,100	1600
51	1006	1		3,500		item127000065006,30	500
52	1006	2		3,700	1,50000	item127000065006,5	700
53	1006	3		3,850	1,100000	item127000065006,10	850
54	1006	4		3,1000	1,150000	item127000065006,15	1000
55	1006	5		3,1150	1,200000	item127000065006,20	1150
56	1006	6		3,1300	1,250000	item127000065006,30	1300
57	1006	7		3,1400	1,300000	item127000065006,40	1400
58	1006	8		3,1500	1,350000	item127000065006,60	1500
59	1006	9		3,1550	1,400000	item127000065006,80	1550
60	1006	10		3,1600	1,450000	item127000065006,100	1600
61	1007	1		4,500		item127000065007,30	500
62	1007	2		4,700	1,50000	item127000065007,5	700
63	1007	3		4,850	1,100000	item127000065007,10	850
64	1007	4		4,1000	1,150000	item127000065007,15	1000
65	1007	5		4,1150	1,200000	item127000065007,20	1150
66	1007	6		4,1300	1,250000	item127000065007,30	1300
67	1007	7		4,1400	1,300000	item127000065007,40	1400
68	1007	8		4,1500	1,350000	item127000065007,60	1500
69	1007	9		4,1550	1,400000	item127000065007,80	1550
70	1007	10		4,1600	1,450000	item127000065007,100	1600
71	1008	1		5,500		item127000065008,30	500
72	1008	2		5,700	1,50000	item127000065008,5	700
73	1008	3		5,850	1,100000	item127000065008,10	850
74	1008	4		5,1000	1,150000	item127000065008,15	1000
75	1008	5		5,1150	1,200000	item127000065008,20	1150
76	1008	6		5,1300	1,250000	item127000065008,30	1300
77	1008	7		5,1400	1,300000	item127000065008,40	1400
78	1008	8		5,1500	1,350000	item127000065008,60	1500
79	1008	9		5,1550	1,400000	item127000065008,80	1550
80	1008	10		5,1600	1,450000	item127000065008,100	1600
81	1009	1		6,500		item127000065009,30	500
82	1009	2		6,700	1,50000	item127000065009,5	700
83	1009	3		6,850	1,100000	item127000065009,10	850
84	1009	4		6,1000	1,150000	item127000065009,15	1000
85	1009	5		6,1150	1,200000	item127000065009,20	1150
86	1009	6		6,1300	1,250000	item127000065009,30	1300
87	1009	7		6,1400	1,300000	item127000065009,40	1400
88	1009	8		6,1500	1,350000	item127000065009,60	1500
89	1009	9		6,1550	1,400000	item127000065009,80	1550
90	1009	10		6,1600	1,450000	item127000065009,100	1600
91	1010	1	1,2000;3,200			item127000065010,45	1000
92	1010	2	1,2800;3,280		1,200000	item127000065010,5	1400
93	1010	3	1,3400;3,340		1,250000	item127000065010,10	1700
94	1010	4	1,4000;3,400		1,300000	item127000065010,15	2000
95	1010	5	1,4600;3,460		1,350000	item127000065010,20	2300
96	1010	6	1,5200;3,520		1,400000	item127000065010,30	2600
97	1010	7	1,5600;3,560		1,450000	item127000065010,40	2800
98	1010	8	1,6000;3,600		1,500000	item127000065010,60	3000
99	1010	9	1,6200;3,620		1,550000	item127000065010,80	3100
100	1010	10	1,6400;3,640		1,600000	item127000065010,100	3200
101	1011	1	1,2000;4,200			item127000065011,45	1000
102	1011	2	1,2800;4,280		1,200000	item127000065011,5	1400
103	1011	3	1,3400;4,340		1,250000	item127000065011,10	1700
104	1011	4	1,4000;4,400		1,300000	item127000065011,15	2000
105	1011	5	1,4600;4,460		1,350000	item127000065011,20	2300
106	1011	6	1,5200;4,520		1,400000	item127000065011,30	2600
107	1011	7	1,5600;4,560		1,450000	item127000065011,40	2800
108	1011	8	1,6000;4,600		1,500000	item127000065011,60	3000
109	1011	9	1,6200;4,620		1,550000	item127000065011,80	3100
110	1011	10	1,6400;4,640		1,600000	item127000065011,100	3200
111	1012	1	3,200;4,200			item127000065012,45	1000
112	1012	2	3,280;4,280		1,200000	item127000065012,5	1400
113	1012	3	3,340;4,340		1,250000	item127000065012,10	1700
114	1012	4	3,400;4,400		1,300000	item127000065012,15	2000
115	1012	5	3,460;4,460		1,350000	item127000065012,20	2300
116	1012	6	3,520;4,520		1,400000	item127000065012,30	2600
117	1012	7	3,560;4,560		1,450000	item127000065012,40	2800
118	1012	8	3,600;4,600		1,500000	item127000065012,60	3000
119	1012	9	3,620;4,620		1,550000	item127000065012,80	3100
120	1012	10	3,640;4,640		1,600000	item127000065012,100	3200
121	1013	1	32,500;34,500			item127000065013,45	1000
122	1013	2	32,700;34,700		1,200000	item127000065013,5	1400
123	1013	3	32,850;34,850		1,250000	item127000065013,10	1700
124	1013	4	32,1000;34,1000		1,300000	item127000065013,15	2000
125	1013	5	32,1150;34,1150		1,350000	item127000065013,20	2300
126	1013	6	32,1300;34,1300		1,400000	item127000065013,30	2600
127	1013	7	32,1400;34,1400		1,450000	item127000065013,40	2800
128	1013	8	32,1500;34,1500		1,500000	item127000065013,60	3000
129	1013	9	32,1550;34,1550		1,550000	item127000065013,80	3100
130	1013	10	32,1600;34,1600		1,600000	item127000065013,100	3200
131	1014	1	3,200;35,500			item127000065014,45	1000
132	1014	2	3,280;35,700		1,200000	item127000065014,5	1400
133	1014	3	3,340;35,850		1,250000	item127000065014,10	1700
134	1014	4	3,400;35,1000		1,300000	item127000065014,15	2000
135	1014	5	3,460;35,1150		1,350000	item127000065014,20	2300
136	1014	6	3,520;35,1300		1,400000	item127000065014,30	2600
137	1014	7	3,560;35,1400		1,450000	item127000065014,40	2800
138	1014	8	3,600;35,1500		1,500000	item127000065014,60	3000
139	1014	9	3,620;35,1550		1,550000	item127000065014,80	3100
140	1014	10	3,640;35,1600		1,600000	item127000065014,100	3200
141	1015	1	30,500;4,200			item127000065015,45	1000
142	1015	2	30,700;4,280		1,200000	item127000065015,5	1400
143	1015	3	30,850;4,340		1,250000	item127000065015,10	1700
144	1015	4	30,1000;4,400		1,300000	item127000065015,15	2000
145	1015	5	30,1150;4,460		1,350000	item127000065015,20	2300
146	1015	6	30,1300;4,520		1,400000	item127000065015,30	2600
147	1015	7	30,1400;4,560		1,450000	item127000065015,40	2800
148	1015	8	30,1500;4,600		1,500000	item127000065015,60	3000
149	1015	9	30,1550;4,620		1,550000	item127000065015,80	3100
150	1015	10	30,1600;4,640		1,600000	item127000065015,100	3200
151	1016	1	32,500;35,500			item127000065016,45	1000
152	1016	2	32,700;35,700		1,200000	item127000065016,5	1400
153	1016	3	32,850;35,850		1,250000	item127000065016,10	1700
154	1016	4	32,1000;35,1000		1,300000	item127000065016,15	2000
155	1016	5	32,1150;35,1150		1,350000	item127000065016,20	2300
156	1016	6	32,1300;35,1300		1,400000	item127000065016,30	2600
157	1016	7	32,1400;35,1400		1,450000	item127000065016,40	2800
158	1016	8	32,1500;35,1500		1,500000	item127000065016,60	3000
159	1016	9	32,1550;35,1550		1,550000	item127000065016,80	3100
160	1016	10	32,1600;35,1600		1,600000	item127000065016,100	3200
161	1017	1	34,500;35,500			item127000065017,45	1000
162	1017	2	34,700;35,700		1,200000	item127000065017,5	1400
163	1017	3	34,850;35,850		1,250000	item127000065017,10	1700
164	1017	4	34,1000;35,1000		1,300000	item127000065017,15	2000
165	1017	5	34,1150;35,1150		1,350000	item127000065017,20	2300
166	1017	6	34,1300;35,1300		1,400000	item127000065017,30	2600
167	1017	7	34,1400;35,1400		1,450000	item127000065017,40	2800
168	1017	8	34,1500;35,1500		1,500000	item127000065017,60	3000
169	1017	9	34,1550;35,1550		1,550000	item127000065017,80	3100
170	1017	10	34,1600;35,1600		1,600000	item127000065017,100	3200
171	1018	1	3,200;30,500			item127000065018,45	1000
172	1018	2	3,280;30,700		1,200000	item127000065018,5	1400
173	1018	3	3,340;30,850		1,250000	item127000065018,10	1700
174	1018	4	3,400;30,1000		1,300000	item127000065018,15	2000
175	1018	5	3,460;30,1150		1,350000	item127000065018,20	2300
176	1018	6	3,520;30,1300		1,400000	item127000065018,30	2600
177	1018	7	3,560;30,1400		1,450000	item127000065018,40	2800
178	1018	8	3,600;30,1500		1,500000	item127000065018,60	3000
179	1018	9	3,620;30,1550		1,550000	item127000065018,80	3100
180	1018	10	3,640;30,1600		1,600000	item127000065018,100	3200
181	1019	1	4,200;34,500			item127000065019,45	1000
182	1019	2	4,280;34,700		1,200000	item127000065019,5	1400
183	1019	3	4,340;34,850		1,250000	item127000065019,10	1700
184	1019	4	4,400;34,1000		1,300000	item127000065019,15	2000
185	1019	5	4,460;34,1150		1,350000	item127000065019,20	2300
186	1019	6	4,520;34,1300		1,400000	item127000065019,30	2600
187	1019	7	4,560;34,1400		1,450000	item127000065019,40	2800
188	1019	8	4,600;34,1500		1,500000	item127000065019,60	3000
189	1019	9	4,620;34,1550		1,550000	item127000065019,80	3100
190	1019	10	4,640;34,1600		1,600000	item127000065019,100	3200
191	1020	1	1,2000;32,500			item127000065020,45	1000
192	1020	2	1,2800;32,700		1,200000	item127000065020,5	1400
193	1020	3	1,3400;32,850		1,250000	item127000065020,10	1700
194	1020	4	1,4000;32,1000		1,300000	item127000065020,15	2000
195	1020	5	1,4600;32,1150		1,350000	item127000065020,20	2300
196	1020	6	1,5200;32,1300		1,400000	item127000065020,30	2600
197	1020	7	1,5600;32,1400		1,450000	item127000065020,40	2800
198	1020	8	1,6000;32,1500		1,500000	item127000065020,60	3000
199	1020	9	1,6200;32,1550		1,550000	item127000065020,80	3100
200	1020	10	1,6400;32,1600		1,600000	item127000065020,100	3200
201	1021	1	1,2000	1,500		item127000065021,45	1000
202	1021	2	1,2800	1,700	1,200000	item127000065021,5	1400
203	1021	3	1,3400	1,850	1,250000	item127000065021,10	1700
204	1021	4	1,4000	1,1000	1,300000	item127000065021,15	2000
205	1021	5	1,4600	1,1150	1,350000	item127000065021,20	2300
206	1021	6	1,5200	1,1300	1,400000	item127000065021,30	2600
207	1021	7	1,5600	1,1400	1,450000	item127000065021,40	2800
208	1021	8	1,6000	1,1500	1,500000	item127000065021,60	3000
209	1021	9	1,6200	1,1550	1,550000	item127000065021,80	3100
210	1021	10	1,6400	1,1600	1,600000	item127000065021,100	3200
211	1022	1	3,200	3,500		item127000065022,45	1000
212	1022	2	3,280	3,700	1,200000	item127000065022,5	1400
213	1022	3	3,340	3,850	1,250000	item127000065022,10	1700
214	1022	4	3,400	3,1000	1,300000	item127000065022,15	2000
215	1022	5	3,460	3,1150	1,350000	item127000065022,20	2300
216	1022	6	3,520	3,1300	1,400000	item127000065022,30	2600
217	1022	7	3,560	3,1400	1,450000	item127000065022,40	2800
218	1022	8	3,600	3,1500	1,500000	item127000065022,60	3000
219	1022	9	3,620	3,1550	1,550000	item127000065022,80	3100
220	1022	10	3,640	3,1600	1,600000	item127000065022,100	3200
221	1023	1	4,200	5,500		item127000065023,45	1000
222	1023	2	4,280	5,700	1,200000	item127000065023,5	1400
223	1023	3	4,340	5,850	1,250000	item127000065023,10	1700
224	1023	4	4,400	5,1000	1,300000	item127000065023,15	2000
225	1023	5	4,460	5,1150	1,350000	item127000065023,20	2300
226	1023	6	4,520	5,1300	1,400000	item127000065023,30	2600
227	1023	7	4,560	5,1400	1,450000	item127000065023,40	2800
228	1023	8	4,600	5,1500	1,500000	item127000065023,60	3000
229	1023	9	4,620	5,1550	1,550000	item127000065023,80	3100
230	1023	10	4,640	5,1600	1,600000	item127000065023,100	3200
231	1024	1		1,500;2,500		item127000065024,45	1000
232	1024	2		1,700;2,700	1,200000	item127000065024,5	1400
233	1024	3		1,850;2,850	1,250000	item127000065024,10	1700
234	1024	4		1,1000;2,1000	1,300000	item127000065024,15	2000
235	1024	5		1,1150;2,1150	1,350000	item127000065024,20	2300
236	1024	6		1,1300;2,1300	1,400000	item127000065024,30	2600
237	1024	7		1,1400;2,1400	1,450000	item127000065024,40	2800
238	1024	8		1,1500;2,1500	1,500000	item127000065024,60	3000
239	1024	9		1,1550;2,1550	1,550000	item127000065024,80	3100
240	1024	10		1,1600;2,1600	1,600000	item127000065024,100	3200
241	1025	1		3,500;4,500		item127000065025,45	1000
242	1025	2		3,700;4,700	1,200000	item127000065025,5	1400
243	1025	3		3,850;4,850	1,250000	item127000065025,10	1700
244	1025	4		3,1000;4,1000	1,300000	item127000065025,15	2000
245	1025	5		3,1150;4,1150	1,350000	item127000065025,20	2300
246	1025	6		3,1300;4,1300	1,400000	item127000065025,30	2600
247	1025	7		3,1400;4,1400	1,450000	item127000065025,40	2800
248	1025	8		3,1500;4,1500	1,500000	item127000065025,60	3000
249	1025	9		3,1550;4,1550	1,550000	item127000065025,80	3100
250	1025	10		3,1600;4,1600	1,600000	item127000065025,100	3200
251	1026	1		5,500;6,500		item127000065026,45	1000
252	1026	2		5,700;6,700	1,200000	item127000065026,5	1400
253	1026	3		5,850;6,850	1,250000	item127000065026,10	1700
254	1026	4		5,1000;6,1000	1,300000	item127000065026,15	2000
255	1026	5		5,1150;6,1150	1,350000	item127000065026,20	2300
256	1026	6		5,1300;6,1300	1,400000	item127000065026,30	2600
257	1026	7		5,1400;6,1400	1,450000	item127000065026,40	2800
258	1026	8		5,1500;6,1500	1,500000	item127000065026,60	3000
259	1026	9		5,1550;6,1550	1,550000	item127000065026,80	3100
260	1026	10		5,1600;6,1600	1,600000	item127000065026,100	3200
261	1027	1		1,500;4,500		item127000065027,45	1000
262	1027	2		1,700;4,700	1,200000	item127000065027,5	1400
263	1027	3		1,850;4,850	1,250000	item127000065027,10	1700
264	1027	4		1,1000;4,1000	1,300000	item127000065027,15	2000
265	1027	5		1,1150;4,1150	1,350000	item127000065027,20	2300
266	1027	6		1,1300;4,1300	1,400000	item127000065027,30	2600
267	1027	7		1,1400;4,1400	1,450000	item127000065027,40	2800
268	1027	8		1,1500;4,1500	1,500000	item127000065027,60	3000
269	1027	9		1,1550;4,1550	1,550000	item127000065027,80	3100
270	1027	10		1,1600;4,1600	1,600000	item127000065027,100	3200
271	1028	1		2,500;5,500		item127000065028,45	1000
272	1028	2		2,700;5,700	1,200000	item127000065028,5	1400
273	1028	3		2,850;5,850	1,250000	item127000065028,10	1700
274	1028	4		2,1000;5,1000	1,300000	item127000065028,15	2000
275	1028	5		2,1150;5,1150	1,350000	item127000065028,20	2300
276	1028	6		2,1300;5,1300	1,400000	item127000065028,30	2600
277	1028	7		2,1400;5,1400	1,450000	item127000065028,40	2800
278	1028	8		2,1500;5,1500	1,500000	item127000065028,60	3000
279	1028	9		2,1550;5,1550	1,550000	item127000065028,80	3100
280	1028	10		2,1600;5,1600	1,600000	item127000065028,100	3200
281	1029	1		3,500;6,500		item127000065029,45	1000
282	1029	2		3,700;6,700	1,200000	item127000065029,5	1400
283	1029	3		3,850;6,850	1,250000	item127000065029,10	1700
284	1029	4		3,1000;6,1000	1,300000	item127000065029,15	2000
285	1029	5		3,1150;6,1150	1,350000	item127000065029,20	2300
286	1029	6		3,1300;6,1300	1,400000	item127000065029,30	2600
287	1029	7		3,1400;6,1400	1,450000	item127000065029,40	2800
288	1029	8		3,1500;6,1500	1,500000	item127000065029,60	3000
289	1029	9		3,1550;6,1550	1,550000	item127000065029,80	3100
290	1029	10		3,1600;6,1600	1,600000	item127000065029,100	3200
291	1030	1	1,2000;3,300;4,300			item127000065030,60	2000
292	1030	2	1,2800;3,420;4,420		1,400000	item127000065030,5	2800
293	1030	3	1,3400;3,510;4,510		1,450000	item127000065030,10	3400
294	1030	4	1,4000;3,600;4,600		1,500000	item127000065030,15	4000
295	1030	5	1,4600;3,690;4,690		1,550000	item127000065030,20	4600
296	1030	6	1,5200;3,780;4,780		1,600000	item127000065030,30	5200
297	1030	7	1,5600;3,840;4,840		1,650000	item127000065030,40	5600
298	1030	8	1,6000;3,900;4,900		1,700000	item127000065030,60	6000
299	1030	9	1,6200;3,930;4,930		1,750000	item127000065030,80	6200
300	1030	10	1,6400;3,960;4,960		1,800000	item127000065030,100	6400
301	1031	1	1,3000;32,500;4,300			item127000065031,60	2000
302	1031	2	1,4200;32,700;4,420		1,400000	item127000065031,5	2800
303	1031	3	1,5100;32,850;4,510		1,450000	item127000065031,10	3400
304	1031	4	1,6000;32,1000;4,600		1,500000	item127000065031,15	4000
305	1031	5	1,6900;32,1150;4,690		1,550000	item127000065031,20	4600
306	1031	6	1,7800;32,1300;4,780		1,600000	item127000065031,30	5200
307	1031	7	1,8400;32,1400;4,840		1,650000	item127000065031,40	5600
308	1031	8	1,9000;32,1500;4,900		1,700000	item127000065031,60	6000
309	1031	9	1,9300;32,1550;4,930		1,750000	item127000065031,80	6200
310	1031	10	1,9600;32,1600;4,960		1,800000	item127000065031,100	6400
311	1032	1	1,4000;34,500;35,500			item127000065032,60	2000
312	1032	2	1,5600;34,700;35,700		1,400000	item127000065032,5	2800
313	1032	3	1,6800;34,850;35,850		1,450000	item127000065032,10	3400
314	1032	4	1,8000;34,1000;35,1000		1,500000	item127000065032,15	4000
315	1032	5	1,9200;34,1150;35,1150		1,550000	item127000065032,20	4600
316	1032	6	1,10400;34,1300;35,1300		1,600000	item127000065032,30	5200
317	1032	7	1,11200;34,1400;35,1400		1,650000	item127000065032,40	5600
318	1032	8	1,12000;34,1500;35,1500		1,700000	item127000065032,60	6000
319	1032	9	1,12400;34,1550;35,1550		1,750000	item127000065032,80	6200
320	1032	10	1,12800;34,1600;35,1600		1,800000	item127000065032,100	6400
321	1033	1	1,3000;30,500;3,300			item127000065033,60	2000
322	1033	2	1,4200;30,700;3,420		1,400000	item127000065033,5	2800
323	1033	3	1,5100;30,850;3,510		1,450000	item127000065033,10	3400
324	1033	4	1,6000;30,1000;3,600		1,500000	item127000065033,15	4000
325	1033	5	1,6900;30,1150;3,690		1,550000	item127000065033,20	4600
326	1033	6	1,7800;30,1300;3,780		1,600000	item127000065033,30	5200
327	1033	7	1,8400;30,1400;3,840		1,650000	item127000065033,40	5600
328	1033	8	1,9000;30,1500;3,900		1,700000	item127000065033,60	6000
329	1033	9	1,9300;30,1550;3,930		1,750000	item127000065033,80	6200
330	1033	10	1,9600;30,1600;3,960		1,800000	item127000065033,100	6400
331	1034	1	3,400;32,500;34,500			item127000065034,60	2000
332	1034	2	3,560;32,700;34,700		1,400000	item127000065034,5	2800
333	1034	3	3,680;32,850;34,850		1,450000	item127000065034,10	3400
334	1034	4	3,800;32,1000;34,1000		1,500000	item127000065034,15	4000
335	1034	5	3,920;32,1150;34,1150		1,550000	item127000065034,20	4600
336	1034	6	3,1040;32,1300;34,1300		1,600000	item127000065034,30	5200
337	1034	7	3,1120;32,1400;34,1400		1,650000	item127000065034,40	5600
338	1034	8	3,1200;32,1500;34,1500		1,700000	item127000065034,60	6000
339	1034	9	3,1240;32,1550;34,1550		1,750000	item127000065034,80	6200
340	1034	10	3,1280;32,1600;34,1600		1,800000	item127000065034,100	6400
341	1035	1	3,300;4,300;30,500			item127000065035,60	2000
342	1035	2	3,420;4,420;30,700		1,400000	item127000065035,5	2800
343	1035	3	3,510;4,510;30,850		1,450000	item127000065035,10	3400
344	1035	4	3,600;4,600;30,1000		1,500000	item127000065035,15	4000
345	1035	5	3,690;4,690;30,1150		1,550000	item127000065035,20	4600
346	1035	6	3,780;4,780;30,1300		1,600000	item127000065035,30	5200
347	1035	7	3,840;4,840;30,1400		1,650000	item127000065035,40	5600
348	1035	8	3,900;4,900;30,1500		1,700000	item127000065035,60	6000
349	1035	9	3,930;4,930;30,1550		1,750000	item127000065035,80	6200
350	1035	10	3,960;4,960;30,1600		1,800000	item127000065035,100	6400
351	1036	1	3,400;30,500;35,500			item127000065036,60	2000
352	1036	2	3,560;30,700;35,700		1,400000	item127000065036,5	2800
353	1036	3	3,680;30,850;35,850		1,450000	item127000065036,10	3400
354	1036	4	3,800;30,1000;35,1000		1,500000	item127000065036,15	4000
355	1036	5	3,920;30,1150;35,1150		1,550000	item127000065036,20	4600
356	1036	6	3,1040;30,1300;35,1300		1,600000	item127000065036,30	5200
357	1036	7	3,1120;30,1400;35,1400		1,650000	item127000065036,40	5600
358	1036	8	3,1200;30,1500;35,1500		1,700000	item127000065036,60	6000
359	1036	9	3,1240;30,1550;35,1550		1,750000	item127000065036,80	6200
360	1036	10	3,1280;30,1600;35,1600		1,800000	item127000065036,100	6400
361	1037	1	4,400;32,500;30,500			item127000065037,60	2000
362	1037	2	4,560;32,700;30,700		1,400000	item127000065037,5	2800
363	1037	3	4,680;32,850;30,850		1,450000	item127000065037,10	3400
364	1037	4	4,800;32,1000;30,1000		1,500000	item127000065037,15	4000
365	1037	5	4,920;32,1150;30,1150		1,550000	item127000065037,20	4600
366	1037	6	4,1040;32,1300;30,1300		1,600000	item127000065037,30	5200
367	1037	7	4,1120;32,1400;30,1400		1,650000	item127000065037,40	5600
368	1037	8	4,1200;32,1500;30,1500		1,700000	item127000065037,60	6000
369	1037	9	4,1240;32,1550;30,1550		1,750000	item127000065037,80	6200
370	1037	10	4,1280;32,1600;30,1600		1,800000	item127000065037,100	6400
371	1038	1	4,400;34,500;35,500			item127000065038,60	2000
372	1038	2	4,560;34,700;35,700		1,400000	item127000065038,5	2800
373	1038	3	4,680;34,850;35,850		1,450000	item127000065038,10	3400
374	1038	4	4,800;34,1000;35,1000		1,500000	item127000065038,15	4000
375	1038	5	4,920;34,1150;35,1150		1,550000	item127000065038,20	4600
376	1038	6	4,1040;34,1300;35,1300		1,600000	item127000065038,30	5200
377	1038	7	4,1120;34,1400;35,1400		1,650000	item127000065038,40	5600
378	1038	8	4,1200;34,1500;35,1500		1,700000	item127000065038,60	6000
379	1038	9	4,1240;34,1550;35,1550		1,750000	item127000065038,80	6200
380	1038	10	4,1280;34,1600;35,1600		1,800000	item127000065038,100	6400
381	1039	1	4,300;1,3000;35,300			item127000065039,60	1800
382	1039	2	4,420;1,4200;35,420		1,400000	item127000065039,5	2520
383	1039	3	4,510;1,5100;35,510		1,450000	item127000065039,10	3060
384	1039	4	4,600;1,6000;35,600		1,500000	item127000065039,15	3600
385	1039	5	4,690;1,6900;35,690		1,550000	item127000065039,20	4140
386	1039	6	4,780;1,7800;35,780		1,600000	item127000065039,30	4680
387	1039	7	4,840;1,8400;35,840		1,650000	item127000065039,40	5040
388	1039	8	4,900;1,9000;35,900		1,700000	item127000065039,60	5400
389	1039	9	4,930;1,9300;35,930		1,750000	item127000065039,80	5580
390	1039	10	4,960;1,9600;35,960		1,800000	item127000065039,100	5760
391	1040	1	3,400;32,500;34,500			item127000065040,60	2000
392	1040	2	3,560;32,700;34,700		1,400000	item127000065040,5	2800
393	1040	3	3,680;32,850;34,850		1,450000	item127000065040,10	3400
394	1040	4	3,800;32,1000;34,1000		1,500000	item127000065040,15	4000
395	1040	5	3,920;32,1150;34,1150		1,550000	item127000065040,20	4600
396	1040	6	3,1040;32,1300;34,1300		1,600000	item127000065040,30	5200
397	1040	7	3,1120;32,1400;34,1400		1,650000	item127000065040,40	5600
398	1040	8	3,1200;32,1500;34,1500		1,700000	item127000065040,60	6000
399	1040	9	3,1240;32,1550;34,1550		1,750000	item127000065040,80	6200
400	1040	10	3,1280;32,1600;34,1600		1,800000	item127000065040,100	6400
401	1041	1	1,4000	1,500;4,500		item127000065041,60	2000
402	1041	2	1,5600	1,700;4,700	1,400000	item127000065041,5	2800
403	1041	3	1,6800	1,850;4,850	1,450000	item127000065041,10	3400
404	1041	4	1,8000	1,1000;4,1000	1,500000	item127000065041,15	4000
405	1041	5	1,9200	1,1150;4,1150	1,550000	item127000065041,20	4600
406	1041	6	1,10400	1,1300;4,1300	1,600000	item127000065041,30	5200
407	1041	7	1,11200	1,1400;4,1400	1,650000	item127000065041,40	5600
408	1041	8	1,12000	1,1500;4,1500	1,700000	item127000065041,60	6000
409	1041	9	1,12400	1,1550;4,1550	1,750000	item127000065041,80	6200
410	1041	10	1,12800	1,1600;4,1600	1,800000	item127000065041,100	6400
411	1042	1	3,400	5,500;2,500		item127000065042,60	2000
412	1042	2	3,560	5,700;2,700	1,400000	item127000065042,5	2800
413	1042	3	3,680	5,850;2,850	1,450000	item127000065042,10	3400
414	1042	4	3,800	5,1000;2,1000	1,500000	item127000065042,15	4000
415	1042	5	3,920	5,1150;2,1150	1,550000	item127000065042,20	4600
416	1042	6	3,1040	5,1300;2,1300	1,600000	item127000065042,30	5200
417	1042	7	3,1120	5,1400;2,1400	1,650000	item127000065042,40	5600
418	1042	8	3,1200	5,1500;2,1500	1,700000	item127000065042,60	6000
419	1042	9	3,1240	5,1550;2,1550	1,750000	item127000065042,80	6200
420	1042	10	3,1280	5,1600;2,1600	1,800000	item127000065042,100	6400
421	1043	1	4,400	3,500;6,500		item127000065043,60	2000
422	1043	2	4,560	3,700;6,700	1,400000	item127000065043,5	2800
423	1043	3	4,680	3,850;6,850	1,450000	item127000065043,10	3400
424	1043	4	4,800	3,1000;6,1000	1,500000	item127000065043,15	4000
425	1043	5	4,920	3,1150;6,1150	1,550000	item127000065043,20	4600
426	1043	6	4,1040	3,1300;6,1300	1,600000	item127000065043,30	5200
427	1043	7	4,1120	3,1400;6,1400	1,650000	item127000065043,40	5600
428	1043	8	4,1200	3,1500;6,1500	1,700000	item127000065043,60	6000
429	1043	9	4,1240	3,1550;6,1550	1,750000	item127000065043,80	6200
430	1043	10	4,1280	3,1600;6,1600	1,800000	item127000065043,100	6400
431	1044	1		1,600;4,600;5,800		item127000065044,60	2000
432	1044	2		1,840;4,840;5,1120	1,400000	item127000065044,5	2800
433	1044	3		1,1020;4,1020;5,1360	1,450000	item127000065044,10	3400
434	1044	4		1,1200;4,1200;5,1600	1,500000	item127000065044,15	4000
435	1044	5		1,1380;4,1380;5,1840	1,550000	item127000065044,20	4600
436	1044	6		1,1560;4,1560;5,2080	1,600000	item127000065044,30	5200
437	1044	7		1,1680;4,1680;5,2240	1,650000	item127000065044,40	5600
438	1044	8		1,1800;4,1800;5,2400	1,700000	item127000065044,60	6000
439	1044	9		1,1860;4,1860;5,2480	1,750000	item127000065044,80	6200
440	1044	10		1,1920;4,1920;5,2560	1,800000	item127000065044,100	6400
441	1045	1		2,600;3,600;6,800		item127000065045,60	2000
442	1045	2		2,840;3,840;6,1120	1,400000	item127000065045,5	2800
443	1045	3		2,1020;3,1020;6,1360	1,450000	item127000065045,10	3400
444	1045	4		2,1200;3,1200;6,1600	1,500000	item127000065045,15	4000
445	1045	5		2,1380;3,1380;6,1840	1,550000	item127000065045,20	4600
446	1045	6		2,1560;3,1560;6,2080	1,600000	item127000065045,30	5200
447	1045	7		2,1680;3,1680;6,2240	1,650000	item127000065045,40	5600
448	1045	8		2,1800;3,1800;6,2400	1,700000	item127000065045,60	6000
449	1045	9		2,1860;3,1860;6,2480	1,750000	item127000065045,80	6200
450	1045	10		2,1920;3,1920;6,2560	1,800000	item127000065045,100	6400
451	1046	1		1,800;3,600;5,600		item127000065046,60	2000
452	1046	2		1,1120;3,840;5,840	1,400000	item127000065046,5	2800
453	1046	3		1,1360;3,1020;5,1020	1,450000	item127000065046,10	3400
454	1046	4		1,1600;3,1200;5,1200	1,500000	item127000065046,15	4000
455	1046	5		1,1840;3,1380;5,1380	1,550000	item127000065046,20	4600
456	1046	6		1,2080;3,1560;5,1560	1,600000	item127000065046,30	5200
457	1046	7		1,2240;3,1680;5,1680	1,650000	item127000065046,40	5600
458	1046	8		1,2400;3,1800;5,1800	1,700000	item127000065046,60	6000
459	1046	9		1,2480;3,1860;5,1860	1,750000	item127000065046,80	6200
460	1046	10		1,2560;3,1920;5,1920	1,800000	item127000065046,100	6400
461	1047	1		2,800;4,600;6,600		item127000065047,60	2000
462	1047	2		2,1120;4,840;6,840	1,400000	item127000065047,5	2800
463	1047	3		2,1360;4,1020;6,1020	1,450000	item127000065047,10	3400
464	1047	4		2,1600;4,1200;6,1200	1,500000	item127000065047,15	4000
465	1047	5		2,1840;4,1380;6,1380	1,550000	item127000065047,20	4600
466	1047	6		2,2080;4,1560;6,1560	1,600000	item127000065047,30	5200
467	1047	7		2,2240;4,1680;6,1680	1,650000	item127000065047,40	5600
468	1047	8		2,2400;4,1800;6,1800	1,700000	item127000065047,60	6000
469	1047	9		2,2480;4,1860;6,1860	1,750000	item127000065047,80	6200
470	1047	10		2,2560;4,1920;6,1920	1,800000	item127000065047,100	6400
471	1048	1		1,600;2,600;3,800		item127000065048,60	2000
472	1048	2		1,840;2,840;3,1120	1,400000	item127000065048,5	2800
473	1048	3		1,1020;2,1020;3,1360	1,450000	item127000065048,10	3400
474	1048	4		1,1200;2,1200;3,1600	1,500000	item127000065048,15	4000
475	1048	5		1,1380;2,1380;3,1840	1,550000	item127000065048,20	4600
476	1048	6		1,1560;2,1560;3,2080	1,600000	item127000065048,30	5200
477	1048	7		1,1680;2,1680;3,2240	1,650000	item127000065048,40	5600
478	1048	8		1,1800;2,1800;3,2400	1,700000	item127000065048,60	6000
479	1048	9		1,1860;2,1860;3,2480	1,750000	item127000065048,80	6200
480	1048	10		1,1920;2,1920;3,2560	1,800000	item127000065048,100	6400
481	1049	1		4,800;5,600;6,600		item127000065049,60	2000
482	1049	2		4,1120;5,840;6,840	1,400000	item127000065049,5	2800
483	1049	3		4,1360;5,1020;6,1020	1,450000	item127000065049,10	3400
484	1049	4		4,1600;5,1200;6,1200	1,500000	item127000065049,15	4000
485	1049	5		4,1840;5,1380;6,1380	1,550000	item127000065049,20	4600
486	1049	6		4,2080;5,1560;6,1560	1,600000	item127000065049,30	5200
487	1049	7		4,2240;5,1680;6,1680	1,650000	item127000065049,40	5600
488	1049	8		4,2400;5,1800;6,1800	1,700000	item127000065049,60	6000
489	1049	9		4,2480;5,1860;6,1860	1,750000	item127000065049,80	6200
490	1049	10		4,2560;5,1920;6,1920	1,800000	item127000065049,100	6400
491	1050	1	1,5000;3,300;32,500;33,500			item127000065050,60	3000
492	1050	2	1,7000;3,420;32,700;33,700		1,600000	item127000065050,5	4200
493	1050	3	1,8500;3,510;32,850;33,850		1,650000	item127000065050,10	5100
494	1050	4	1,10000;3,600;32,1000;33,1000		1,700000	item127000065050,15	6000
495	1050	5	1,11500;3,690;32,1150;33,1150		1,750000	item127000065050,20	6900
496	1050	6	1,13000;3,780;32,1300;33,1300		1,800000	item127000065050,30	7800
497	1050	7	1,14000;3,840;32,1400;33,1400		1,850000	item127000065050,40	8400
498	1050	8	1,15000;3,900;32,1500;33,1500		1,900000	item127000065050,60	9000
499	1050	9	1,15500;3,930;32,1550;33,1550		1,950000	item127000065050,80	9300
500	1050	10	1,16000;3,960;32,1600;33,1600		1,1000000	item127000065050,100	9600
501	1051	1	1,5000;3,300;34,500;35,500			item127000065051,60	3000
502	1051	2	1,7000;3,420;34,700;35,700		1,600000	item127000065051,5	4200
503	1051	3	1,8500;3,510;34,850;35,850		1,650000	item127000065051,10	5100
504	1051	4	1,10000;3,600;34,1000;35,1000		1,700000	item127000065051,15	6000
505	1051	5	1,11500;3,690;34,1150;35,1150		1,750000	item127000065051,20	6900
506	1051	6	1,13000;3,780;34,1300;35,1300		1,800000	item127000065051,30	7800
507	1051	7	1,14000;3,840;34,1400;35,1400		1,850000	item127000065051,40	8400
508	1051	8	1,15000;3,900;34,1500;35,1500		1,900000	item127000065051,60	9000
509	1051	9	1,15500;3,930;34,1550;35,1550		1,950000	item127000065051,80	9300
510	1051	10	1,16000;3,960;34,1600;35,1600		1,1000000	item127000065051,100	9600
511	1052	1	1,5000;3,300;30,500;31,500			item127000065052,60	3000
512	1052	2	1,7000;3,420;30,700;31,700		1,600000	item127000065052,5	4200
513	1052	3	1,8500;3,510;30,850;31,850		1,650000	item127000065052,10	5100
514	1052	4	1,10000;3,600;30,1000;31,1000		1,700000	item127000065052,15	6000
515	1052	5	1,11500;3,690;30,1150;31,1150		1,750000	item127000065052,20	6900
516	1052	6	1,13000;3,780;30,1300;31,1300		1,800000	item127000065052,30	7800
517	1052	7	1,14000;3,840;30,1400;31,1400		1,850000	item127000065052,40	8400
518	1052	8	1,15000;3,900;30,1500;31,1500		1,900000	item127000065052,60	9000
519	1052	9	1,15500;3,930;30,1550;31,1550		1,950000	item127000065052,80	9300
520	1052	10	1,16000;3,960;30,1600;31,1600		1,1000000	item127000065052,100	9600
521	1053	1	1,5000;3,300;32,500;34,500			item127000065053,60	3000
522	1053	2	1,7000;3,420;32,700;34,700		1,600000	item127000065053,5	4200
523	1053	3	1,8500;3,510;32,850;34,850		1,650000	item127000065053,10	5100
524	1053	4	1,10000;3,600;32,1000;34,1000		1,700000	item127000065053,15	6000
525	1053	5	1,11500;3,690;32,1150;34,1150		1,750000	item127000065053,20	6900
526	1053	6	1,13000;3,780;32,1300;34,1300		1,800000	item127000065053,30	7800
527	1053	7	1,14000;3,840;32,1400;34,1400		1,850000	item127000065053,40	8400
528	1053	8	1,15000;3,900;32,1500;34,1500		1,900000	item127000065053,60	9000
529	1053	9	1,15500;3,930;32,1550;34,1550		1,950000	item127000065053,80	9300
530	1053	10	1,16000;3,960;32,1600;34,1600		1,1000000	item127000065053,100	9600
531	1054	1	1,5000;4,300;32,500;33,500			item127000065054,60	3000
532	1054	2	1,7000;4,420;32,700;33,700		1,600000	item127000065054,5	4200
533	1054	3	1,8500;4,510;32,850;33,850		1,650000	item127000065054,10	5100
534	1054	4	1,10000;4,600;32,1000;33,1000		1,700000	item127000065054,15	6000
535	1054	5	1,11500;4,690;32,1150;33,1150		1,750000	item127000065054,20	6900
536	1054	6	1,13000;4,780;32,1300;33,1300		1,800000	item127000065054,30	7800
537	1054	7	1,14000;4,840;32,1400;33,1400		1,850000	item127000065054,40	8400
538	1054	8	1,15000;4,900;32,1500;33,1500		1,900000	item127000065054,60	9000
539	1054	9	1,15500;4,930;32,1550;33,1550		1,950000	item127000065054,80	9300
540	1054	10	1,16000;4,960;32,1600;33,1600		1,1000000	item127000065054,100	9600
541	1055	1	1,5000;4,300;34,500;35,500			item127000065055,60	3000
542	1055	2	1,7000;4,420;34,700;35,700		1,600000	item127000065055,5	4200
543	1055	3	1,8500;4,510;34,850;35,850		1,650000	item127000065055,10	5100
544	1055	4	1,10000;4,600;34,1000;35,1000		1,700000	item127000065055,15	6000
545	1055	5	1,11500;4,690;34,1150;35,1150		1,750000	item127000065055,20	6900
546	1055	6	1,13000;4,780;34,1300;35,1300		1,800000	item127000065055,30	7800
547	1055	7	1,14000;4,840;34,1400;35,1400		1,850000	item127000065055,40	8400
548	1055	8	1,15000;4,900;34,1500;35,1500		1,900000	item127000065055,60	9000
549	1055	9	1,15500;4,930;34,1550;35,1550		1,950000	item127000065055,80	9300
550	1055	10	1,16000;4,960;34,1600;35,1600		1,1000000	item127000065055,100	9600
551	1056	1	1,5000;4,300;30,500;31,500			item127000065056,60	3000
552	1056	2	1,7000;4,420;30,700;31,700		1,600000	item127000065056,5	4200
553	1056	3	1,8500;4,510;30,850;31,850		1,650000	item127000065056,10	5100
554	1056	4	1,10000;4,600;30,1000;31,1000		1,700000	item127000065056,15	6000
555	1056	5	1,11500;4,690;30,1150;31,1150		1,750000	item127000065056,20	6900
556	1056	6	1,13000;4,780;30,1300;31,1300		1,800000	item127000065056,30	7800
557	1056	7	1,14000;4,840;30,1400;31,1400		1,850000	item127000065056,40	8400
558	1056	8	1,15000;4,900;30,1500;31,1500		1,900000	item127000065056,60	9000
559	1056	9	1,15500;4,930;30,1550;31,1550		1,950000	item127000065056,80	9300
560	1056	10	1,16000;4,960;30,1600;31,1600		1,1000000	item127000065056,100	9600
561	1057	1	1,5000;4,300;33,500;31,500			item127000065057,60	3000
562	1057	2	1,7000;4,420;33,700;31,700		1,600000	item127000065057,5	4200
563	1057	3	1,8500;4,510;33,850;31,850		1,650000	item127000065057,10	5100
564	1057	4	1,10000;4,600;33,1000;31,1000		1,700000	item127000065057,15	6000
565	1057	5	1,11500;4,690;33,1150;31,1150		1,750000	item127000065057,20	6900
566	1057	6	1,13000;4,780;33,1300;31,1300		1,800000	item127000065057,30	7800
567	1057	7	1,14000;4,840;33,1400;31,1400		1,850000	item127000065057,40	8400
568	1057	8	1,15000;4,900;33,1500;31,1500		1,900000	item127000065057,60	9000
569	1057	9	1,15500;4,930;33,1550;31,1550		1,950000	item127000065057,80	9300
570	1057	10	1,16000;4,960;33,1600;31,1600		1,1000000	item127000065057,100	9600
571	1058	1	3,500;4,300;32,500;33,500			item127000065058,60	3000
572	1058	2	3,700;4,420;32,700;33,700		1,600000	item127000065058,5	4200
573	1058	3	3,850;4,510;32,850;33,850		1,650000	item127000065058,10	5100
574	1058	4	3,1000;4,600;32,1000;33,1000		1,700000	item127000065058,15	6000
575	1058	5	3,1150;4,690;32,1150;33,1150		1,750000	item127000065058,20	6900
576	1058	6	3,1300;4,780;32,1300;33,1300		1,800000	item127000065058,30	7800
577	1058	7	3,1400;4,840;32,1400;33,1400		1,850000	item127000065058,40	8400
578	1058	8	3,1500;4,900;32,1500;33,1500		1,900000	item127000065058,60	9000
579	1058	9	3,1550;4,930;32,1550;33,1550		1,950000	item127000065058,80	9300
580	1058	10	3,1600;4,960;32,1600;33,1600		1,1000000	item127000065058,100	9600
581	1059	1	3,500;4,300;34,500;35,500			item127000065059,60	3000
582	1059	2	3,700;4,420;34,700;35,700		1,600000	item127000065059,5	4200
583	1059	3	3,850;4,510;34,850;35,850		1,650000	item127000065059,10	5100
584	1059	4	3,1000;4,600;34,1000;35,1000		1,700000	item127000065059,15	6000
585	1059	5	3,1150;4,690;34,1150;35,1150		1,750000	item127000065059,20	6900
586	1059	6	3,1300;4,780;34,1300;35,1300		1,800000	item127000065059,30	7800
587	1059	7	3,1400;4,840;34,1400;35,1400		1,850000	item127000065059,40	8400
588	1059	8	3,1500;4,900;34,1500;35,1500		1,900000	item127000065059,60	9000
589	1059	9	3,1550;4,930;34,1550;35,1550		1,950000	item127000065059,80	9300
590	1059	10	3,1600;4,960;34,1600;35,1600		1,1000000	item127000065059,100	9600
591	1060	1	3,500;4,300;30,500;31,500			item127000065060,60	3000
592	1060	2	3,700;4,420;30,700;31,700		1,600000	item127000065060,5	4200
593	1060	3	3,850;4,510;30,850;31,850		1,650000	item127000065060,10	5100
594	1060	4	3,1000;4,600;30,1000;31,1000		1,700000	item127000065060,15	6000
595	1060	5	3,1150;4,690;30,1150;31,1150		1,750000	item127000065060,20	6900
596	1060	6	3,1300;4,780;30,1300;31,1300		1,800000	item127000065060,30	7800
597	1060	7	3,1400;4,840;30,1400;31,1400		1,850000	item127000065060,40	8400
598	1060	8	3,1500;4,900;30,1500;31,1500		1,900000	item127000065060,60	9000
599	1060	9	3,1550;4,930;30,1550;31,1550		1,950000	item127000065060,80	9300
600	1060	10	3,1600;4,960;30,1600;31,1600		1,1000000	item127000065060,100	9600
601	1061	1	3,500;4,300;30,500;35,500			item127000065061,60	3000
602	1061	2	3,700;4,420;30,700;35,700		1,600000	item127000065061,5	4200
603	1061	3	3,850;4,510;30,850;35,850		1,650000	item127000065061,10	5100
604	1061	4	3,1000;4,600;30,1000;35,1000		1,700000	item127000065061,15	6000
605	1061	5	3,1150;4,690;30,1150;35,1150		1,750000	item127000065061,20	6900
606	1061	6	3,1300;4,780;30,1300;35,1300		1,800000	item127000065061,30	7800
607	1061	7	3,1400;4,840;30,1400;35,1400		1,850000	item127000065061,40	8400
608	1061	8	3,1500;4,900;30,1500;35,1500		1,900000	item127000065061,60	9000
609	1061	9	3,1550;4,930;30,1550;35,1550		1,950000	item127000065061,80	9300
610	1061	10	3,1600;4,960;30,1600;35,1600		1,1000000	item127000065061,100	9600
611	1062	1	30,750;31,750	1,750;4,750		item127000065062,60	3000
612	1062	2	30,1050;31,1050	1,1050;4,1050	1,600000	item127000065062,5	4200
613	1062	3	30,1275;31,1275	1,1275;4,1275	1,650000	item127000065062,10	5100
614	1062	4	30,1500;31,1500	1,1500;4,1500	1,700000	item127000065062,15	6000
615	1062	5	30,1725;31,1725	1,1725;4,1725	1,750000	item127000065062,20	6900
616	1062	6	30,1950;31,1950	1,1950;4,1950	1,800000	item127000065062,30	7800
617	1062	7	30,2100;31,2100	1,2100;4,2100	1,850000	item127000065062,40	8400
618	1062	8	30,2250;31,2250	1,2250;4,2250	1,900000	item127000065062,60	9000
619	1062	9	30,2325;31,2325	1,2325;4,2325	1,950000	item127000065062,80	9300
620	1062	10	30,2400;31,2400	1,2400;4,2400	1,1000000	item127000065062,100	9600
621	1063	1	32,750;33,750	5,750;2,750		item127000065063,60	3000
622	1063	2	32,1050;33,1050	5,1050;2,1050	1,600000	item127000065063,5	4200
623	1063	3	32,1275;33,1275	5,1275;2,1275	1,650000	item127000065063,10	5100
624	1063	4	32,1500;33,1500	5,1500;2,1500	1,700000	item127000065063,15	6000
625	1063	5	32,1725;33,1725	5,1725;2,1725	1,750000	item127000065063,20	6900
626	1063	6	32,1950;33,1950	5,1950;2,1950	1,800000	item127000065063,30	7800
627	1063	7	32,2100;33,2100	5,2100;2,2100	1,850000	item127000065063,40	8400
628	1063	8	32,2250;33,2250	5,2250;2,2250	1,900000	item127000065063,60	9000
629	1063	9	32,2325;33,2325	5,2325;2,2325	1,950000	item127000065063,80	9300
630	1063	10	32,2400;33,2400	5,2400;2,2400	1,1000000	item127000065063,100	9600
631	1064	1	34,750;35,750	3,750;6,750		item127000065064,60	3000
632	1064	2	34,1050;35,1050	3,1050;6,1050	1,600000	item127000065064,5	4200
633	1064	3	34,1275;35,1275	3,1275;6,1275	1,650000	item127000065064,10	5100
634	1064	4	34,1500;35,1500	3,1500;6,1500	1,700000	item127000065064,15	6000
635	1064	5	34,1725;35,1725	3,1725;6,1725	1,750000	item127000065064,20	6900
636	1064	6	34,1950;35,1950	3,1950;6,1950	1,800000	item127000065064,30	7800
637	1064	7	34,2100;35,2100	3,2100;6,2100	1,850000	item127000065064,40	8400
638	1064	8	34,2250;35,2250	3,2250;6,2250	1,900000	item127000065064,60	9000
639	1064	9	34,2325;35,2325	3,2325;6,2325	1,950000	item127000065064,80	9300
640	1064	10	34,2400;35,2400	3,2400;6,2400	1,1000000	item127000065064,100	9600
641	1065	1		6,750;1,750;2,750;3,750		item127000065065,60	3000
642	1065	2		6,1050;1,1050;2,1050;3,1050	1,600000	item127000065065,5	4200
643	1065	3		6,1275;1,1275;2,1275;3,1275	1,650000	item127000065065,10	5100
644	1065	4		6,1500;1,1500;2,1500;3,1500	1,700000	item127000065065,15	6000
645	1065	5		6,1725;1,1725;2,1725;3,1725	1,750000	item127000065065,20	6900
646	1065	6		6,1950;1,1950;2,1950;3,1950	1,800000	item127000065065,30	7800
647	1065	7		6,2100;1,2100;2,2100;3,2100	1,850000	item127000065065,40	8400
648	1065	8		6,2250;1,2250;2,2250;3,2250	1,900000	item127000065065,60	9000
649	1065	9		6,2325;1,2325;2,2325;3,2325	1,950000	item127000065065,80	9300
650	1065	10		6,2400;1,2400;2,2400;3,2400	1,1000000	item127000065065,100	9600
651	1066	1		1,750;4,750;5,750;6,750		item127000065066,60	3000
652	1066	2		1,1050;4,1050;5,1050;6,1050	1,600000	item127000065066,5	4200
653	1066	3		1,1275;4,1275;5,1275;6,1275	1,650000	item127000065066,10	5100
654	1066	4		1,1500;4,1500;5,1500;6,1500	1,700000	item127000065066,15	6000
655	1066	5		1,1725;4,1725;5,1725;6,1725	1,750000	item127000065066,20	6900
656	1066	6		1,1950;4,1950;5,1950;6,1950	1,800000	item127000065066,30	7800
657	1066	7		1,2100;4,2100;5,2100;6,2100	1,850000	item127000065066,40	8400
658	1066	8		1,2250;4,2250;5,2250;6,2250	1,900000	item127000065066,60	9000
659	1066	9		1,2325;4,2325;5,2325;6,2325	1,950000	item127000065066,80	9300
660	1066	10		1,2400;4,2400;5,2400;6,2400	1,1000000	item127000065066,100	9600
661	1067	1		1,750;2,750;3,750;4,750		item127000065067,60	3000
662	1067	2		1,1050;2,1050;3,1050;4,1050	1,600000	item127000065067,5	4200
663	1067	3		1,1275;2,1275;3,1275;4,1275	1,650000	item127000065067,10	5100
664	1067	4		1,1500;2,1500;3,1500;4,1500	1,700000	item127000065067,15	6000
665	1067	5		1,1725;2,1725;3,1725;4,1725	1,750000	item127000065067,20	6900
666	1067	6		1,1950;2,1950;3,1950;4,1950	1,800000	item127000065067,30	7800
667	1067	7		1,2100;2,2100;3,2100;4,2100	1,850000	item127000065067,40	8400
668	1067	8		1,2250;2,2250;3,2250;4,2250	1,900000	item127000065067,60	9000
669	1067	9		1,2325;2,2325;3,2325;4,2325	1,950000	item127000065067,80	9300
670	1067	10		1,2400;2,2400;3,2400;4,2400	1,1000000	item127000065067,100	9600
671	1068	1		1,750;2,750;5,750;6,750		item127000065068,60	3000
672	1068	2		1,1050;2,1050;5,1050;6,1050	1,600000	item127000065068,5	4200
673	1068	3		1,1275;2,1275;5,1275;6,1275	1,650000	item127000065068,10	5100
674	1068	4		1,1500;2,1500;5,1500;6,1500	1,700000	item127000065068,15	6000
675	1068	5		1,1725;2,1725;5,1725;6,1725	1,750000	item127000065068,20	6900
676	1068	6		1,1950;2,1950;5,1950;6,1950	1,800000	item127000065068,30	7800
677	1068	7		1,2100;2,2100;5,2100;6,2100	1,850000	item127000065068,40	8400
678	1068	8		1,2250;2,2250;5,2250;6,2250	1,900000	item127000065068,60	9000
679	1068	9		1,2325;2,2325;5,2325;6,2325	1,950000	item127000065068,80	9300
680	1068	10		1,2400;2,2400;5,2400;6,2400	1,1000000	item127000065068,100	9600
681	1069	1		3,750;4,750;5,750;6,750		item127000065069,60	3000
682	1069	2		3,1050;4,1050;5,1050;6,1050	1,600000	item127000065069,5	4200
683	1069	3		3,1275;4,1275;5,1275;6,1275	1,650000	item127000065069,10	5100
684	1069	4		3,1500;4,1500;5,1500;6,1500	1,700000	item127000065069,15	6000
685	1069	5		3,1725;4,1725;5,1725;6,1725	1,750000	item127000065069,20	6900
686	1069	6		3,1950;4,1950;5,1950;6,1950	1,800000	item127000065069,30	7800
687	1069	7		3,2100;4,2100;5,2100;6,2100	1,850000	item127000065069,40	8400
688	1069	8		3,2250;4,2250;5,2250;6,2250	1,900000	item127000065069,60	9000
689	1069	9		3,2325;4,2325;5,2325;6,2325	1,950000	item127000065069,80	9300
690	1069	10		3,2400;4,2400;5,2400;6,2400	1,1000000	item127000065069,100	9600
