条件ID	条件类型	条件参数
int	int	string
Id	Type	Param
1	2	100250,0,5
2	3	monster_xschg1_002,1,24
3	2	100700,0,4
16	6	3,0
23	5	
52	2	1020060,0,3
53	2	1020060,1,3
54	2	1020110,0,3
55	2	1020170,0,3
68	2	1020170,1,3
66	2	1020160,1,3
95	2	1030030,0,3
96	2	1030080,0,3
97	2	1030080,1,3
98	2	1030080,2,3
99	2	1030150,0,3
100	2	1030180,2,3
101	2	1030180,3,3
102	2	1030220,0,3
103	2	1030230,1,3
104	2	1020130,0,3
129	2	10200010,3,5
130	2	10200020,0,5
181	2	10200020,1,3
131	2	10200040,0,5
132	2	10200080,1,5
133	2	10300010,0,5
189	2	10300010,1,3
134	2	10200080,0,5
135	2	10200070,0,5
183	2	10200080,0,3
136	2	10200080,1,3
137	2	10200260,1,3
138	2	10200260,2,3
139	2	10200010,6,3
140	2	10200040,1,3
143	2	10300130,1,3
144	2	10300180,2,3
145	2	10300180,3,3
146	2	10300180,4,3
147	2	10400040,1,3
148	2	10400040,2,3
149	2	10400040,3,3
150	2	10400120,2,3
151	2	10300020,0,5
188	2	10300030,1,3
152	2	10300030,1,5
153	2	10300380,0,5
154	2	10300070,0,5
155	2	10300120,1,5
156	2	10300130,2,5
185	2	10300140,1,3
157	2	10300150,0,5
158	2	10300160,4,5
186	2	10300160,5,3
159	2	10300180,1,5
160	2	10300170,0,5
190	2	10300180,1,3
161	2	10300180,4,5
187	2	10300190,1,3
162	2	10300190,1,5
163	2	10400120,2,5
164	2	10400060,5,5
165	2	10400070,1,5
166	2	10400120,2,5
167	2	10400130,0,5
168	2	10400130,1,5
177	2	10200100,0,5
178	2	510300,1,3
182	2	10200088,1,3
215	2	10200090,1,3
216	2	10200090,1,5
217	2	506040,3,3
224	2	506060,5,3
225	2	506090,3,3
226	2	7010020,1,3
227	2	7010020,2,3
228	2	7010020,3,3
229	2	7010030,2,3
230	2	7010040,2,3
231	2	7010070,2,3
232	2	7010080,2,3
233	2	7010120,3,3
234	2	7010120,4,3
235	2	7020050,0,3
236	2	7020080,0,3
237	2	7020090,1,3
238	2	7020090,3,3
239	2	7020140,2,3
240	2	7030090,2,3
241	2	7030140,7,3
242	2	7040090,1,3
243	2	7040090,2,3
244	2	7040120,3,3
245	2	7040120,4,3
246	2	7040120,5,3
247	2	7050030,2,3
248	2	7050040,1,3
253	2	7050040,3,3
249	2	7050070,3,3
250	2	7050070,4,3
251	2	7050130,0,3
252	2	7050130,1,3
254	2	7060060,2,3
255	2	7060060,3,3
256	2	7060060,4,3
257	2	7060060,5,3
258	2	7060140,1,3
45	13	
169	14	
196	9	
33	1	1,10
34	1	1,20
35	11	item106030101002,5
5	4	0
114	13	0
6	3	monster30000180,1,1
11	3	monster30000161,1,1
12	3	monster30000162,1,1
13	3	monster30000163,1,1
15	16	1
7	10	monster30000180
19	3	monster30000104,1,1
20	3	monster30000107,1,1
86	3	monster30000108,1,1
87	3	monster30000110,1,1
88	3	monster30000113,1,1
89	3	monster30000114,1,1
90	3	monster30000115,1,1
91	7	monster30000161,2,25
92	7	monster30000162,2,25
93	7	monster30000163,2,25
94	7	monster30000163,2,75
4	3	monster30100180,1,1
9	3	monster30100161,1,1
64	3	monster30100162,1,1
65	3	monster30100163,1,1
18	16	1
31	10	monster30100180
32	3	monster30100104,1,1
56	3	monster30100107,1,1
57	3	monster30100108,1,1
58	3	monster30100110,1,1
14	3	monster30100113,1,1
17	3	monster30100114,1,1
26	3	monster30100115,1,1
60	7	monster30100161,2,25
61	7	monster30100162,2,25
62	7	monster30100163,2,25
63	7	monster30100163,2,75
75	3	monster30000282,1,1
76	16	1
77	10	monster30000260
78	10	monster30000280
79	3	monster30000208,1,2
80	3	monster30000280,1,1
81	3	monster30000260,1,1
82	3	monster30000281,3,1
83	10	monster30000282
84	3	monster30000205,3,12
85	12	monster30000280,skill20132,1,1
220	16	6
21	3	monster30100282,1,1
22	16	1
30	10	monster30100260
36	10	monster30100280
37	3	monster30100208,1,2
38	16	4
222	3	monster30100280,1,1
39	3	monster30100260,1,1
40	3	monster30100281,3,1
221	3	monster30100283,3,1
41	10	monster30100282
42	3	monster30100205,3,12
44	12	monster30100280,skill20132_01,1,1
219	16	6
70	3	monster30000380,1,1
71	3	monster30000360,1,1
72	3	monster30000361,1,1
73	10	monster30000360
74	10	monster30000380
43	3	monster30100380,1,1
46	3	monster30100360,1,1
47	3	monster30100361,1,1
48	10	monster30100360
49	10	monster30100380
184	16	3
193	3	monster30000480,1,1
194	7	monster30000406,5,70
195	7	monster30000406,5,40
8	16	3
10	3	monster30100480,1,1
191	7	monster30100406,5,70
192	7	monster30100406,5,15
27	3	monster30100660,1,1
28	3	monster30100680,1,1
106	3	monster30100780,1,1
108	3	monster30100771,1,1
111	3	monster30100772,1,1
112	3	monster30100773,1,1
115	3	monster30100774,1,1
260	3	monster35000380,1,1
261	3	monster35000360,1,1
262	3	monster35000361,1,1
263	10	monster35000360
264	10	monster35000380
265	3	monster35000282,1,1
266	16	1
267	10	monster35000260
268	10	monster35000280
269	3	monster35000208,1,2
270	16	4
271	3	monster35000280,1,1
272	3	monster35000260,1,1
273	3	monster35000281,3,1
274	3	monster35000283,3,1
275	10	monster35000282
276	3	monster35000205,3,12
277	12	monster35000280,skill20132_01,1,1
278	16	6
59	3	monster10000015,3,1
69	3	monster33000300,3,1
105	3	monster33001300,3,1
109	3	monster33002300,3,1
110	3	monster33003300,3,1
122	3	monster33004300,3,1
123	3	monster33100300,3,1
124	3	monster33101300,3,1
125	3	monster33102300,3,1
170	3	monster33103300,3,1
171	3	monster33104300,3,1
172	3	monster33200300,3,1
173	3	monster33201300,3,1
174	3	monster33202300,3,1
175	3	monster33203300,3,1
176	3	monster33204300,3,1
113	16	1
202	12	monster31000101,skill200020,1,1
203	12	monster31000110,skill200020,1,1
117	7	monster31000160,2,20
118	3	monster31000160,3,1
119	3	monster31000180,3,1
120	17	finish_dungeon350011
279	16	1
280	12	monster31100101,skill200026,1,1
281	12	monster31100110,skill200026,1,1
282	7	monster31100160,2,20
283	3	monster31100160,3,1
284	3	monster31100180,3,1
285	17	finish_dungeon350013
126	6	3,0
223	3	monster31000281,3,1
24	3	monster31000380,3,1
25	3	monster31000381,3,1
50	3	monster31000480,3,1
51	3	monster31000481,3,1
67	17	arrived_door_avalon
29	3	monster31000581,3,1
116	3	monster31100581,3,1
127	3	monster31000681,3,1
1001	3	monster31000783,3,1
286	3	monster24000000,3,1
287	3	monster24000003,3,1
288	3	monster24000004,3,1
289	3	monster24000002,3,4
290	2	4020301,1,5
197	12	monster34000314,skill30417_11,1,1
198	3	monster34000360,1,1
199	3	monster34000361,1,1
200	10	monster34000360
201	10	monster34000380
204	12	monster34000282,skill80202,1,1
205	16	1
206	10	monster34000260
207	10	monster34000280
208	3	monster34000208,1,2
209	3	monster34000280,1,1
210	3	monster34000260,1,1
211	3	monster34000281,3,1
212	10	monster34000282
213	12	monster34000280,skill20132,1,1
214	3	monster340001152,1,1
107	17	finish_dungeon300080
401	16	101
402	3	monster11010101,1,3,monster11010102,1,2
403	16	102
404	3	monster11010201,1,3,monster11010202,1,2
405	16	103
406	3	monster11010301,1,3,monster11010302,1,2
407	16	104
408	16	105
409	3	monster11010403,1,4,monster11010404,1,2
410	16	106
411	16	107
412	3	monster11010503,1,4,monster11010504,1,2
413	16	108
414	16	109
415	3	monster11010603,1,4,monster11010604,1,2
416	16	110
417	16	111
418	3	monster11010702,1,7
419	16	112
420	16	113
421	3	monster11010802,1,7
422	16	114
423	16	115
424	3	monster11010902,1,7
425	16	116
426	16	117
427	3	monster110101002,1,1
428	16	118
429	16	119
430	3	monster110101102,1,1
431	16	120
432	16	121
433	3	monster110101202,1,1
500	3	multi_robot_02,1,1
501	3	multi_robot_03,1,1
502	3	multi_robot_05,1,1
503	4	0
504	3	multi_robot_01,1,1
505	3	multi_robot_04,1,1
506	2	10500170,2,5
507	2	10600040,2,5
508	2	10600050,2,5
509	2	10600070,1,5
510	2	10600080,2,5
511	2	10600100,3,5
512	2	10600110,3,5
513	2	10600150,0,5
514	2	10600160,2,5
515	2	10600200,1,5
516	2	10600200,3,5
517	2	10600210,2,5
518	2	10600260,3,5
519	2	10600260,4,5
520	2	10600270,2,5
521	2	10600310,1,5
522	2	10600320,1,5
523	2	10600330,1,5
524	2	10600330,2,5
525	2	10600350,0,5
526	2	10600350,1,5
527	2	10600350,2,5
528	2	10600360,1,5
529	2	10600020,2,5
530	2	10600020,4,5
531	2	10600120,2,5
532	2	507020,3,5
533	2	507020,3,5
534	2	507050,2,5
535	2	507050,2,5
536	2	507060,4,5
537	2	10200280,2,5
538	2	501010,1,5
539	2	501010,4,5
540	2	501010,6,5
541	2	503020,0,5
542	2	503020,3,5
543	2	10700020,3,5
544	2	10700310,1,5
545	2	10700030,2,5
546	2	10700020,3,5
547	2	10700030,2,5
548	2	10700040,1,5
549	2	10700060,3,5
550	2	10700090,1,5
551	2	10700100,0,5
552	2	10700060,3,5
553	2	10700100,0,5
554	2	10700080,1,5
555	2	10700270,1,5
556	2	10700300,3,5
557	2	10700120,0,5
558	2	10700130,0,5
559	2	10700180,3,5
560	2	10700240,4,5
561	2	10700130,4,5
562	2	10700120,4,5
563	2	10700170,1,5
564	2	10700210,5,5
565	2	10700230,1,5
566	2	10700260,2,5
567	2	10700230,0,5
568	2	10700250,3,5
569	2	10700280,3,5
570	2	10700290,2,5
571	2	10700240,2,5
572	2	10700250,0,5
573	2	10700250,3,5
574	2	10700250,3,5
575	2	10700300,3,5
576	2	10600200,3,5
577	2	10700100,0,5
578	2	10700100,3,5
579	2	10700110,4,5
580	2	10700120,0,5
581	2	10700190,2,5
582	2	10700190,0,5
583	2	10700200,0,5
600	2	11100020,2,5
601	2	11100030,0,5
602	2	11100020,2,3
603	2	11100120,7,5
604	2	11100080,1,3
605	2	11100085,2,5
606	2	11100110,0,5
607	2	11100120,4,3
608	2	11100120,5,3
609	2	11100140,1,5
610	2	11100140,1,3
611	2	11100150,3,3
612	2	11100150,5,5
613	2	11100170,1,5
614	2	11100180,2,5
615	2	11100200,0,5
616	2	10100180,0,5
617	2	10200280,1,3
618	2	11100160,3,5
619	2	11100160,3,3
620	2	11100010,2,5
621	2	11100150,4,5
622	2	10200110,1,3
623	2	10200260,2,5
624	2	10200020,0,5
625	2	10200030,0,5
626	2	10200030,1,5
627	2	10200035,3,5
628	2	10200040,1,5
629	2	10200050,1,5
630	2	10200070,2,5
631	2	10200080,1,5
632	2	10200090,1,5
633	2	10200120,3,5
639	2	10200020,1,5
640	2	10300050,1,3
641	2	10300130,1,3
642	2	10300130,2,3
643	2	10300130,4,3
644	2	10300140,1,3
645	2	10300120,2,3
646	2	10200120,4,5
647	2	10300010,1,5
648	2	10300020,3,5
649	2	10300030,1,5
650	2	10300030,5,5
651	3	monster30000580,1,1
652	3	monster30100580,1,1
653	2	10300030,4,5
654	2	10300380,0,5
655	2	10300380,1,5
656	2	10300075,1,5
657	2	10300075,6,5
658	2	10300100,0,5
659	2	10300110,3,5
660	2	10300115,4,5
661	2	10800520,0,5
662	2	10300120,4,5
663	2	10300120,6,5
664	2	10300130,4,5
665	2	10300140,1,5
666	2	10300150,1,5
667	2	10300170,0,5
671	2	10300160,1,5
672	2	10400010,1,5
673	2	10400010,2,3
674	2	10400010,3,5
675	2	10400030,2,5
676	2	10400030,6,5
677	2	10400040,1,5
678	2	10400290,1,5
679	2	10400300,2,5
680	2	10400070,1,5
681	2	10400070,3,5
682	2	10400080,1,5
683	2	10400080,5,5
684	2	10400090,0,5
685	2	10400090,4,5
686	2	10400100,1,5
687	2	10400310,1,5
688	2	10400120,1,5
689	2	10500010,2,5
690	2	10400030,3,3
691	2	10400030,4,3
692	2	10400100,3,3
693	2	10500010,2,5
694	2	10500020,3,5
695	2	10500030,2,5
696	2	10500060,3,5
697	2	10500060,1,5
698	2	10500060,3,5
699	2	10500070,3,5
700	2	10500090,1,5
701	2	10500090,2,5
702	2	10500100,2,5
703	2	10500100,4,5
704	2	10500100,4,5
705	2	10500110,0,5
706	2	10500110,2,5
707	2	10500120,0,5
708	2	10500330,0,5
709	2	10500140,1,5
710	2	10500150,1,5
711	2	10500160,1,5
716	2	10100180,0,5
717	2	10100177,0,5
718	2	1761010,1,3
719	2	1761010,1,6
720	2	10500020,1,3
721	2	10500060,3,3
722	2	10500100,1,3
723	2	10500140,2,3
724	2	1761020,1,3
725	2	1761020,1,6
726	2	1761030,0,3
727	2	1761030,0,6
728	2	1761040,0,3
729	2	1761040,0,6
730	2	1761050,0,3
731	2	1761050,0,6
732	2	1761060,0,3
733	2	1761060,0,6
734	2	1761070,1,3
735	2	1761070,1,6
736	2	1761080,0,3
737	2	1761080,0,6
738	2	1761090,0,3
739	2	1761090,0,6
740	2	1761100,0,3
741	2	1761100,0,6
742	2	508030,1,3
743	2	508030,3,3
744	2	508050,1,3
745	2	508050,2,3
746	2	508060,4,3
747	2	508090,2,3
748	2	508060,0,5
749	2	508060,1,5
750	2	508060,2,5
751	2	508060,4,5
752	2	508060,5,5
800	3	grail_01,1,1
801	2	10000020,4,5
802	2	10000060,1,5
803	2	10000080,0,5
804	2	10000060,2,5
805	2	10000040,2,5
806	2	10000050,2,5
807	2	10000020,2,5
808	2	10000020,1,5
809	2	10000020,4,5
810	2	10000030,1,5
811	2	10000040,3,5
812	2	10000080,1,5
813	2	10000090,0,5
814	2	10000070,0,5
815	2	10000040,2,5
816	2	10000080,2,5
817	2	11100160,3,5
818	2	11100170,0,5
819	2	11100160,0,5
820	2	11100120,5,5
821	2	11100210,0,5
822	2	11100120,6,5
823	2	11100150,3,5
824	2	11100140,0,5
825	2	11100140,1,5
826	3	monster30000502,3,2
827	3	monster30100502,3,2
828	2	10300010,1,5
829	2	10300030,0,5
830	2	10300210,2,3
831	2	10300210,3,3
832	2	10300240,1,3
833	2	10300010,2,5
834	2	10300115,2,3
835	2	10300160,1,3
836	2	10300160,2,3
837	2	10300170,2,3
838	2	10300160,4,5
839	2	10400010,0,5
840	2	10300280,1,5
841	2	10300290,3,5
842	2	10500270,2,3
843	2	11100130,0,5
844	2	11100130,2,5
845	2	11100140,2,5
846	2	11100150,4,5
847	2	10300330,5,5
848	2	10100177,0,5
849	2	10100160,0,5
850	2	10100150,1,5
851	2	8010050,1,5
852	2	8010060,3,5
853	2	8020050,2,5
854	2	8020060,3,5
855	2	8030070,2,5
856	2	8030080,3,5
857	2	10200210,1,5
858	2	10200280,1,5
859	2	8050100,0,5
860	2	8050120,0,5
861	2	8050100,1,5
862	2	8050110,2,5
863	2	520420,0,5
864	2	520420,3,5
865	2	10300320,0,5
866	2	520330,3,5
867	2	1762010,1,3
868	2	1762010,1,6
869	2	1762020,1,3
870	2	1762020,1,6
871	2	1762030,0,3
872	2	1762030,0,6
873	2	1762040,0,3
874	2	1762040,0,6
875	2	1762050,0,3
876	2	1762050,0,6
877	2	1762060,0,3
878	2	1762060,0,6
879	2	1762070,1,3
880	2	1762070,1,6
881	2	1762080,0,3
882	2	1762080,0,6
883	2	1762090,0,3
884	2	1762090,0,6
885	2	1762100,0,3
886	2	1762100,0,6
887	2	1763010,1,3
888	2	1763010,1,6
889	2	1763020,1,3
890	2	1763020,1,6
891	2	1763030,0,3
892	2	1763030,0,6
893	2	1763040,0,3
894	2	1763040,0,6
895	2	1763050,0,3
896	2	1763050,0,6
897	2	1763060,0,3
898	2	1763060,0,6
899	2	1763070,1,3
900	2	1763070,1,6
901	2	1763080,0,3
902	2	1763080,0,6
903	2	1763090,0,3
904	2	1763090,0,6
905	2	1763100,0,3
906	2	1763100,0,6
907	2	1764010,1,3
908	2	1764010,1,6
909	2	1764020,1,3
910	2	1764020,1,6
911	2	1764030,0,3
912	2	1764030,0,6
913	2	1764040,0,3
914	2	1764040,0,6
915	2	1764050,0,3
916	2	1764050,0,6
917	2	1764060,0,3
918	2	1764060,0,6
919	2	1764070,1,3
920	2	1764070,1,6
921	2	1764080,0,3
922	2	1764080,0,6
923	2	1764090,0,3
924	2	1764090,0,6
925	2	1764100,0,3
926	2	1764100,0,6
927	2	1765010,1,3
928	2	1765010,1,6
929	2	1765020,1,3
930	2	1765020,1,6
931	2	1765030,0,3
932	2	1765030,0,6
933	2	1765040,0,3
934	2	1765040,0,6
935	2	1765050,0,3
936	2	1765050,0,6
937	2	1765060,0,3
938	2	1765060,0,6
939	2	1765070,1,3
940	2	1765070,1,6
941	2	1765080,0,3
942	2	1765080,0,6
943	2	1765090,0,3
944	2	1765090,0,6
945	2	1765100,0,3
946	2	1765100,0,6
947	2	10300330,5,5
948	2	500250,4,5
949	2	500260,4,5
950	2	500270,6,5
951	2	500280,4,5
952	2	500290,4,5
953	2	500300,4,5
954	3	guildleague_bluebombmonster101,1,1
955	3	guildleague_bluebombmonster102,1,1
956	3	guildleague_bluebomb_101,1,1
957	3	guildleague_bluebomb_102,1,1
958	3	guildleague_bluebombmonster201,1,1
959	3	guildleague_bluebombmonster202,1,1
960	3	guildleague_bluebomb_201,1,1
961	3	guildleague_bluebomb_202,1,1
962	3	guildleague_redbombmonster101,1,1
963	3	guildleague_redbombmonster102,1,1
964	3	guildleague_redbomb_101,1,1
965	3	guildleague_redbomb_102,1,1
966	3	guildleague_redbombmonster201,1,1
967	3	guildleague_redbombmonster202,1,1
968	3	guildleague_redbomb_201,1,1
969	3	guildleague_redbomb_202,1,1
970	17	star_trace_first_wave_monster
980	2	2750101,0,5
981	2	2750121,1,5
982	2	2750119,1,5
983	2	2750119,1,5
984	2	2750120,5,5
985	2	2750120,3,5
986	2	520105,0,5
987	2	591080,3,5
988	2	591090,0,5
989	2	591090,2,5
990	2	591130,0,5
991	2	591190,0,5
992	2	591230,0,5
993	2	591270,0,5
994	2	591290,1,5
995	2	591290,0,5
996	2	591320,1,5
997	2	591300,1,5
998	2	591310,1,5
999	2	591320,1,5
300	2	10710040,0,5
301	2	10710060,0,5
302	2	10710090,1,5
303	2	10710120,1,5
304	2	10710220,4,5
305	2	10710240,0,5
306	2	10710070,4,5
307	2	10710090,1,5
308	2	10710070,3,5
309	2	10710090,1,5
310	2	10710090,1,5
311	2	10710120,1,5
312	2	10710170,1,5
313	2	10710190,0,5
314	2	10710190,0,5
315	2	10710210,0,5
316	2	10710190,0,5
317	2	10710210,0,5
318	2	10710120,0,5
319	2	10710140,1,5
320	2	10710140,1,5
321	2	10710150,2,5
322	2	10710210,1,5
323	2	10710220,0,5
324	2	10710210,1,5
325	2	10710220,0,5
326	2	10710120,0,5
327	2	10710130,1,5
328	2	10710210,1,5
329	2	10710210,3,5
330	2	10710070,3,5
331	2	10710080,0,5
332	2	10710160,6,5
333	2	10710220,0,5
334	2	10710220,2,5
335	2	10710230,0,5
336	2	10710220,0,5
337	2	10710220,4,5
338	2	10710160,5,5
339	2	10710230,0,5
340	2	10710030,0,3
341	2	10710030,1,5
342	2	10710210,2,3
343	2	10710210,2,5
344	2	10710100,1,5
345	2	10710230,1,5
346	2	10710100,1,5
347	2	10100220,3,5
348	2	10200010,2,5
349	2	10710210,0,3
1003	3	monster30000101,3,5
291	3	monster36000002,1,16
350	3	monster36000003,1,1
351	3	monster36000004,1,1
352	3	monster36000005,1,1
353	3	monster36000006,1,1
354	3	monster36000007,1,1
355	3	monster36000008,1,1
356	3	monster36000009,1,1
357	3	monster36000010,1,1
358	3	monster36000011,1,1
359	3	monster36000012,1,1
360	3	monster36000013,1,1
361	3	monster36000001,1,16
362	3	monster36000015,1,6,monster36000115,1,2,monster36000001,1,16
363	3	monster36000016,1,16
364	3	monster36000017,1,1
365	3	monster36000016,1,16,monster36000018,1,8
366	3	monster36000019,1,4,monster36000017,1,12
367	3	monster36000020,1,3,monster36000021,1,3
368	3	monster36000024,1,1
369	3	monster36000025,1,1
370	3	monster36000030,1,6
371	3	monster36000031,1,6
372	3	monster36000032,1,1
373	3	monster36000034,1,1
374	3	monster36000035,1,1,monster36000036,1,1,monster36000037,1,1
375	3	monster36000038,1,1
376	3	monster36000039,1,1
377	3	monster36000042,1,1
378	3	monster36000041,1,8
379	3	monster36000040,1,8
380	3	monster36000043,1,1
381	3	monster36000044,1,8
382	3	monster36000045,1,6
383	3	monster36000046,1,1
384	3	monster36000047,1,1
385	3	monster36000048,1,1
386	3	monster36000049,1,1
387	3	monster36000022,1,3,monster36000023,1,3
388	3	monster36000017,1,12,monster36000019,1,8
389	3	monster36000042,1,48
390	3	monster36000043,1,49
391	3	monster36000044,1,50
392	3	monster36000045,1,51
393	3	monster36000046,1,52
394	3	monster36000047,1,53
395	3	monster36000048,1,54
396	3	monster36000049,1,55
397	3	monster36000050,1,56
398	3	monster36000051,1,57
399	3	monster36000052,1,58
400	3	monster36000053,1,59
434	3	monster36000001,1,1
435	15	3,60000
436	3	monster36000059,1,1
437	3	monster36000060,1,1
438	3	monster36000362,1,1
439	3	monster36000561,1,1
440	3	monster36000009_1,1,12
441	3	monster36000009_1,1,16
442	3	monster36000009_1,1,24
443	2	640130,0,5
444	2	640150,0,5
445	2	640150,0,5
446	2	640170,0,5
447	2	640170,0,5
448	2	640190,0,5
449	2	650020,3,5
450	2	650030,3,5
451	2	650030,4,5
452	2	650040,3,5
453	2	650040,2,5
454	2	650040,3,0
121	2	560159,0,5
455	2	10800020,0,5
456	2	10800030,0,5
457	2	10800040,0,5
458	2	10800050,0,5
459	2	10800080,2,5
460	2	10800100,0,5
461	2	10800090,1,5
462	2	10800100,3,5
463	2	10800110,0,5
464	2	10800130,0,5
465	2	10800290,2,5
466	2	10800290,3,5
467	2	10800130,2,5
468	2	10800220,0,5
469	2	10800290,4,5
470	2	10800310,0,5
471	2	10800110,0,5
472	2	10800110,0,5
473	2	10800120,2,5
474	2	10800130,1,5
475	2	10800240,1,5
476	2	10800240,3,5
477	2	10800290,2,5
478	2	10800290,4,5
479	2	10800170,1,5
480	2	10800170,3,5
481	2	10800200,0,5
482	2	10800200,2,5
483	2	10800340,0,5
484	2	10800340,3,5
485	2	10800430,1,5
486	2	10800430,3,5
487	2	10100170,0,5
488	2	1700320,0,5
489	2	1700340,0,5
584	2	10800240,0,3
585	2	10800170,0,3
586	2	10800200,0,3
587	2	10800290,0,4
588	2	10800340,0,3
589	2	10800430,0,3
491	2	509100,0,5
492	2	509290,0,5
493	2	509180,0,5
494	2	509180,1,5
495	2	509110,0,5
496	2	509130,0,5
497	2	509200,0,5
498	2	509200,2,5
668	2	509200,0,5
669	2	509200,2,5
634	2	509340,0,5
635	2	509380,0,5
636	2	509360,1,5
637	2	509380,0,5
141	2	509170,0,5
142	2	509180,0,5
292	2	162400,3,5
293	2	162400,5,5
294	2	162400,7,5
295	2	162400,9,5
760	2	511100,0,5
761	2	511190,0,5
762	2	511230,0,5
763	2	511270,0,5
764	2	511330,0,5
765	2	511360,0,5
766	2	511370,0,5
767	2	511130,2,5
768	2	511160,1,5
769	2	511170,1,5
770	2	511200,0,5
771	2	511230,0,5
772	2	511240,1,5
773	2	511280,1,5
774	2	511290,0,5
775	2	511300,2,5
776	2	511150,0,5
777	2	511160,3,5
778	3	monster36900000,1,9,monster36900001,1,9
779	3	monster36900050,1,5,monster36900051,1,3
780	3	monster36900101,1,8,monster36900102,1,8
781	3	monster36900150,1,6
782	3	monster36900201,1,12,monster36900202,1,24
783	3	monster36900255,1,1
784	3	monster36900300,1,11,monster36900309,1,3
785	3	monster36900302,1,4,monster36900300,1,4,monster36900309,1,7
786	3	monster36900315,1,6,monster36900309,1,8,monster36900300,1,8
787	3	monster36900322,1,1
788	3	monster36900308,1,10,monster36900300,1,4,monster36900302,1,4,monster36900309,1,4
789	3	monster36900315,1,2,monster36900302,1,2,monster36900300,1,8,monster36900308,1,8,monster36900309,1,4
790	3	monster36900301,1,5,monster36900309,1,4,monster36900300,1,2,monster36900308,1,7,monster36900316,1,1
791	3	monster36900321,1,1
792	3	monster36900300,1,4,monster36900301,1,2,monster36900309,1,3,monster36900310,1,3,monster36900311,1,3,monster36900316,1,3
793	3	monster36900309,1,3,monster36900310,1,8,monster36900311,1,8,monster36900316,1,2
794	3	monster36900302,1,4,monster36900301,1,1,monster36900300,1,4,monster36900310,1,4,monster36900311,1,4
795	3	monster36900323,1,1
796	7	monster36900203,2,1
670	3	monster36800000,3,1
972	2	511260,0,5
973	2	511220,1,5
974	2	511280,0,5
975	2	511300,1,5
976	2	511340,1,5
977	2	511340,0,5
978	2	511220,0,5
1004	2	1700300,0,1
1005	2	1700300,2,5
1006	2	1700300,1,5
1007	2	1700300,3,5
1008	2	1700300,2,5
1009	2	1700300,3,5
1010	2	810040,0,5
1011	2	810060,0,5
1012	2	810080,0,5
1013	2	810130,0,5
1014	2	810120,1,5
1015	2	810120,1,5
1016	2	810160,0,5
1017	2	810150,1,5
1018	2	810160,0,5
1019	2	810200,0,5
1020	2	810180,0,5
1021	2	810190,1,5
1022	2	810190,2,5
1023	2	810200,1,5
1026	2	810190,2,5
1027	2	810200,1,5
1028	2	820020,1,5
1029	2	820020,1,5
1030	2	810030,1,5
1031	2	810040,1,5
1032	2	820050,1,5
1033	2	820130,0,5
1034	2	820060,5,5
1035	2	820090,0,5
1036	2	820090,0,5
1037	2	820110,0,5
1038	2	820100,0,5
1039	2	820120,0,5
1040	2	820170,0,5
1041	2	820170,2,5
1042	2	820170,2,5
1043	2	820180,2,5
1044	2	820170,2,5
1045	2	820180,2,5
1046	2	820180,2,5
1047	2	820190,0,5
1048	2	820080,0,5
1049	2	820080,1,5
1050	2	820070,1,5
1051	2	820080,0,5
1052	2	820160,1,5
1053	2	820160,2,5
1054	2	820160,2,5
1055	2	820160,3,5
1056	2	820060,0,5
1057	2	820060,1,5
1058	2	820110,0,5
1059	2	820110,1,5
1060	2	820140,0,5
1061	2	820150,0,5
1062	2	820160,4,5
1063	2	820160,5,5
1064	2	820170,0,5
1065	2	820160,3,5
1066	2	820160,4,5
1067	2	10850020,0,5
1068	2	10850050,0,5
1069	2	10850360,1,5
1070	2	10850370,0,5
1071	2	10850350,3,5
1072	2	10850380,0,5
1073	2	10850360,0,5
590	3	monster37000002,3,8,monster37000003,3,4
591	3	monster37000005,3,8,monster37000006,3,4
592	3	monster37000020,3,8,monster37000021,3,4
593	3	monster37000016,3,8,monster37000018,3,4
594	3	monster37000023,3,8,monster37000024,3,4
595	3	monster37000011,3,8,monster37000012,3,4
596	3	monster37000007,3,8,monster37000015,3,4
597	3	monster37000007,3,8,monster37000001,3,4
598	3	monster37000157,3,8,monster37000156,3,8
1100	3	monster37000128,3,8,monster37000141,3,4
1101	3	monster37000130,3,8,monster37000131,3,4
1102	3	monster37000123,3,4,monster37000124,3,4
1103	3	monster37000134,3,8,monster37000135,3,4
1104	3	monster37000137,3,4,monster37000135,3,4
1105	3	monster37000139,3,4,monster37000140,3,4
1106	3	monster37000125,3,8,monster37000126,3,4
1107	3	monster37000151,3,4,monster37000152,3,4,monster37000153,3,4,monster37000154,3,4
797	3	monster19110823,3,2
798	3	monster19110819,3,2
1074	2	2100210,1,5
1075	2	2100230,2,5
1076	2	2100240,0,5
1110	3	monster37000207,1,1
1111	3	monster37000205,1,1
1112	3	monster37000206,1,1
1113	10	monster37000205
1114	10	monster37000207
1115	3	monster37000217,1,1
1116	3	monster37000215,1,1
1117	3	monster37000216,1,1
1118	10	monster37000215
1119	10	monster37000217
1120	2	10900190,1,5
1121	2	10900080,1,5
1122	2	10900020,1,5
1123	2	10900040,0,5
1124	2	10900100,1,5
1125	2	10900120,1,5
1126	2	10900160,0,5
1127	2	10900170,2,5
1128	2	10900180,3,5
1129	2	10900190,2,5
1130	2	10900200,0,5
1131	2	10900190,2,5
1132	2	10900180,2,5
1133	2	10900180,3,5
1134	2	10900170,1,5
1135	2	10900180,2,5
1136	2	10900010,1,5
1137	2	10900010,3,5
1138	2	10900010,3,5
1139	2	10900020,0,5
1140	2	10900050,0,5
1141	2	10900050,1,5
1142	2	10900140,3,5
1143	2	10900140,4,5
1144	2	10900170,1,5
1145	2	10900170,2,5
1146	2	10900200,0,5
1147	2	10900200,1,5
1148	2	10900200,0,5
1149	2	10900200,1,5
1150	2	10900060,0,5
1151	2	10900080,0,5
1152	3	monster37000312,1,1
1153	16	1
1154	10	monster37000309
1155	10	monster37000310
1156	3	monster37000303,1,2
1157	16	4
1158	3	monster37000310,1,1
1159	3	monster37000309,1,1
1160	3	monster37000311,3,1
1161	3	monster30100283,3,1
1162	10	monster37000312
1163	3	monster37000302,3,12
1164	12	monster37000310,skill20132_01,1,1
1165	16	6
1166	3	monster37000362,1,1
1167	16	1
1168	10	monster37000359
1169	10	monster37000360
1170	3	monster37000353,1,2
1171	16	4
1172	3	monster37000360,1,1
1173	3	monster37000359,1,1
1174	3	monster37000361,3,1
1175	3	monster30100283,3,1
1176	10	monster37000362
1177	3	monster37000352,3,12
1178	12	monster37000360,skill20132_01,1,1
1179	16	6
1180	3	monster37000400,3,1
1181	3	monster37000409,3,12,monster37000410,3,12
1182	3	monster37000411,3,15,monster37000412,3,15
1183	3	monster37000405,3,6,monster37000406,3,6
1184	3	monster37000407,3,9,monster37000408,3,9
1185	3	monster37000401,3,9,monster37000402,3,9
1186	3	monster37000403,3,12,monster37000404,3,12
1187	3	monster37000426,3,4
1188	3	monster37000425,3,4
1189	3	monster37000423,3,3
1190	3	monster37000424,3,1
1191	3	monster37000421,3,6
1192	3	monster37000422,3,1
1193	1	1,58
1194	3	monster36000126,3,5
1195	3	monster36000127,1,16
1196	3	monster36000128,1,1
1197	3	monster36000129,1,1
1198	3	monster36000130,1,1
1199	3	monster36000131,1,1
1200	3	monster36000132,1,1
1201	3	monster36000133,1,1
1202	3	monster36000134,1,1
1203	3	monster36000135,1,1
1204	3	monster36000136,1,1
1205	3	monster36000137,1,1
1206	3	monster36000138,1,1
1207	3	monster36000126,1,16
1208	3	monster36000140,1,6,monster36000240,1,2,monster36000126,1,16
1209	3	monster36000141,1,16
1210	3	monster36000142,1,1
1211	3	monster36000141,1,16,monster36000143,1,8
1212	3	monster36000144,1,4,monster36000142,1,12
1213	3	monster36000145,1,3,monster36000146,1,3
1214	3	monster36000149,1,1
1215	3	monster36000150,1,1
1216	3	monster36000155,1,6
1217	3	monster36000156,1,6
1218	3	monster36000157,1,1
1219	3	monster36000159,1,1
1220	3	monster36000160,1,1,monster36000161,1,1,monster36000162,1,1
1221	3	monster36000163,1,1
1222	3	monster36000164,1,1
1223	3	monster36000167,1,1
1224	3	monster36000166,1,8
1225	3	monster36000165,1,8
1226	3	monster36000168,1,1
1227	3	monster36000169,1,8
1228	3	monster36000170,1,6
1229	3	monster36000171,1,1
1230	3	monster36000172,1,1
1231	3	monster36000173,1,1
1232	3	monster36000174,1,1
1233	3	monster36000147,1,3,monster36000148,1,3
1234	3	monster36000142,1,12,monster36000144,1,8
1235	3	monster36000167,1,48
1236	3	monster36000168,1,49
1237	3	monster36000169,1,50
1238	3	monster36000170,1,51
1239	3	monster36000171,1,52
1240	3	monster36000172,1,53
1241	3	monster36000173,1,54
1242	3	monster36000174,1,55
1243	3	monster36000175,1,56
1244	3	monster36000176,1,57
1245	3	monster36000052,1,58
1246	3	monster36000053,1,59
1247	3	monster36000126,1,1
1248	15	3,60000
1249	3	monster36000184,1,1
1250	3	monster36000185,1,1
1251	3	monster36000487,1,1
1252	3	monster36000686,1,1
1253	3	monster36000134_1,1,12
1254	3	monster36000134_1,1,16
1255	3	monster36000134_1,1,24
1256	3	monster30000101,3,5
1257	3	monster36000252,1,16
1258	3	monster36000253,1,1
1259	3	monster36000254,1,1
1260	3	monster36000255,1,1
1261	3	monster36000256,1,1
1262	3	monster36000257,1,1
1263	3	monster36000258,1,1
1264	3	monster36000259,1,1
1265	3	monster36000260,1,1
1266	3	monster36000261,1,1
1267	3	monster36000262,1,1
1268	3	monster36000263,1,1
1269	3	monster36000251,1,16
1270	3	monster36000265,1,6,monster36000365,1,2,monster36000251,1,16
1271	3	monster36000266,1,16
1272	3	monster36000267,1,1
1273	3	monster36000266,1,16,monster36000268,1,8
1274	3	monster36000269,1,4,monster36000267,1,10
1275	3	monster36000270,1,3,monster36000271,1,3
1276	3	monster36000274,1,1
1277	3	monster36000275,1,1
1278	3	monster36000280,1,6
1279	3	monster36000281,1,6
1280	3	monster36000282,1,1
1281	3	monster36000284,1,1
1282	3	monster36000285,1,1,monster36000286,1,1,monster36000287,1,1
1283	3	monster36000288,1,1
1284	3	monster36000289,1,1
1285	3	monster36000292,1,1
1286	3	monster36000291,1,8
1287	3	monster36000290,1,8
1288	3	monster36000293,1,1
1289	3	monster36000294,1,8
1290	3	monster36000295,1,6
1291	3	monster36000296,1,1
1292	3	monster36000297,1,1
1293	3	monster36000298,1,1
1294	3	monster36000299,1,1
1295	3	monster36000272,1,3,monster36000273,1,3
1296	3	monster36000267,1,12,monster36000269,1,8
1297	3	monster36000292,1,48
1298	3	monster36000293,1,49
1299	3	monster36000294,1,50
1300	3	monster36000295,1,51
1301	3	monster36000296,1,52
1302	3	monster36000297,1,53
1303	3	monster36000298,1,54
1304	3	monster36000299,1,55
1305	3	monster36000300,1,56
1306	3	monster36000301,1,57
1307	3	monster36000052,1,58
1308	3	monster36000053,1,59
1309	3	monster36000251,1,1
1310	15	3,60000
1311	3	monster36000059,1,1
1312	3	monster36000060,1,1
1313	3	monster36000612,1,1
1314	3	monster36000811,1,1
1315	3	monster36000259_1,1,12
1316	3	monster36000259_1,1,16
1317	3	monster36000259_1,1,24
1318	3	monster30000101,3,5
1319	3	monster36000377,1,16
1320	3	monster36000378,1,1
1321	3	monster36000379,1,1
1322	3	monster36000380,1,1
1323	3	monster36000381,1,1
1324	3	monster36000382,1,1
1325	3	monster36000383,1,1
1326	3	monster36000384,1,1
1327	3	monster36000385,1,1
1328	3	monster36000386,1,1
1329	3	monster36000387,1,1
1330	3	monster36000388,1,1
1331	3	monster36000376,1,16
1332	3	monster36000390,1,6,monster36000490,1,2,monster36000376,1,16
1333	3	monster36000391,1,16
1334	3	monster36000392,1,1
1335	3	monster36000391,1,16,monster36000393,1,8
1336	3	monster36000394,1,4,monster36000392,1,12
1337	3	monster36000395,1,3,monster36000396,1,3
1338	3	monster36000399,1,1
1339	3	monster36000400,1,1
1340	3	monster36000405,1,6
1341	3	monster36000406,1,6
1342	3	monster36000407,1,1
1343	3	monster36000409,1,1
1344	3	monster36000410,1,1,monster36000411,1,1,monster36000412,1,1
1345	3	monster36000413,1,1
1346	3	monster36000414,1,1
1347	3	monster36000417,1,1
1348	3	monster36000416,1,8
1349	3	monster36000415,1,8
1350	3	monster36000418,1,1
1351	3	monster36000419,1,8
1352	3	monster36000420,1,6
1353	3	monster36000421,1,1
1354	3	monster36000422,1,1
1355	3	monster36000423,1,1
1356	3	monster36000424,1,1
1357	3	monster36000397,1,3,monster36000398,1,3
1358	3	monster36000392,1,12,monster36000394,1,8
1359	3	monster36000417,1,48
1360	3	monster36000418,1,49
1361	3	monster36000419,1,50
1362	3	monster36000420,1,51
1363	3	monster36000421,1,52
1364	3	monster36000422,1,53
1365	3	monster36000423,1,54
1366	3	monster36000424,1,55
1367	3	monster36000425,1,56
1368	3	monster36000426,1,57
1369	3	monster36000052,1,58
1370	3	monster36000053,1,59
1371	3	monster36000376,1,1
1372	15	3,60000
1373	3	monster36000434,1,1
1374	3	monster36000435,1,1
1375	3	monster36000737,1,1
1376	3	monster36000936,1,1
1377	3	monster36000384_1,1,12
1378	3	monster36000384_1,1,16
1379	3	monster36000384_1,1,24
1380	3	monster37000523,1,1
1381	3	monster37000520,1,1
1382	3	monster37000521,1,1
1383	3	monster37000522,1,1
1384	16	1
1385	10	monster37000523
1386	3	monster37000504,1,1
1387	3	monster37000507,1,1
1388	3	monster37000508,1,1
1389	3	monster37000510,1,1
1390	3	monster37000513,1,1
1391	3	monster37000514,1,1
1392	3	monster37000515,1,1
1393	7	monster37000520,2,25
1394	7	monster37000521,2,25
1395	7	monster37000522,2,25
1396	7	monster37000522,2,75
1397	3	monster37000573,1,1
1398	3	monster37000570,1,1
1399	3	monster37000571,1,1
1400	3	monster37000572,1,1
1401	16	1
1402	10	monster37000573
1403	3	monster37000554,1,1
1404	3	monster37000557,1,1
1405	3	monster37000558,1,1
1406	3	monster37000560,1,1
1407	3	monster37000563,1,1
1408	3	monster37000564,1,1
1409	3	monster37000565,1,1
1410	7	monster37000570,2,25
1411	7	monster37000571,2,25
1412	7	monster37000572,2,25
1413	7	monster37000572,2,75
1414	3	monster37000601,3,1
1415	3	monster37000602,3,1
1416	3	monster37000603,3,1
1417	3	monster37000604,3,1
1418	3	monster37000607,3,5,monster37000608,3,5
1419	3	monster37000605,3,5,monster37000606,3,5
1420	3	monster37000605,3,5,monster37000607,3,5
1421	3	monster37000609,3,6,monster37000610,3,6
1422	3	monster37000611,3,6,monster37000612,3,6
1423	3	monster37000611,3,6,monster37000609,3,6
1424	3	monster37000613,3,7,monster37000614,3,7
1425	3	monster37000615,3,7,monster37000616,3,7
1426	3	monster37000615,3,7,monster37000614,3,7
1427	3	monster37000617,3,8,monster37000618,3,8
1428	3	monster37000619,3,8,monster37000620,3,8
1429	3	monster37000619,3,8,monster37000618,3,8
1430	3	monster37000621,3,10,monster37000622,3,10
1431	3	monster37000623,3,10,monster37000624,3,10
1432	3	monster37000621,3,10,monster37000624,3,10
1433	3	monster37000647,3,1
1434	3	monster37000673,1,32
1435	3	monster37000653,3,1
1436	3	monster37000629,3,3
1437	3	monster37000630,3,3
1438	3	monster37000631,3,3
1439	3	monster37000632,3,4
1440	3	monster37000633,3,4
1441	3	monster37000634,3,4
1442	3	monster37000635,3,5
1443	3	monster37000636,3,5
1444	3	monster37000637,3,5
1445	3	monster37000638,3,6
1446	3	monster37000639,3,6
1447	3	monster37000640,3,6
1448	3	monster37000641,3,8
1449	3	monster37000642,3,8
1450	3	monster37000643,3,8
1451	3	monster37000644,3,2
1452	3	monster37000645,3,2
1453	3	monster37000646,3,2
1454	3	monster37000654,3,1
1455	3	monster37000655,3,1
1456	3	monster37000656,3,1
1457	3	monster37000657,3,1
1458	3	monster37000617,3,6
1459	2	11000050,0,5
1460	2	11000040,3,5
1461	2	11000050,1,5
1462	2	11000050,1,5
1463	2	11000060,0,5
1464	2	11000060,0,5
1465	2	11000070,0,5
1466	2	11000050,1,5
1467	2	11000100,0,5
1468	2	11000070,0,5
1469	2	11000120,0,5
1470	2	11000080,0,5
1471	2	11000100,0,5
1472	2	11000100,0,5
1473	2	11000120,0,5
1474	2	11000120,0,5
1475	2	11000160,0,5
1476	2	11000130,0,5
1477	2	11000130,2,5
1478	2	11000140,3,5
1479	2	11000150,1,5
1480	2	11000120,0,5
1481	2	11000160,0,5
1482	2	11000120,0,5
1483	2	11000170,1,5
1484	2	11000170,1,5
1485	2	11000190,0,5
1486	2	11000170,1,5
1487	2	11000200,0,5
1488	2	11000190,0,5
1489	2	11000220,0,5
1490	2	11000200,0,5
1491	2	11000230,0,5
1492	2	11000160,0,5
1493	2	11000170,1,5
1494	2	11000010,0,5
1495	2	11000010,1,5
1496	2	11000010,2,5
1497	2	11000040,0,5
1498	2	11000040,0,5
1499	2	509390,6,5
1500	2	509390,8,5
1501	2	509400,6,5
1502	2	509400,10,5
1503	2	509400,9,5
1504	2	509400,11,5
1505	2	509420,2,5
1506	2	509420,3,5
1507	2	509420,3,5
1508	2	509420,7,5
1509	2	509420,6,5
1510	2	509420,8,5
1511	3	monster37000605,3,14,monster37000606,3,9
1512	3	monster37000608,3,16
1513	3	monster37000605,3,12,monster37000606,3,12
1514	3	monster37000607,3,12,monster37000608,3,8
1515	3	monster37000605,3,16,monster37000606,3,16
1516	3	monster37000608,3,12,monster37000666,3,1
1517	3	monster37000605,3,17,monster37000606,3,11,monster37000662,3,1
1518	3	monster37000607,3,15,monster37000608,3,13
1519	3	monster37000605,3,20,monster37000606,3,20
1520	3	monster37000605,3,17,monster37000606,3,17
1521	3	monster37000605,3,15,monster37000606,3,18,monster37000663,3,1
1522	3	monster37000605,3,15,monster37000606,3,18,monster37000662,3,1
1523	3	monster37000609,3,16,monster37000611,3,16
1524	3	monster37000611,3,12,monster37000666,3,1
1525	3	monster37000610,3,17,monster37000612,3,11,monster37000662,3,1
1526	3	monster37000609,3,15,monster37000611,3,13
1527	3	monster37000610,3,20,monster37000612,3,20
1528	3	monster37000609,3,17,monster37000611,3,17
1529	3	monster37000610,3,15,monster37000612,3,18,monster37000663,3,1
1530	3	monster37000609,3,15,monster37000611,3,18,monster37000662,3,1
1531	3	monster37000610,3,21,monster37000612,3,21
1532	3	monster37000609,3,26
1533	3	monster37000612,3,16,monster37000666,3,1
1534	3	monster37000615,3,16,monster37000613,3,16
1535	3	monster37000614,3,12,monster37000666,3,1
1536	3	monster37000615,3,17,monster37000613,3,11,monster37000662,3,1
1537	3	monster37000616,3,15,monster37000614,3,13
1538	3	monster37000613,3,20,monster37000615,3,20
1539	3	monster37000616,3,17,monster37000614,3,17
1540	3	monster37000615,3,15,monster37000613,3,18,monster37000663,3,1
1541	3	monster37000616,3,15,monster37000614,3,18,monster37000662,3,1
1542	3	monster37000615,3,21,monster37000613,3,21
1543	3	monster37000616,3,26
1544	3	monster37000613,3,16,monster37000666,3,1
1545	3	monster37000616,3,23,monster37000614,3,23
1546	3	monster37000615,3,25,monster37000613,3,17
1547	3	monster37000616,3,18,monster37000614,3,16
1548	3	monster37000617,3,20,monster37000619,3,20
1549	3	monster37000618,3,17,monster37000620,3,17
1550	3	monster37000617,3,15,monster37000619,3,18,monster37000663,3,1
1551	3	monster37000618,3,15,monster37000620,3,18,monster37000662,3,1
1552	3	monster37000617,3,21,monster37000619,3,21
1553	3	monster37000618,3,26
1554	3	monster37000619,3,16,monster37000666,3,1
1555	3	monster37000618,3,23,monster37000620,3,23
1556	3	monster37000617,3,25,monster37000619,3,17
1557	3	monster37000618,3,18,monster37000620,3,16
1558	3	monster37000624,3,21,monster37000622,3,21
1559	3	monster37000623,3,26
1560	3	monster37000622,3,16,monster37000666,3,1
1561	3	monster37000623,3,23,monster37000621,3,23
1562	3	monster37000624,3,25,monster37000622,3,18
1563	3	monster37000623,3,18,monster37000621,3,16
1564	3	monster37000622,3,28,monster37000624,3,28
1565	3	monster37000621,3,30,monster37000623,3,27
1566	3	monster37000622,3,30,monster37000624,3,37
1567	3	monster37000621,3,34,monster37000623,3,34
1568	3	monster37000622,3,31,monster37000624,3,40
1569	3	monster37000623,3,39,monster37000621,3,36
1570	1	1,76
1571	3	monster37100024,3,1
1572	3	monster37100025,3,1
1573	3	monster37100026,3,1
1574	3	monster37100036,3,1
1575	3	monster37100037,3,1
1576	3	monster37100038,3,1
1577	3	monster37100048,3,1
1578	3	monster37100049,3,1
1579	3	monster37100050,3,1
1580	3	monster37100060,3,1
1581	3	monster37100061,3,1
1582	3	monster37100062,3,1
1583	3	monster37100080,3,1
1584	3	monster37100081,3,1
1585	3	monster37100072,3,1
1586	3	monster37100073,3,1
1590	3	monster37200022,3,1
1591	3	monster37200495,3,4
1592	3	monster19130112,3,1
1593	3	monster37200450,3,1
1594	3	monster37200452,3,1
1595	3	monster37200454,3,1
1596	3	monster37200457,3,1
1597	3	monster37200297,3,1
1598	3	monster37200298,3,1
1599	3	monster37200295,3,1
1600	3	monster37200296,3,1
1601	3	monster37200490,3,7
1602	3	monster37200492,3,4,monster37200491,3,7
1603	3	monster37200583,3,1,monster37200584,3,1
1604	3	monster37200460,3,1
1606	3	monster37200466,3,1
1607	3	monster37200461,3,1
1608	3	monster37200462,3,1
1609	3	monster37200583,3,1,monster37200464,3,1
1610	3	monster37200466,3,1
