唯一id	解锁类型	解锁目标	解锁参数
int	int	string	int
Id	UnlockType	UnlockTarget	UnlockNum
1	0		0
2	0		0
3	0		0
4	0		0
5	0		0
6	0		0
7	0		0
8	0		0
9	0		0
10	0		0
11	1	1	500000
12	1	1	500000
13	1	1	500000
14	1	1	500000
15	1	1	500000
16	1	1	500000
17	1	1	500000
18	1	1	500000
19	1	1	500000
20	1	1	500000
21	1	1	500000
22	1	1	500000
23	1	1	500000
24	1	1	500000
25	1	1	500000
26	1	1	500000
27	1	1	500000
28	1	1	500000
29	1	1	500000
30	1	1	500000
31	1	1	500000
32	1	1	500000
33	1	1	500000
34	1	1	500000
35	1	1	500000
36	1	1	500000
37	1	1	500000
38	1	1	500000
39	1	1	500000
40	1	1	500000
41	1	1	500000
42	1	1	500000
43	1	1	500000
44	1	1	500000
45	1	1	500000
46	1	1	500000
47	1	1	500000
48	1	1	500000
49	1	1	500000
50	1	1	500000
