流水id	元素灵ID	元素灵等级	人物等级	元素灵主动等级	元素灵被动等级	到当前级属性加成	升下一级所需经验
int	string	int	int	int	int	string	int
Id	ElementalId	ElementalLevel	LimitLevel	ElementalSkillLevel	ElementalPassiveLevel	ElementalProp	Exp
1	elemental_npc_3001	1	80	1	1		600
2	elemental_npc_3001	2	80	1	1	279,100000;281,10000;285,10000	720
3	elemental_npc_3001	3	80	1	1	279,100000;281,10000;285,10000	840
4	elemental_npc_3001	4	80	1	1	279,100000;281,10000;285,10000	960
5	elemental_npc_3001	5	80	1	1	279,100000;281,10000;285,10000	1080
6	elemental_npc_3001	6	80	1	1	279,100000;281,10000;285,10000	1200
7	elemental_npc_3001	7	80	1	1	279,100000;281,10000;285,10000	1320
8	elemental_npc_3001	8	80	1	1	279,100000;281,10000;285,10000	1440
9	elemental_npc_3001	9	80	1	1	279,100000;281,10000;285,10000	1560
10	elemental_npc_3001	10	80	1	1	279,100000;281,10000;285,10000	1680
11	elemental_npc_3001	11	80	1	1	279,100000;281,10000;285,10000	1800
12	elemental_npc_3001	12	80	1	1	279,100000;281,10000;285,10000	1920
13	elemental_npc_3001	13	80	1	1	279,100000;281,10000;285,10000	2040
14	elemental_npc_3001	14	80	1	1	279,100000;281,10000;285,10000	2160
15	elemental_npc_3001	15	80	1	1	279,100000;281,10000;285,10000	2280
16	elemental_npc_3001	16	80	1	1	279,100000;281,10000;285,10000	2400
17	elemental_npc_3001	17	80	1	1	279,100000;281,10000;285,10000	2520
18	elemental_npc_3001	18	80	1	1	279,100000;281,10000;285,10000	2640
19	elemental_npc_3001	19	80	1	1	279,100000;281,10000;285,10000	2760
20	elemental_npc_3001	20	80	1	1	279,100000;281,10000;285,10000	2880
21	elemental_npc_3001	21	80	1	1	279,100000;281,10000;285,10000	3000
22	elemental_npc_3001	22	80	1	1	279,100000;281,10000;285,10000	3120
23	elemental_npc_3001	23	80	1	1	279,100000;281,10000;285,10000	3240
24	elemental_npc_3001	24	80	1	1	279,100000;281,10000;285,10000	3360
25	elemental_npc_3001	25	80	1	1	279,100000;281,10000;285,10000	3480
26	elemental_npc_3001	26	80	1	1	279,100000;281,10000;285,10000	3600
27	elemental_npc_3001	27	80	1	1	279,100000;281,10000;285,10000	3720
28	elemental_npc_3001	28	80	1	1	279,100000;281,10000;285,10000	3840
29	elemental_npc_3001	29	80	1	1	279,100000;281,10000;285,10000	3960
30	elemental_npc_3001	30	80	1	1	279,100000;281,10000;285,10000	4080
31	elemental_npc_3001	31	80	2	2	279,100000;281,10000;285,10000	4200
32	elemental_npc_3001	32	80	2	2	279,100000;281,10000;285,10000	4320
33	elemental_npc_3001	33	80	2	2	279,100000;281,10000;285,10000	4440
34	elemental_npc_3001	34	80	2	2	279,100000;281,10000;285,10000	4560
35	elemental_npc_3001	35	80	2	2	279,100000;281,10000;285,10000	4680
36	elemental_npc_3001	36	80	2	2	279,100000;281,10000;285,10000	4800
37	elemental_npc_3001	37	80	2	2	279,100000;281,10000;285,10000	4920
38	elemental_npc_3001	38	80	2	2	279,100000;281,10000;285,10000	5040
39	elemental_npc_3001	39	80	2	2	279,100000;281,10000;285,10000	5160
40	elemental_npc_3001	40	80	2	2	279,100000;281,10000;285,10000	5280
41	elemental_npc_3001	41	80	3	3	279,100000;281,10000;285,10000	5400
42	elemental_npc_3001	42	80	3	3	279,100000;281,10000;285,10000	5520
43	elemental_npc_3001	43	80	3	3	279,100000;281,10000;285,10000	5640
44	elemental_npc_3001	44	80	3	3	279,100000;281,10000;285,10000	5760
45	elemental_npc_3001	45	80	3	3	279,100000;281,10000;285,10000	5880
46	elemental_npc_3001	46	80	3	3	279,100000;281,10000;285,10000	6000
47	elemental_npc_3001	47	80	3	3	279,100000;281,10000;285,10000	6120
48	elemental_npc_3001	48	80	3	3	279,100000;281,10000;285,10000	6240
49	elemental_npc_3001	49	80	3	3	279,100000;281,10000;285,10000	6360
50	elemental_npc_3001	50	80	3	3	279,100000;281,10000;285,10000	6480
51	elemental_npc_3001	51	80	4	4	279,100000;281,10000;285,10000	6600
52	elemental_npc_3001	52	80	4	4	279,100000;281,10000;285,10000	6720
53	elemental_npc_3001	53	80	4	4	279,100000;281,10000;285,10000	6840
54	elemental_npc_3001	54	80	4	4	279,100000;281,10000;285,10000	6960
55	elemental_npc_3001	55	80	4	4	279,100000;281,10000;285,10000	7080
56	elemental_npc_3001	56	80	4	4	279,100000;281,10000;285,10000	7200
57	elemental_npc_3001	57	80	4	4	279,100000;281,10000;285,10000	7320
58	elemental_npc_3001	58	80	4	4	279,100000;281,10000;285,10000	7440
59	elemental_npc_3001	59	80	4	4	279,100000;281,10000;285,10000	7560
60	elemental_npc_3001	60	80	4	4	279,100000;281,10000;285,10000	7680
61	elemental_npc_3001	61	80	5	5	279,100000;281,10000;285,10000	15600
62	elemental_npc_3001	62	80	5	5	279,100000;281,10000;285,10000	15840
63	elemental_npc_3001	63	80	5	5	279,100000;281,10000;285,10000	16080
64	elemental_npc_3001	64	80	5	5	279,100000;281,10000;285,10000	16320
65	elemental_npc_3001	65	80	5	5	279,100000;281,10000;285,10000	16560
66	elemental_npc_3001	66	80	5	5	279,100000;281,10000;285,10000	16800
67	elemental_npc_3001	67	80	5	5	279,100000;281,10000;285,10000	17040
68	elemental_npc_3001	68	80	5	5	279,100000;281,10000;285,10000	17280
69	elemental_npc_3001	69	80	5	5	279,100000;281,10000;285,10000	17520
70	elemental_npc_3001	70	80	5	5	279,100000;281,10000;285,10000	17760
71	elemental_npc_4001	1	80	1	1		800
72	elemental_npc_4001	2	80	1	1	279,250000;281,25000;285,25000	960
73	elemental_npc_4001	3	80	1	1	279,250000;281,25000;285,25000	1120
74	elemental_npc_4001	4	80	1	1	279,250000;281,25000;285,25000	1280
75	elemental_npc_4001	5	80	1	1	279,250000;281,25000;285,25000	1440
76	elemental_npc_4001	6	80	1	1	279,250000;281,25000;285,25000	1600
77	elemental_npc_4001	7	80	1	1	279,250000;281,25000;285,25000	1760
78	elemental_npc_4001	8	80	1	1	279,250000;281,25000;285,25000	1920
79	elemental_npc_4001	9	80	1	1	279,250000;281,25000;285,25000	2080
80	elemental_npc_4001	10	80	1	1	279,250000;281,25000;285,25000	2240
81	elemental_npc_4001	11	80	1	1	279,250000;281,25000;285,25000	2400
82	elemental_npc_4001	12	80	1	1	279,250000;281,25000;285,25000	2560
83	elemental_npc_4001	13	80	1	1	279,250000;281,25000;285,25000	2720
84	elemental_npc_4001	14	80	1	1	279,250000;281,25000;285,25000	2880
85	elemental_npc_4001	15	80	1	1	279,250000;281,25000;285,25000	3040
86	elemental_npc_4001	16	80	1	1	279,250000;281,25000;285,25000	3200
87	elemental_npc_4001	17	80	1	1	279,250000;281,25000;285,25000	3360
88	elemental_npc_4001	18	80	1	1	279,250000;281,25000;285,25000	3520
89	elemental_npc_4001	19	80	1	1	279,250000;281,25000;285,25000	3680
90	elemental_npc_4001	20	80	1	1	279,250000;281,25000;285,25000	3840
91	elemental_npc_4001	21	80	1	1	279,250000;281,25000;285,25000	4000
92	elemental_npc_4001	22	80	1	1	279,250000;281,25000;285,25000	4160
93	elemental_npc_4001	23	80	1	1	279,250000;281,25000;285,25000	4320
94	elemental_npc_4001	24	80	1	1	279,250000;281,25000;285,25000	4480
95	elemental_npc_4001	25	80	1	1	279,250000;281,25000;285,25000	4640
96	elemental_npc_4001	26	80	1	1	279,250000;281,25000;285,25000	4800
97	elemental_npc_4001	27	80	1	1	279,250000;281,25000;285,25000	4960
98	elemental_npc_4001	28	80	1	1	279,250000;281,25000;285,25000	5120
99	elemental_npc_4001	29	80	1	1	279,250000;281,25000;285,25000	5280
100	elemental_npc_4001	30	80	1	1	279,250000;281,25000;285,25000	5440
101	elemental_npc_4001	31	80	2	2	279,250000;281,25000;285,25000	5600
102	elemental_npc_4001	32	80	2	2	279,250000;281,25000;285,25000	5760
103	elemental_npc_4001	33	80	2	2	279,250000;281,25000;285,25000	5920
104	elemental_npc_4001	34	80	2	2	279,250000;281,25000;285,25000	6080
105	elemental_npc_4001	35	80	2	2	279,250000;281,25000;285,25000	6240
106	elemental_npc_4001	36	80	2	2	279,250000;281,25000;285,25000	6400
107	elemental_npc_4001	37	80	2	2	279,250000;281,25000;285,25000	6560
108	elemental_npc_4001	38	80	2	2	279,250000;281,25000;285,25000	6720
109	elemental_npc_4001	39	80	2	2	279,250000;281,25000;285,25000	6880
110	elemental_npc_4001	40	80	2	2	279,250000;281,25000;285,25000	7040
111	elemental_npc_4001	41	80	3	3	279,250000;281,25000;285,25000	7200
112	elemental_npc_4001	42	80	3	3	279,250000;281,25000;285,25000	7360
113	elemental_npc_4001	43	80	3	3	279,250000;281,25000;285,25000	7520
114	elemental_npc_4001	44	80	3	3	279,250000;281,25000;285,25000	7680
115	elemental_npc_4001	45	80	3	3	279,250000;281,25000;285,25000	7840
116	elemental_npc_4001	46	80	3	3	279,250000;281,25000;285,25000	8000
117	elemental_npc_4001	47	80	3	3	279,250000;281,25000;285,25000	8160
118	elemental_npc_4001	48	80	3	3	279,250000;281,25000;285,25000	8320
119	elemental_npc_4001	49	80	3	3	279,250000;281,25000;285,25000	8480
120	elemental_npc_4001	50	80	3	3	279,250000;281,25000;285,25000	8640
121	elemental_npc_4001	51	80	4	4	279,250000;281,25000;285,25000	8800
122	elemental_npc_4001	52	80	4	4	279,250000;281,25000;285,25000	8960
123	elemental_npc_4001	53	80	4	4	279,250000;281,25000;285,25000	9120
124	elemental_npc_4001	54	80	4	4	279,250000;281,25000;285,25000	9280
125	elemental_npc_4001	55	80	4	4	279,250000;281,25000;285,25000	9440
126	elemental_npc_4001	56	80	4	4	279,250000;281,25000;285,25000	9600
127	elemental_npc_4001	57	80	4	4	279,250000;281,25000;285,25000	9760
128	elemental_npc_4001	58	80	4	4	279,250000;281,25000;285,25000	9920
129	elemental_npc_4001	59	80	4	4	279,250000;281,25000;285,25000	10080
130	elemental_npc_4001	60	80	4	4	279,250000;281,25000;285,25000	10240
131	elemental_npc_4001	61	80	5	5	279,250000;281,25000;285,25000	20800
132	elemental_npc_4001	62	80	5	5	279,250000;281,25000;285,25000	21120
133	elemental_npc_4001	63	80	5	5	279,250000;281,25000;285,25000	21440
134	elemental_npc_4001	64	80	5	5	279,250000;281,25000;285,25000	21760
135	elemental_npc_4001	65	80	5	5	279,250000;281,25000;285,25000	22080
136	elemental_npc_4001	66	80	5	5	279,250000;281,25000;285,25000	22400
137	elemental_npc_4001	67	80	5	5	279,250000;281,25000;285,25000	22720
138	elemental_npc_4001	68	80	5	5	279,250000;281,25000;285,25000	23040
139	elemental_npc_4001	69	80	5	5	279,250000;281,25000;285,25000	23360
140	elemental_npc_4001	70	80	5	5	279,250000;281,25000;285,25000	23680
141	elemental_npc_4002	1	80	1	1		800
142	elemental_npc_4002	2	80	1	1	279,250000;281,25000;285,25000	960
143	elemental_npc_4002	3	80	1	1	279,250000;281,25000;285,25000	1120
144	elemental_npc_4002	4	80	1	1	279,250000;281,25000;285,25000	1280
145	elemental_npc_4002	5	80	1	1	279,250000;281,25000;285,25000	1440
146	elemental_npc_4002	6	80	1	1	279,250000;281,25000;285,25000	1600
147	elemental_npc_4002	7	80	1	1	279,250000;281,25000;285,25000	1760
148	elemental_npc_4002	8	80	1	1	279,250000;281,25000;285,25000	1920
149	elemental_npc_4002	9	80	1	1	279,250000;281,25000;285,25000	2080
150	elemental_npc_4002	10	80	1	1	279,250000;281,25000;285,25000	2240
151	elemental_npc_4002	11	80	1	1	279,250000;281,25000;285,25000	2400
152	elemental_npc_4002	12	80	1	1	279,250000;281,25000;285,25000	2560
153	elemental_npc_4002	13	80	1	1	279,250000;281,25000;285,25000	2720
154	elemental_npc_4002	14	80	1	1	279,250000;281,25000;285,25000	2880
155	elemental_npc_4002	15	80	1	1	279,250000;281,25000;285,25000	3040
156	elemental_npc_4002	16	80	1	1	279,250000;281,25000;285,25000	3200
157	elemental_npc_4002	17	80	1	1	279,250000;281,25000;285,25000	3360
158	elemental_npc_4002	18	80	1	1	279,250000;281,25000;285,25000	3520
159	elemental_npc_4002	19	80	1	1	279,250000;281,25000;285,25000	3680
160	elemental_npc_4002	20	80	1	1	279,250000;281,25000;285,25000	3840
161	elemental_npc_4002	21	80	1	1	279,250000;281,25000;285,25000	4000
162	elemental_npc_4002	22	80	1	1	279,250000;281,25000;285,25000	4160
163	elemental_npc_4002	23	80	1	1	279,250000;281,25000;285,25000	4320
164	elemental_npc_4002	24	80	1	1	279,250000;281,25000;285,25000	4480
165	elemental_npc_4002	25	80	1	1	279,250000;281,25000;285,25000	4640
166	elemental_npc_4002	26	80	1	1	279,250000;281,25000;285,25000	4800
167	elemental_npc_4002	27	80	1	1	279,250000;281,25000;285,25000	4960
168	elemental_npc_4002	28	80	1	1	279,250000;281,25000;285,25000	5120
169	elemental_npc_4002	29	80	1	1	279,250000;281,25000;285,25000	5280
170	elemental_npc_4002	30	80	1	1	279,250000;281,25000;285,25000	5440
171	elemental_npc_4002	31	80	2	2	279,250000;281,25000;285,25000	5600
172	elemental_npc_4002	32	80	2	2	279,250000;281,25000;285,25000	5760
173	elemental_npc_4002	33	80	2	2	279,250000;281,25000;285,25000	5920
174	elemental_npc_4002	34	80	2	2	279,250000;281,25000;285,25000	6080
175	elemental_npc_4002	35	80	2	2	279,250000;281,25000;285,25000	6240
176	elemental_npc_4002	36	80	2	2	279,250000;281,25000;285,25000	6400
177	elemental_npc_4002	37	80	2	2	279,250000;281,25000;285,25000	6560
178	elemental_npc_4002	38	80	2	2	279,250000;281,25000;285,25000	6720
179	elemental_npc_4002	39	80	2	2	279,250000;281,25000;285,25000	6880
180	elemental_npc_4002	40	80	2	2	279,250000;281,25000;285,25000	7040
181	elemental_npc_4002	41	80	3	3	279,250000;281,25000;285,25000	7200
182	elemental_npc_4002	42	80	3	3	279,250000;281,25000;285,25000	7360
183	elemental_npc_4002	43	80	3	3	279,250000;281,25000;285,25000	7520
184	elemental_npc_4002	44	80	3	3	279,250000;281,25000;285,25000	7680
185	elemental_npc_4002	45	80	3	3	279,250000;281,25000;285,25000	7840
186	elemental_npc_4002	46	80	3	3	279,250000;281,25000;285,25000	8000
187	elemental_npc_4002	47	80	3	3	279,250000;281,25000;285,25000	8160
188	elemental_npc_4002	48	80	3	3	279,250000;281,25000;285,25000	8320
189	elemental_npc_4002	49	80	3	3	279,250000;281,25000;285,25000	8480
190	elemental_npc_4002	50	80	3	3	279,250000;281,25000;285,25000	8640
191	elemental_npc_4002	51	80	4	4	279,250000;281,25000;285,25000	8800
192	elemental_npc_4002	52	80	4	4	279,250000;281,25000;285,25000	8960
193	elemental_npc_4002	53	80	4	4	279,250000;281,25000;285,25000	9120
194	elemental_npc_4002	54	80	4	4	279,250000;281,25000;285,25000	9280
195	elemental_npc_4002	55	80	4	4	279,250000;281,25000;285,25000	9440
196	elemental_npc_4002	56	80	4	4	279,250000;281,25000;285,25000	9600
197	elemental_npc_4002	57	80	4	4	279,250000;281,25000;285,25000	9760
198	elemental_npc_4002	58	80	4	4	279,250000;281,25000;285,25000	9920
199	elemental_npc_4002	59	80	4	4	279,250000;281,25000;285,25000	10080
200	elemental_npc_4002	60	80	4	4	279,250000;281,25000;285,25000	10240
201	elemental_npc_4002	61	80	5	5	279,250000;281,25000;285,25000	20800
202	elemental_npc_4002	62	80	5	5	279,250000;281,25000;285,25000	21120
203	elemental_npc_4002	63	80	5	5	279,250000;281,25000;285,25000	21440
204	elemental_npc_4002	64	80	5	5	279,250000;281,25000;285,25000	21760
205	elemental_npc_4002	65	80	5	5	279,250000;281,25000;285,25000	22080
206	elemental_npc_4002	66	80	5	5	279,250000;281,25000;285,25000	22400
207	elemental_npc_4002	67	80	5	5	279,250000;281,25000;285,25000	22720
208	elemental_npc_4002	68	80	5	5	279,250000;281,25000;285,25000	23040
209	elemental_npc_4002	69	80	5	5	279,250000;281,25000;285,25000	23360
210	elemental_npc_4002	70	80	5	5	279,250000;281,25000;285,25000	23680
211	elemental_npc_4003	1	80	1	1		800
212	elemental_npc_4003	2	80	1	1	279,250000;281,25000;285,25000	960
213	elemental_npc_4003	3	80	1	1	279,250000;281,25000;285,25000	1120
214	elemental_npc_4003	4	80	1	1	279,250000;281,25000;285,25000	1280
215	elemental_npc_4003	5	80	1	1	279,250000;281,25000;285,25000	1440
216	elemental_npc_4003	6	80	1	1	279,250000;281,25000;285,25000	1600
217	elemental_npc_4003	7	80	1	1	279,250000;281,25000;285,25000	1760
218	elemental_npc_4003	8	80	1	1	279,250000;281,25000;285,25000	1920
219	elemental_npc_4003	9	80	1	1	279,250000;281,25000;285,25000	2080
220	elemental_npc_4003	10	80	1	1	279,250000;281,25000;285,25000	2240
221	elemental_npc_4003	11	80	1	1	279,250000;281,25000;285,25000	2400
222	elemental_npc_4003	12	80	1	1	279,250000;281,25000;285,25000	2560
223	elemental_npc_4003	13	80	1	1	279,250000;281,25000;285,25000	2720
224	elemental_npc_4003	14	80	1	1	279,250000;281,25000;285,25000	2880
225	elemental_npc_4003	15	80	1	1	279,250000;281,25000;285,25000	3040
226	elemental_npc_4003	16	80	1	1	279,250000;281,25000;285,25000	3200
227	elemental_npc_4003	17	80	1	1	279,250000;281,25000;285,25000	3360
228	elemental_npc_4003	18	80	1	1	279,250000;281,25000;285,25000	3520
229	elemental_npc_4003	19	80	1	1	279,250000;281,25000;285,25000	3680
230	elemental_npc_4003	20	80	1	1	279,250000;281,25000;285,25000	3840
231	elemental_npc_4003	21	80	1	1	279,250000;281,25000;285,25000	4000
232	elemental_npc_4003	22	80	1	1	279,250000;281,25000;285,25000	4160
233	elemental_npc_4003	23	80	1	1	279,250000;281,25000;285,25000	4320
234	elemental_npc_4003	24	80	1	1	279,250000;281,25000;285,25000	4480
235	elemental_npc_4003	25	80	1	1	279,250000;281,25000;285,25000	4640
236	elemental_npc_4003	26	80	1	1	279,250000;281,25000;285,25000	4800
237	elemental_npc_4003	27	80	1	1	279,250000;281,25000;285,25000	4960
238	elemental_npc_4003	28	80	1	1	279,250000;281,25000;285,25000	5120
239	elemental_npc_4003	29	80	1	1	279,250000;281,25000;285,25000	5280
240	elemental_npc_4003	30	80	1	1	279,250000;281,25000;285,25000	5440
241	elemental_npc_4003	31	80	2	2	279,250000;281,25000;285,25000	5600
242	elemental_npc_4003	32	80	2	2	279,250000;281,25000;285,25000	5760
243	elemental_npc_4003	33	80	2	2	279,250000;281,25000;285,25000	5920
244	elemental_npc_4003	34	80	2	2	279,250000;281,25000;285,25000	6080
245	elemental_npc_4003	35	80	2	2	279,250000;281,25000;285,25000	6240
246	elemental_npc_4003	36	80	2	2	279,250000;281,25000;285,25000	6400
247	elemental_npc_4003	37	80	2	2	279,250000;281,25000;285,25000	6560
248	elemental_npc_4003	38	80	2	2	279,250000;281,25000;285,25000	6720
249	elemental_npc_4003	39	80	2	2	279,250000;281,25000;285,25000	6880
250	elemental_npc_4003	40	80	2	2	279,250000;281,25000;285,25000	7040
251	elemental_npc_4003	41	80	3	3	279,250000;281,25000;285,25000	7200
252	elemental_npc_4003	42	80	3	3	279,250000;281,25000;285,25000	7360
253	elemental_npc_4003	43	80	3	3	279,250000;281,25000;285,25000	7520
254	elemental_npc_4003	44	80	3	3	279,250000;281,25000;285,25000	7680
255	elemental_npc_4003	45	80	3	3	279,250000;281,25000;285,25000	7840
256	elemental_npc_4003	46	80	3	3	279,250000;281,25000;285,25000	8000
257	elemental_npc_4003	47	80	3	3	279,250000;281,25000;285,25000	8160
258	elemental_npc_4003	48	80	3	3	279,250000;281,25000;285,25000	8320
259	elemental_npc_4003	49	80	3	3	279,250000;281,25000;285,25000	8480
260	elemental_npc_4003	50	80	3	3	279,250000;281,25000;285,25000	8640
261	elemental_npc_4003	51	80	4	4	279,250000;281,25000;285,25000	8800
262	elemental_npc_4003	52	80	4	4	279,250000;281,25000;285,25000	8960
263	elemental_npc_4003	53	80	4	4	279,250000;281,25000;285,25000	9120
264	elemental_npc_4003	54	80	4	4	279,250000;281,25000;285,25000	9280
265	elemental_npc_4003	55	80	4	4	279,250000;281,25000;285,25000	9440
266	elemental_npc_4003	56	80	4	4	279,250000;281,25000;285,25000	9600
267	elemental_npc_4003	57	80	4	4	279,250000;281,25000;285,25000	9760
268	elemental_npc_4003	58	80	4	4	279,250000;281,25000;285,25000	9920
269	elemental_npc_4003	59	80	4	4	279,250000;281,25000;285,25000	10080
270	elemental_npc_4003	60	80	4	4	279,250000;281,25000;285,25000	10240
271	elemental_npc_4003	61	80	5	5	279,250000;281,25000;285,25000	20800
272	elemental_npc_4003	62	80	5	5	279,250000;281,25000;285,25000	21120
273	elemental_npc_4003	63	80	5	5	279,250000;281,25000;285,25000	21440
274	elemental_npc_4003	64	80	5	5	279,250000;281,25000;285,25000	21760
275	elemental_npc_4003	65	80	5	5	279,250000;281,25000;285,25000	22080
276	elemental_npc_4003	66	80	5	5	279,250000;281,25000;285,25000	22400
277	elemental_npc_4003	67	80	5	5	279,250000;281,25000;285,25000	22720
278	elemental_npc_4003	68	80	5	5	279,250000;281,25000;285,25000	23040
279	elemental_npc_4003	69	80	5	5	279,250000;281,25000;285,25000	23360
280	elemental_npc_4003	70	80	5	5	279,250000;281,25000;285,25000	23680
281	elemental_npc_5001	1	80	1	1		1200
282	elemental_npc_5001	2	80	1	1	279,400000;281,40000;285,40000	1440
283	elemental_npc_5001	3	80	1	1	279,400000;281,40000;285,40000	1680
284	elemental_npc_5001	4	80	1	1	279,400000;281,40000;285,40000	1920
285	elemental_npc_5001	5	80	1	1	279,400000;281,40000;285,40000	2160
286	elemental_npc_5001	6	80	1	1	279,400000;281,40000;285,40000	2400
287	elemental_npc_5001	7	80	1	1	279,400000;281,40000;285,40000	2640
288	elemental_npc_5001	8	80	1	1	279,400000;281,40000;285,40000	2880
289	elemental_npc_5001	9	80	1	1	279,400000;281,40000;285,40000	3120
290	elemental_npc_5001	10	80	1	1	279,400000;281,40000;285,40000	3360
291	elemental_npc_5001	11	80	1	1	279,400000;281,40000;285,40000	3600
292	elemental_npc_5001	12	80	1	1	279,400000;281,40000;285,40000	3840
293	elemental_npc_5001	13	80	1	1	279,400000;281,40000;285,40000	4080
294	elemental_npc_5001	14	80	1	1	279,400000;281,40000;285,40000	4320
295	elemental_npc_5001	15	80	1	1	279,400000;281,40000;285,40000	4560
296	elemental_npc_5001	16	80	1	1	279,400000;281,40000;285,40000	4800
297	elemental_npc_5001	17	80	1	1	279,400000;281,40000;285,40000	5040
298	elemental_npc_5001	18	80	1	1	279,400000;281,40000;285,40000	5280
299	elemental_npc_5001	19	80	1	1	279,400000;281,40000;285,40000	5520
300	elemental_npc_5001	20	80	1	1	279,400000;281,40000;285,40000	5760
301	elemental_npc_5001	21	80	1	1	279,400000;281,40000;285,40000	6000
302	elemental_npc_5001	22	80	1	1	279,400000;281,40000;285,40000	6240
303	elemental_npc_5001	23	80	1	1	279,400000;281,40000;285,40000	6480
304	elemental_npc_5001	24	80	1	1	279,400000;281,40000;285,40000	6720
305	elemental_npc_5001	25	80	1	1	279,400000;281,40000;285,40000	6960
306	elemental_npc_5001	26	80	1	1	279,400000;281,40000;285,40000	7200
307	elemental_npc_5001	27	80	1	1	279,400000;281,40000;285,40000	7440
308	elemental_npc_5001	28	80	1	1	279,400000;281,40000;285,40000	7680
309	elemental_npc_5001	29	80	1	1	279,400000;281,40000;285,40000	7920
310	elemental_npc_5001	30	80	1	1	279,400000;281,40000;285,40000	8160
311	elemental_npc_5001	31	80	2	2	279,400000;281,40000;285,40000	8400
312	elemental_npc_5001	32	80	2	2	279,400000;281,40000;285,40000	8640
313	elemental_npc_5001	33	80	2	2	279,400000;281,40000;285,40000	8880
314	elemental_npc_5001	34	80	2	2	279,400000;281,40000;285,40000	9120
315	elemental_npc_5001	35	80	2	2	279,400000;281,40000;285,40000	9360
316	elemental_npc_5001	36	80	2	2	279,400000;281,40000;285,40000	9600
317	elemental_npc_5001	37	80	2	2	279,400000;281,40000;285,40000	9840
318	elemental_npc_5001	38	80	2	2	279,400000;281,40000;285,40000	10080
319	elemental_npc_5001	39	80	2	2	279,400000;281,40000;285,40000	10320
320	elemental_npc_5001	40	80	2	2	279,400000;281,40000;285,40000	10560
321	elemental_npc_5001	41	80	3	3	279,400000;281,40000;285,40000	10800
322	elemental_npc_5001	42	80	3	3	279,400000;281,40000;285,40000	11040
323	elemental_npc_5001	43	80	3	3	279,400000;281,40000;285,40000	11280
324	elemental_npc_5001	44	80	3	3	279,400000;281,40000;285,40000	11520
325	elemental_npc_5001	45	80	3	3	279,400000;281,40000;285,40000	11760
326	elemental_npc_5001	46	80	3	3	279,400000;281,40000;285,40000	12000
327	elemental_npc_5001	47	80	3	3	279,400000;281,40000;285,40000	12240
328	elemental_npc_5001	48	80	3	3	279,400000;281,40000;285,40000	12480
329	elemental_npc_5001	49	80	3	3	279,400000;281,40000;285,40000	12720
330	elemental_npc_5001	50	80	3	3	279,400000;281,40000;285,40000	12960
331	elemental_npc_5001	51	80	4	4	279,400000;281,40000;285,40000	13200
332	elemental_npc_5001	52	80	4	4	279,400000;281,40000;285,40000	13440
333	elemental_npc_5001	53	80	4	4	279,400000;281,40000;285,40000	13680
334	elemental_npc_5001	54	80	4	4	279,400000;281,40000;285,40000	13920
335	elemental_npc_5001	55	80	4	4	279,400000;281,40000;285,40000	14160
336	elemental_npc_5001	56	80	4	4	279,400000;281,40000;285,40000	14400
337	elemental_npc_5001	57	80	4	4	279,400000;281,40000;285,40000	14640
338	elemental_npc_5001	58	80	4	4	279,400000;281,40000;285,40000	14880
339	elemental_npc_5001	59	80	4	4	279,400000;281,40000;285,40000	15120
340	elemental_npc_5001	60	80	4	4	279,400000;281,40000;285,40000	15360
341	elemental_npc_5001	61	80	5	5	279,400000;281,40000;285,40000	31200
342	elemental_npc_5001	62	80	5	5	279,400000;281,40000;285,40000	31680
343	elemental_npc_5001	63	80	5	5	279,400000;281,40000;285,40000	32160
344	elemental_npc_5001	64	80	5	5	279,400000;281,40000;285,40000	32640
345	elemental_npc_5001	65	80	5	5	279,400000;281,40000;285,40000	33120
346	elemental_npc_5001	66	80	5	5	279,400000;281,40000;285,40000	33600
347	elemental_npc_5001	67	80	5	5	279,400000;281,40000;285,40000	34080
348	elemental_npc_5001	68	80	5	5	279,400000;281,40000;285,40000	34560
349	elemental_npc_5001	69	80	5	5	279,400000;281,40000;285,40000	35040
350	elemental_npc_5001	70	80	5	5	279,400000;281,40000;285,40000	35520
351	elemental_npc_5001	71	80	6	6	279,400000;281,40000;285,40000	36000
352	elemental_npc_5001	72	80	6	6	279,400000;281,40000;285,40000	36480
353	elemental_npc_5001	73	80	6	6	279,400000;281,40000;285,40000	36960
354	elemental_npc_5001	74	80	6	6	279,400000;281,40000;285,40000	37440
355	elemental_npc_5001	75	80	6	6	279,400000;281,40000;285,40000	37920
356	elemental_npc_5001	76	80	6	6	279,400000;281,40000;285,40000	38400
357	elemental_npc_5001	77	80	6	6	279,400000;281,40000;285,40000	38880
358	elemental_npc_5001	78	80	6	6	279,400000;281,40000;285,40000	39360
359	elemental_npc_5001	79	80	6	6	279,400000;281,40000;285,40000	39840
360	elemental_npc_5001	80	80	6	6	279,400000;281,40000;285,40000	40320
361	elemental_npc_5002	1	80	1	1		1200
362	elemental_npc_5002	2	80	1	1	279,400000;281,40000;285,40000	1440
363	elemental_npc_5002	3	80	1	1	279,400000;281,40000;285,40000	1680
364	elemental_npc_5002	4	80	1	1	279,400000;281,40000;285,40000	1920
365	elemental_npc_5002	5	80	1	1	279,400000;281,40000;285,40000	2160
366	elemental_npc_5002	6	80	1	1	279,400000;281,40000;285,40000	2400
367	elemental_npc_5002	7	80	1	1	279,400000;281,40000;285,40000	2640
368	elemental_npc_5002	8	80	1	1	279,400000;281,40000;285,40000	2880
369	elemental_npc_5002	9	80	1	1	279,400000;281,40000;285,40000	3120
370	elemental_npc_5002	10	80	1	1	279,400000;281,40000;285,40000	3360
371	elemental_npc_5002	11	80	1	1	279,400000;281,40000;285,40000	3600
372	elemental_npc_5002	12	80	1	1	279,400000;281,40000;285,40000	3840
373	elemental_npc_5002	13	80	1	1	279,400000;281,40000;285,40000	4080
374	elemental_npc_5002	14	80	1	1	279,400000;281,40000;285,40000	4320
375	elemental_npc_5002	15	80	1	1	279,400000;281,40000;285,40000	4560
376	elemental_npc_5002	16	80	1	1	279,400000;281,40000;285,40000	4800
377	elemental_npc_5002	17	80	1	1	279,400000;281,40000;285,40000	5040
378	elemental_npc_5002	18	80	1	1	279,400000;281,40000;285,40000	5280
379	elemental_npc_5002	19	80	1	1	279,400000;281,40000;285,40000	5520
380	elemental_npc_5002	20	80	1	1	279,400000;281,40000;285,40000	5760
381	elemental_npc_5002	21	80	1	1	279,400000;281,40000;285,40000	6000
382	elemental_npc_5002	22	80	1	1	279,400000;281,40000;285,40000	6240
383	elemental_npc_5002	23	80	1	1	279,400000;281,40000;285,40000	6480
384	elemental_npc_5002	24	80	1	1	279,400000;281,40000;285,40000	6720
385	elemental_npc_5002	25	80	1	1	279,400000;281,40000;285,40000	6960
386	elemental_npc_5002	26	80	1	1	279,400000;281,40000;285,40000	7200
387	elemental_npc_5002	27	80	1	1	279,400000;281,40000;285,40000	7440
388	elemental_npc_5002	28	80	1	1	279,400000;281,40000;285,40000	7680
389	elemental_npc_5002	29	80	1	1	279,400000;281,40000;285,40000	7920
390	elemental_npc_5002	30	80	1	1	279,400000;281,40000;285,40000	8160
391	elemental_npc_5002	31	80	2	2	279,400000;281,40000;285,40000	8400
392	elemental_npc_5002	32	80	2	2	279,400000;281,40000;285,40000	8640
393	elemental_npc_5002	33	80	2	2	279,400000;281,40000;285,40000	8880
394	elemental_npc_5002	34	80	2	2	279,400000;281,40000;285,40000	9120
395	elemental_npc_5002	35	80	2	2	279,400000;281,40000;285,40000	9360
396	elemental_npc_5002	36	80	2	2	279,400000;281,40000;285,40000	9600
397	elemental_npc_5002	37	80	2	2	279,400000;281,40000;285,40000	9840
398	elemental_npc_5002	38	80	2	2	279,400000;281,40000;285,40000	10080
399	elemental_npc_5002	39	80	2	2	279,400000;281,40000;285,40000	10320
400	elemental_npc_5002	40	80	2	2	279,400000;281,40000;285,40000	10560
401	elemental_npc_5002	41	80	3	3	279,400000;281,40000;285,40000	10800
402	elemental_npc_5002	42	80	3	3	279,400000;281,40000;285,40000	11040
403	elemental_npc_5002	43	80	3	3	279,400000;281,40000;285,40000	11280
404	elemental_npc_5002	44	80	3	3	279,400000;281,40000;285,40000	11520
405	elemental_npc_5002	45	80	3	3	279,400000;281,40000;285,40000	11760
406	elemental_npc_5002	46	80	3	3	279,400000;281,40000;285,40000	12000
407	elemental_npc_5002	47	80	3	3	279,400000;281,40000;285,40000	12240
408	elemental_npc_5002	48	80	3	3	279,400000;281,40000;285,40000	12480
409	elemental_npc_5002	49	80	3	3	279,400000;281,40000;285,40000	12720
410	elemental_npc_5002	50	80	3	3	279,400000;281,40000;285,40000	12960
411	elemental_npc_5002	51	80	4	4	279,400000;281,40000;285,40000	13200
412	elemental_npc_5002	52	80	4	4	279,400000;281,40000;285,40000	13440
413	elemental_npc_5002	53	80	4	4	279,400000;281,40000;285,40000	13680
414	elemental_npc_5002	54	80	4	4	279,400000;281,40000;285,40000	13920
415	elemental_npc_5002	55	80	4	4	279,400000;281,40000;285,40000	14160
416	elemental_npc_5002	56	80	4	4	279,400000;281,40000;285,40000	14400
417	elemental_npc_5002	57	80	4	4	279,400000;281,40000;285,40000	14640
418	elemental_npc_5002	58	80	4	4	279,400000;281,40000;285,40000	14880
419	elemental_npc_5002	59	80	4	4	279,400000;281,40000;285,40000	15120
420	elemental_npc_5002	60	80	4	4	279,400000;281,40000;285,40000	15360
421	elemental_npc_5002	61	80	5	5	279,400000;281,40000;285,40000	31200
422	elemental_npc_5002	62	80	5	5	279,400000;281,40000;285,40000	31680
423	elemental_npc_5002	63	80	5	5	279,400000;281,40000;285,40000	32160
424	elemental_npc_5002	64	80	5	5	279,400000;281,40000;285,40000	32640
425	elemental_npc_5002	65	80	5	5	279,400000;281,40000;285,40000	33120
426	elemental_npc_5002	66	80	5	5	279,400000;281,40000;285,40000	33600
427	elemental_npc_5002	67	80	5	5	279,400000;281,40000;285,40000	34080
428	elemental_npc_5002	68	80	5	5	279,400000;281,40000;285,40000	34560
429	elemental_npc_5002	69	80	5	5	279,400000;281,40000;285,40000	35040
430	elemental_npc_5002	70	80	5	5	279,400000;281,40000;285,40000	35520
431	elemental_npc_5002	71	80	6	6	279,400000;281,40000;285,40000	36000
432	elemental_npc_5002	72	80	6	6	279,400000;281,40000;285,40000	36480
433	elemental_npc_5002	73	80	6	6	279,400000;281,40000;285,40000	36960
434	elemental_npc_5002	74	80	6	6	279,400000;281,40000;285,40000	37440
435	elemental_npc_5002	75	80	6	6	279,400000;281,40000;285,40000	37920
436	elemental_npc_5002	76	80	6	6	279,400000;281,40000;285,40000	38400
437	elemental_npc_5002	77	80	6	6	279,400000;281,40000;285,40000	38880
438	elemental_npc_5002	78	80	6	6	279,400000;281,40000;285,40000	39360
439	elemental_npc_5002	79	80	6	6	279,400000;281,40000;285,40000	39840
440	elemental_npc_5002	80	80	6	6	279,400000;281,40000;285,40000	40320
441	elemental_npc_5003	1	80	1	1		1200
442	elemental_npc_5003	2	80	1	1	279,400000;281,40000;285,40000	1440
443	elemental_npc_5003	3	80	1	1	279,400000;281,40000;285,40000	1680
444	elemental_npc_5003	4	80	1	1	279,400000;281,40000;285,40000	1920
445	elemental_npc_5003	5	80	1	1	279,400000;281,40000;285,40000	2160
446	elemental_npc_5003	6	80	1	1	279,400000;281,40000;285,40000	2400
447	elemental_npc_5003	7	80	1	1	279,400000;281,40000;285,40000	2640
448	elemental_npc_5003	8	80	1	1	279,400000;281,40000;285,40000	2880
449	elemental_npc_5003	9	80	1	1	279,400000;281,40000;285,40000	3120
450	elemental_npc_5003	10	80	1	1	279,400000;281,40000;285,40000	3360
451	elemental_npc_5003	11	80	1	1	279,400000;281,40000;285,40000	3600
452	elemental_npc_5003	12	80	1	1	279,400000;281,40000;285,40000	3840
453	elemental_npc_5003	13	80	1	1	279,400000;281,40000;285,40000	4080
454	elemental_npc_5003	14	80	1	1	279,400000;281,40000;285,40000	4320
455	elemental_npc_5003	15	80	1	1	279,400000;281,40000;285,40000	4560
456	elemental_npc_5003	16	80	1	1	279,400000;281,40000;285,40000	4800
457	elemental_npc_5003	17	80	1	1	279,400000;281,40000;285,40000	5040
458	elemental_npc_5003	18	80	1	1	279,400000;281,40000;285,40000	5280
459	elemental_npc_5003	19	80	1	1	279,400000;281,40000;285,40000	5520
460	elemental_npc_5003	20	80	1	1	279,400000;281,40000;285,40000	5760
461	elemental_npc_5003	21	80	1	1	279,400000;281,40000;285,40000	6000
462	elemental_npc_5003	22	80	1	1	279,400000;281,40000;285,40000	6240
463	elemental_npc_5003	23	80	1	1	279,400000;281,40000;285,40000	6480
464	elemental_npc_5003	24	80	1	1	279,400000;281,40000;285,40000	6720
465	elemental_npc_5003	25	80	1	1	279,400000;281,40000;285,40000	6960
466	elemental_npc_5003	26	80	1	1	279,400000;281,40000;285,40000	7200
467	elemental_npc_5003	27	80	1	1	279,400000;281,40000;285,40000	7440
468	elemental_npc_5003	28	80	1	1	279,400000;281,40000;285,40000	7680
469	elemental_npc_5003	29	80	1	1	279,400000;281,40000;285,40000	7920
470	elemental_npc_5003	30	80	1	1	279,400000;281,40000;285,40000	8160
471	elemental_npc_5003	31	80	2	2	279,400000;281,40000;285,40000	8400
472	elemental_npc_5003	32	80	2	2	279,400000;281,40000;285,40000	8640
473	elemental_npc_5003	33	80	2	2	279,400000;281,40000;285,40000	8880
474	elemental_npc_5003	34	80	2	2	279,400000;281,40000;285,40000	9120
475	elemental_npc_5003	35	80	2	2	279,400000;281,40000;285,40000	9360
476	elemental_npc_5003	36	80	2	2	279,400000;281,40000;285,40000	9600
477	elemental_npc_5003	37	80	2	2	279,400000;281,40000;285,40000	9840
478	elemental_npc_5003	38	80	2	2	279,400000;281,40000;285,40000	10080
479	elemental_npc_5003	39	80	2	2	279,400000;281,40000;285,40000	10320
480	elemental_npc_5003	40	80	2	2	279,400000;281,40000;285,40000	10560
481	elemental_npc_5003	41	80	3	3	279,400000;281,40000;285,40000	10800
482	elemental_npc_5003	42	80	3	3	279,400000;281,40000;285,40000	11040
483	elemental_npc_5003	43	80	3	3	279,400000;281,40000;285,40000	11280
484	elemental_npc_5003	44	80	3	3	279,400000;281,40000;285,40000	11520
485	elemental_npc_5003	45	80	3	3	279,400000;281,40000;285,40000	11760
486	elemental_npc_5003	46	80	3	3	279,400000;281,40000;285,40000	12000
487	elemental_npc_5003	47	80	3	3	279,400000;281,40000;285,40000	12240
488	elemental_npc_5003	48	80	3	3	279,400000;281,40000;285,40000	12480
489	elemental_npc_5003	49	80	3	3	279,400000;281,40000;285,40000	12720
490	elemental_npc_5003	50	80	3	3	279,400000;281,40000;285,40000	12960
491	elemental_npc_5003	51	80	4	4	279,400000;281,40000;285,40000	13200
492	elemental_npc_5003	52	80	4	4	279,400000;281,40000;285,40000	13440
493	elemental_npc_5003	53	80	4	4	279,400000;281,40000;285,40000	13680
494	elemental_npc_5003	54	80	4	4	279,400000;281,40000;285,40000	13920
495	elemental_npc_5003	55	80	4	4	279,400000;281,40000;285,40000	14160
496	elemental_npc_5003	56	80	4	4	279,400000;281,40000;285,40000	14400
497	elemental_npc_5003	57	80	4	4	279,400000;281,40000;285,40000	14640
498	elemental_npc_5003	58	80	4	4	279,400000;281,40000;285,40000	14880
499	elemental_npc_5003	59	80	4	4	279,400000;281,40000;285,40000	15120
500	elemental_npc_5003	60	80	4	4	279,400000;281,40000;285,40000	15360
501	elemental_npc_5003	61	80	5	5	279,400000;281,40000;285,40000	31200
502	elemental_npc_5003	62	80	5	5	279,400000;281,40000;285,40000	31680
503	elemental_npc_5003	63	80	5	5	279,400000;281,40000;285,40000	32160
504	elemental_npc_5003	64	80	5	5	279,400000;281,40000;285,40000	32640
505	elemental_npc_5003	65	80	5	5	279,400000;281,40000;285,40000	33120
506	elemental_npc_5003	66	80	5	5	279,400000;281,40000;285,40000	33600
507	elemental_npc_5003	67	80	5	5	279,400000;281,40000;285,40000	34080
508	elemental_npc_5003	68	80	5	5	279,400000;281,40000;285,40000	34560
509	elemental_npc_5003	69	80	5	5	279,400000;281,40000;285,40000	35040
510	elemental_npc_5003	70	80	5	5	279,400000;281,40000;285,40000	35520
511	elemental_npc_5003	71	80	6	6	279,400000;281,40000;285,40000	36000
512	elemental_npc_5003	72	80	6	6	279,400000;281,40000;285,40000	36480
513	elemental_npc_5003	73	80	6	6	279,400000;281,40000;285,40000	36960
514	elemental_npc_5003	74	80	6	6	279,400000;281,40000;285,40000	37440
515	elemental_npc_5003	75	80	6	6	279,400000;281,40000;285,40000	37920
516	elemental_npc_5003	76	80	6	6	279,400000;281,40000;285,40000	38400
517	elemental_npc_5003	77	80	6	6	279,400000;281,40000;285,40000	38880
518	elemental_npc_5003	78	80	6	6	279,400000;281,40000;285,40000	39360
519	elemental_npc_5003	79	80	6	6	279,400000;281,40000;285,40000	39840
520	elemental_npc_5003	80	80	6	6	279,400000;281,40000;285,40000	40320
521	elemental_npc_5004	1	80	1	1		1200
522	elemental_npc_5004	2	80	1	1	279,400000;281,40000;285,40000	1440
523	elemental_npc_5004	3	80	1	1	279,400000;281,40000;285,40000	1680
524	elemental_npc_5004	4	80	1	1	279,400000;281,40000;285,40000	1920
525	elemental_npc_5004	5	80	1	1	279,400000;281,40000;285,40000	2160
526	elemental_npc_5004	6	80	1	1	279,400000;281,40000;285,40000	2400
527	elemental_npc_5004	7	80	1	1	279,400000;281,40000;285,40000	2640
528	elemental_npc_5004	8	80	1	1	279,400000;281,40000;285,40000	2880
529	elemental_npc_5004	9	80	1	1	279,400000;281,40000;285,40000	3120
530	elemental_npc_5004	10	80	1	1	279,400000;281,40000;285,40000	3360
531	elemental_npc_5004	11	80	1	1	279,400000;281,40000;285,40000	3600
532	elemental_npc_5004	12	80	1	1	279,400000;281,40000;285,40000	3840
533	elemental_npc_5004	13	80	1	1	279,400000;281,40000;285,40000	4080
534	elemental_npc_5004	14	80	1	1	279,400000;281,40000;285,40000	4320
535	elemental_npc_5004	15	80	1	1	279,400000;281,40000;285,40000	4560
536	elemental_npc_5004	16	80	1	1	279,400000;281,40000;285,40000	4800
537	elemental_npc_5004	17	80	1	1	279,400000;281,40000;285,40000	5040
538	elemental_npc_5004	18	80	1	1	279,400000;281,40000;285,40000	5280
539	elemental_npc_5004	19	80	1	1	279,400000;281,40000;285,40000	5520
540	elemental_npc_5004	20	80	1	1	279,400000;281,40000;285,40000	5760
541	elemental_npc_5004	21	80	1	1	279,400000;281,40000;285,40000	6000
542	elemental_npc_5004	22	80	1	1	279,400000;281,40000;285,40000	6240
543	elemental_npc_5004	23	80	1	1	279,400000;281,40000;285,40000	6480
544	elemental_npc_5004	24	80	1	1	279,400000;281,40000;285,40000	6720
545	elemental_npc_5004	25	80	1	1	279,400000;281,40000;285,40000	6960
546	elemental_npc_5004	26	80	1	1	279,400000;281,40000;285,40000	7200
547	elemental_npc_5004	27	80	1	1	279,400000;281,40000;285,40000	7440
548	elemental_npc_5004	28	80	1	1	279,400000;281,40000;285,40000	7680
549	elemental_npc_5004	29	80	1	1	279,400000;281,40000;285,40000	7920
550	elemental_npc_5004	30	80	1	1	279,400000;281,40000;285,40000	8160
551	elemental_npc_5004	31	80	2	2	279,400000;281,40000;285,40000	8400
552	elemental_npc_5004	32	80	2	2	279,400000;281,40000;285,40000	8640
553	elemental_npc_5004	33	80	2	2	279,400000;281,40000;285,40000	8880
554	elemental_npc_5004	34	80	2	2	279,400000;281,40000;285,40000	9120
555	elemental_npc_5004	35	80	2	2	279,400000;281,40000;285,40000	9360
556	elemental_npc_5004	36	80	2	2	279,400000;281,40000;285,40000	9600
557	elemental_npc_5004	37	80	2	2	279,400000;281,40000;285,40000	9840
558	elemental_npc_5004	38	80	2	2	279,400000;281,40000;285,40000	10080
559	elemental_npc_5004	39	80	2	2	279,400000;281,40000;285,40000	10320
560	elemental_npc_5004	40	80	2	2	279,400000;281,40000;285,40000	10560
561	elemental_npc_5004	41	80	3	3	279,400000;281,40000;285,40000	10800
562	elemental_npc_5004	42	80	3	3	279,400000;281,40000;285,40000	11040
563	elemental_npc_5004	43	80	3	3	279,400000;281,40000;285,40000	11280
564	elemental_npc_5004	44	80	3	3	279,400000;281,40000;285,40000	11520
565	elemental_npc_5004	45	80	3	3	279,400000;281,40000;285,40000	11760
566	elemental_npc_5004	46	80	3	3	279,400000;281,40000;285,40000	12000
567	elemental_npc_5004	47	80	3	3	279,400000;281,40000;285,40000	12240
568	elemental_npc_5004	48	80	3	3	279,400000;281,40000;285,40000	12480
569	elemental_npc_5004	49	80	3	3	279,400000;281,40000;285,40000	12720
570	elemental_npc_5004	50	80	3	3	279,400000;281,40000;285,40000	12960
571	elemental_npc_5004	51	80	4	4	279,400000;281,40000;285,40000	13200
572	elemental_npc_5004	52	80	4	4	279,400000;281,40000;285,40000	13440
573	elemental_npc_5004	53	80	4	4	279,400000;281,40000;285,40000	13680
574	elemental_npc_5004	54	80	4	4	279,400000;281,40000;285,40000	13920
575	elemental_npc_5004	55	80	4	4	279,400000;281,40000;285,40000	14160
576	elemental_npc_5004	56	80	4	4	279,400000;281,40000;285,40000	14400
577	elemental_npc_5004	57	80	4	4	279,400000;281,40000;285,40000	14640
578	elemental_npc_5004	58	80	4	4	279,400000;281,40000;285,40000	14880
579	elemental_npc_5004	59	80	4	4	279,400000;281,40000;285,40000	15120
580	elemental_npc_5004	60	80	4	4	279,400000;281,40000;285,40000	15360
581	elemental_npc_5004	61	80	5	5	279,400000;281,40000;285,40000	31200
582	elemental_npc_5004	62	80	5	5	279,400000;281,40000;285,40000	31680
583	elemental_npc_5004	63	80	5	5	279,400000;281,40000;285,40000	32160
584	elemental_npc_5004	64	80	5	5	279,400000;281,40000;285,40000	32640
585	elemental_npc_5004	65	80	5	5	279,400000;281,40000;285,40000	33120
586	elemental_npc_5004	66	80	5	5	279,400000;281,40000;285,40000	33600
587	elemental_npc_5004	67	80	5	5	279,400000;281,40000;285,40000	34080
588	elemental_npc_5004	68	80	5	5	279,400000;281,40000;285,40000	34560
589	elemental_npc_5004	69	80	5	5	279,400000;281,40000;285,40000	35040
590	elemental_npc_5004	70	80	5	5	279,400000;281,40000;285,40000	35520
591	elemental_npc_5004	71	80	6	6	279,400000;281,40000;285,40000	36000
592	elemental_npc_5004	72	80	6	6	279,400000;281,40000;285,40000	36480
593	elemental_npc_5004	73	80	6	6	279,400000;281,40000;285,40000	36960
594	elemental_npc_5004	74	80	6	6	279,400000;281,40000;285,40000	37440
595	elemental_npc_5004	75	80	6	6	279,400000;281,40000;285,40000	37920
596	elemental_npc_5004	76	80	6	6	279,400000;281,40000;285,40000	38400
597	elemental_npc_5004	77	80	6	6	279,400000;281,40000;285,40000	38880
598	elemental_npc_5004	78	80	6	6	279,400000;281,40000;285,40000	39360
599	elemental_npc_5004	79	80	6	6	279,400000;281,40000;285,40000	39840
600	elemental_npc_5004	80	80	6	6	279,400000;281,40000;285,40000	40320
601	elemental_npc_5005	1	80	1	1		1200
602	elemental_npc_5005	2	80	1	1	279,400000;281,40000;285,40000	1440
603	elemental_npc_5005	3	80	1	1	279,400000;281,40000;285,40000	1680
604	elemental_npc_5005	4	80	1	1	279,400000;281,40000;285,40000	1920
605	elemental_npc_5005	5	80	1	1	279,400000;281,40000;285,40000	2160
606	elemental_npc_5005	6	80	1	1	279,400000;281,40000;285,40000	2400
607	elemental_npc_5005	7	80	1	1	279,400000;281,40000;285,40000	2640
608	elemental_npc_5005	8	80	1	1	279,400000;281,40000;285,40000	2880
609	elemental_npc_5005	9	80	1	1	279,400000;281,40000;285,40000	3120
610	elemental_npc_5005	10	80	1	1	279,400000;281,40000;285,40000	3360
611	elemental_npc_5005	11	80	1	1	279,400000;281,40000;285,40000	3600
612	elemental_npc_5005	12	80	1	1	279,400000;281,40000;285,40000	3840
613	elemental_npc_5005	13	80	1	1	279,400000;281,40000;285,40000	4080
614	elemental_npc_5005	14	80	1	1	279,400000;281,40000;285,40000	4320
615	elemental_npc_5005	15	80	1	1	279,400000;281,40000;285,40000	4560
616	elemental_npc_5005	16	80	1	1	279,400000;281,40000;285,40000	4800
617	elemental_npc_5005	17	80	1	1	279,400000;281,40000;285,40000	5040
618	elemental_npc_5005	18	80	1	1	279,400000;281,40000;285,40000	5280
619	elemental_npc_5005	19	80	1	1	279,400000;281,40000;285,40000	5520
620	elemental_npc_5005	20	80	1	1	279,400000;281,40000;285,40000	5760
621	elemental_npc_5005	21	80	1	1	279,400000;281,40000;285,40000	6000
622	elemental_npc_5005	22	80	1	1	279,400000;281,40000;285,40000	6240
623	elemental_npc_5005	23	80	1	1	279,400000;281,40000;285,40000	6480
624	elemental_npc_5005	24	80	1	1	279,400000;281,40000;285,40000	6720
625	elemental_npc_5005	25	80	1	1	279,400000;281,40000;285,40000	6960
626	elemental_npc_5005	26	80	1	1	279,400000;281,40000;285,40000	7200
627	elemental_npc_5005	27	80	1	1	279,400000;281,40000;285,40000	7440
628	elemental_npc_5005	28	80	1	1	279,400000;281,40000;285,40000	7680
629	elemental_npc_5005	29	80	1	1	279,400000;281,40000;285,40000	7920
630	elemental_npc_5005	30	80	1	1	279,400000;281,40000;285,40000	8160
631	elemental_npc_5005	31	80	2	2	279,400000;281,40000;285,40000	8400
632	elemental_npc_5005	32	80	2	2	279,400000;281,40000;285,40000	8640
633	elemental_npc_5005	33	80	2	2	279,400000;281,40000;285,40000	8880
634	elemental_npc_5005	34	80	2	2	279,400000;281,40000;285,40000	9120
635	elemental_npc_5005	35	80	2	2	279,400000;281,40000;285,40000	9360
636	elemental_npc_5005	36	80	2	2	279,400000;281,40000;285,40000	9600
637	elemental_npc_5005	37	80	2	2	279,400000;281,40000;285,40000	9840
638	elemental_npc_5005	38	80	2	2	279,400000;281,40000;285,40000	10080
639	elemental_npc_5005	39	80	2	2	279,400000;281,40000;285,40000	10320
640	elemental_npc_5005	40	80	2	2	279,400000;281,40000;285,40000	10560
641	elemental_npc_5005	41	80	3	3	279,400000;281,40000;285,40000	10800
642	elemental_npc_5005	42	80	3	3	279,400000;281,40000;285,40000	11040
643	elemental_npc_5005	43	80	3	3	279,400000;281,40000;285,40000	11280
644	elemental_npc_5005	44	80	3	3	279,400000;281,40000;285,40000	11520
645	elemental_npc_5005	45	80	3	3	279,400000;281,40000;285,40000	11760
646	elemental_npc_5005	46	80	3	3	279,400000;281,40000;285,40000	12000
647	elemental_npc_5005	47	80	3	3	279,400000;281,40000;285,40000	12240
648	elemental_npc_5005	48	80	3	3	279,400000;281,40000;285,40000	12480
649	elemental_npc_5005	49	80	3	3	279,400000;281,40000;285,40000	12720
650	elemental_npc_5005	50	80	3	3	279,400000;281,40000;285,40000	12960
651	elemental_npc_5005	51	80	4	4	279,400000;281,40000;285,40000	13200
652	elemental_npc_5005	52	80	4	4	279,400000;281,40000;285,40000	13440
653	elemental_npc_5005	53	80	4	4	279,400000;281,40000;285,40000	13680
654	elemental_npc_5005	54	80	4	4	279,400000;281,40000;285,40000	13920
655	elemental_npc_5005	55	80	4	4	279,400000;281,40000;285,40000	14160
656	elemental_npc_5005	56	80	4	4	279,400000;281,40000;285,40000	14400
657	elemental_npc_5005	57	80	4	4	279,400000;281,40000;285,40000	14640
658	elemental_npc_5005	58	80	4	4	279,400000;281,40000;285,40000	14880
659	elemental_npc_5005	59	80	4	4	279,400000;281,40000;285,40000	15120
660	elemental_npc_5005	60	80	4	4	279,400000;281,40000;285,40000	15360
661	elemental_npc_5005	61	80	5	5	279,400000;281,40000;285,40000	31200
662	elemental_npc_5005	62	80	5	5	279,400000;281,40000;285,40000	31680
663	elemental_npc_5005	63	80	5	5	279,400000;281,40000;285,40000	32160
664	elemental_npc_5005	64	80	5	5	279,400000;281,40000;285,40000	32640
665	elemental_npc_5005	65	80	5	5	279,400000;281,40000;285,40000	33120
666	elemental_npc_5005	66	80	5	5	279,400000;281,40000;285,40000	33600
667	elemental_npc_5005	67	80	5	5	279,400000;281,40000;285,40000	34080
668	elemental_npc_5005	68	80	5	5	279,400000;281,40000;285,40000	34560
669	elemental_npc_5005	69	80	5	5	279,400000;281,40000;285,40000	35040
670	elemental_npc_5005	70	80	5	5	279,400000;281,40000;285,40000	35520
671	elemental_npc_5005	71	80	6	6	279,400000;281,40000;285,40000	36000
672	elemental_npc_5005	72	80	6	6	279,400000;281,40000;285,40000	36480
673	elemental_npc_5005	73	80	6	6	279,400000;281,40000;285,40000	36960
674	elemental_npc_5005	74	80	6	6	279,400000;281,40000;285,40000	37440
675	elemental_npc_5005	75	80	6	6	279,400000;281,40000;285,40000	37920
676	elemental_npc_5005	76	80	6	6	279,400000;281,40000;285,40000	38400
677	elemental_npc_5005	77	80	6	6	279,400000;281,40000;285,40000	38880
678	elemental_npc_5005	78	80	6	6	279,400000;281,40000;285,40000	39360
679	elemental_npc_5005	79	80	6	6	279,400000;281,40000;285,40000	39840
680	elemental_npc_5005	80	80	6	6	279,400000;281,40000;285,40000	40320
681	elemental_npc_10001	1	80	1	1	279,80000;281,8000;285,8000	600
682	elemental_npc_10001	2	80	1	1	279,80000;281,8000;285,8000	720
683	elemental_npc_10001	3	80	1	1	279,80000;281,8000;285,8000	840
684	elemental_npc_10001	4	80	1	1	279,80000;281,8000;285,8000	960
685	elemental_npc_10001	5	80	1	1	279,80000;281,8000;285,8000	1080
686	elemental_npc_10001	6	80	1	1	279,80000;281,8000;285,8000	1200
687	elemental_npc_10001	7	80	1	1	279,80000;281,8000;285,8000	1320
688	elemental_npc_10001	8	80	1	1	279,80000;281,8000;285,8000	1440
689	elemental_npc_10001	9	80	1	1	279,80000;281,8000;285,8000	1560
690	elemental_npc_10001	10	80	1	1	279,80000;281,8000;285,8000	1680
691	elemental_npc_10001	11	80	1	1	279,80000;281,8000;285,8000	1800
692	elemental_npc_10001	12	80	1	1	279,80000;281,8000;285,8000	1920
693	elemental_npc_10001	13	80	1	1	279,80000;281,8000;285,8000	2040
694	elemental_npc_10001	14	80	1	1	279,80000;281,8000;285,8000	2160
695	elemental_npc_10001	15	80	1	1	279,80000;281,8000;285,8000	2280
696	elemental_npc_10001	16	80	1	1	279,80000;281,8000;285,8000	2400
697	elemental_npc_10001	17	80	1	1	279,80000;281,8000;285,8000	2520
698	elemental_npc_10001	18	80	1	1	279,80000;281,8000;285,8000	2640
699	elemental_npc_10001	19	80	1	1	279,80000;281,8000;285,8000	2760
700	elemental_npc_10001	20	80	1	1	279,80000;281,8000;285,8000	2880
701	elemental_npc_10001	21	80	1	1	279,80000;281,8000;285,8000	3000
702	elemental_npc_10001	22	80	1	1	279,80000;281,8000;285,8000	3120
703	elemental_npc_10001	23	80	1	1	279,80000;281,8000;285,8000	3240
704	elemental_npc_10001	24	80	1	1	279,80000;281,8000;285,8000	3360
705	elemental_npc_10001	25	80	1	1	279,80000;281,8000;285,8000	3480
706	elemental_npc_10001	26	80	1	1	279,80000;281,8000;285,8000	3600
707	elemental_npc_10001	27	80	1	1	279,80000;281,8000;285,8000	3720
708	elemental_npc_10001	28	80	1	1	279,80000;281,8000;285,8000	3840
709	elemental_npc_10001	29	80	1	1	279,80000;281,8000;285,8000	3960
710	elemental_npc_10001	30	80	1	1	279,80000;281,8000;285,8000	4080
711	elemental_npc_10001	31	80	2	2	279,80000;281,8000;285,8000	4200
712	elemental_npc_10001	32	80	2	2	279,80000;281,8000;285,8000	4320
713	elemental_npc_10001	33	80	2	2	279,80000;281,8000;285,8000	4440
714	elemental_npc_10001	34	80	2	2	279,80000;281,8000;285,8000	4560
715	elemental_npc_10001	35	80	2	2	279,80000;281,8000;285,8000	4680
716	elemental_npc_10001	36	80	2	2	279,80000;281,8000;285,8000	4800
717	elemental_npc_10001	37	80	2	2	279,80000;281,8000;285,8000	4920
718	elemental_npc_10001	38	80	2	2	279,80000;281,8000;285,8000	5040
719	elemental_npc_10001	39	80	2	2	279,80000;281,8000;285,8000	5160
720	elemental_npc_10001	40	80	2	2	279,80000;281,8000;285,8000	5280
721	elemental_npc_10001	41	80	3	3	279,80000;281,8000;285,8000	5400
722	elemental_npc_10001	42	80	3	3	279,80000;281,8000;285,8000	5520
723	elemental_npc_10001	43	80	3	3	279,80000;281,8000;285,8000	5640
724	elemental_npc_10001	44	80	3	3	279,80000;281,8000;285,8000	5760
725	elemental_npc_10001	45	80	3	3	279,80000;281,8000;285,8000	5880
726	elemental_npc_10001	46	80	3	3	279,80000;281,8000;285,8000	6000
727	elemental_npc_10001	47	80	3	3	279,80000;281,8000;285,8000	6120
728	elemental_npc_3001	48	80	3	3	279,80000;281,8000;285,8000	6240
729	elemental_npc_4001	49	80	3	3	279,80000;281,8000;285,8000	6360
730	elemental_npc_4002	50	80	3	3	279,80000;281,8000;285,8000	6480
731	elemental_npc_4003	51	80	4	4	279,80000;281,8000;285,8000	6600
732	elemental_npc_5001	52	80	4	4	279,80000;281,8000;285,8000	6720
733	elemental_npc_5002	53	80	4	4	279,80000;281,8000;285,8000	6840
734	elemental_npc_5003	54	80	4	4	279,80000;281,8000;285,8000	6960
735	elemental_npc_5004	55	80	4	4	279,80000;281,8000;285,8000	7080
736	elemental_npc_5005	56	80	4	4	279,80000;281,8000;285,8000	7200
