流水id	使者id	使者等级	人物等级	到当前级属性加成	负重	升下一级所需经验
int	string	int	int	string	int	int
Id	EnvoyId	EnvoyLevel	LimitLevel	EnvoyProp	DiscipleWeight	Exp
1	envoy_3001	1	0		0	100
2	envoy_3001	2	0	301,1500;331,100;4,10	0	110
3	envoy_3001	3	0	301,1500;331,100;4,10	0	120
4	envoy_3001	4	0	301,1500;331,100;4,10	0	130
5	envoy_3001	5	0	301,1500;331,100;4,10	0	140
6	envoy_3001	6	0	301,1500;331,100;4,10	0	150
7	envoy_3001	7	0	301,1500;331,100;4,10	0	160
8	envoy_3001	8	0	301,1500;331,100;4,10	0	170
9	envoy_3001	9	0	301,1500;331,100;4,10	0	180
10	envoy_3001	10	0	301,1500;331,100;4,10	0	190
11	envoy_3001	11	0	301,1500;331,100;4,10	0	200
12	envoy_3001	12	0	301,1500;331,100;4,10	0	210
13	envoy_3001	13	0	301,1500;331,100;4,10	0	220
14	envoy_3001	14	0	301,1500;331,100;4,10	0	230
15	envoy_3001	15	0	301,1500;331,100;4,10	0	240
16	envoy_3001	16	0	301,1500;331,100;4,10	0	250
17	envoy_3001	17	0	301,1500;331,100;4,10	0	260
18	envoy_3001	18	0	301,1500;331,100;4,10	0	270
19	envoy_3001	19	0	301,1500;331,100;4,10	0	280
20	envoy_3001	20	0	301,1500;331,100;4,10	0	290
21	envoy_3001	21	0	301,1500;331,100;4,10	0	300
22	envoy_3001	22	0	301,1500;331,100;4,10	0	310
23	envoy_3001	23	0	301,1500;331,100;4,10	0	320
24	envoy_3001	24	0	301,1500;331,100;4,10	0	330
25	envoy_3001	25	0	301,1500;331,100;4,10	0	340
26	envoy_3001	26	0	301,1500;331,100;4,10	0	350
27	envoy_3001	27	0	301,1500;331,100;4,10	0	360
28	envoy_3001	28	0	301,1500;331,100;4,10	0	370
29	envoy_3001	29	0	301,1500;331,100;4,10	0	380
30	envoy_3001	30	0	301,1500;331,100;4,10	0	390
31	envoy_3001	31	0	301,1500;331,100;4,10	0	400
32	envoy_3001	32	0	301,1500;331,100;4,10	0	410
33	envoy_3001	33	0	301,1500;331,100;4,10	0	420
34	envoy_3001	34	0	301,1500;331,100;4,10	0	430
35	envoy_3001	35	0	301,1500;331,100;4,10	0	440
36	envoy_3001	36	0	301,1500;331,100;4,10	0	450
37	envoy_3001	37	0	301,1500;331,100;4,10	0	460
38	envoy_3001	38	0	301,1500;331,100;4,10	0	470
39	envoy_3001	39	0	301,1500;331,100;4,10	0	480
40	envoy_3001	40	0	301,1500;331,100;4,10	0	490
41	envoy_3001	41	0	301,1500;331,100;4,10	0	500
42	envoy_3001	42	0	301,1500;331,100;4,10	0	510
43	envoy_3001	43	0	301,1500;331,100;4,10	0	520
44	envoy_3001	44	0	301,1500;331,100;4,10	0	530
45	envoy_3001	45	0	301,1500;331,100;4,10	0	540
46	envoy_3001	46	0	301,1500;331,100;4,10	0	550
47	envoy_3001	47	0	301,1500;331,100;4,10	0	560
48	envoy_3001	48	0	301,1500;331,100;4,10	0	570
49	envoy_3001	49	0	301,1500;331,100;4,10	0	580
50	envoy_3001	50	0	301,1500;331,100;4,10	0	590
51	envoy_3001	51	0	301,1500;331,100;4,10	0	600
52	envoy_3001	52	0	301,1500;331,100;4,10	0	610
53	envoy_3001	53	0	301,1500;331,100;4,10	0	620
54	envoy_3001	54	0	301,1500;331,100;4,10	0	630
55	envoy_3001	55	0	301,1500;331,100;4,10	0	640
56	envoy_3001	56	0	301,1500;331,100;4,10	0	650
57	envoy_3001	57	0	301,1500;331,100;4,10	0	660
58	envoy_3001	58	0	301,1500;331,100;4,10	0	670
59	envoy_3001	59	0	301,1500;331,100;4,10	0	680
60	envoy_3001	60	0	301,3000;331,200;4,20	0	0
61	envoy_4001	1	0		0	100
62	envoy_4001	2	0	301,1500;331,100;4,10	0	110
63	envoy_4001	3	0	301,1500;331,100;4,10	0	120
64	envoy_4001	4	0	301,1500;331,100;4,10	0	130
65	envoy_4001	5	0	301,1500;331,100;4,10	0	140
66	envoy_4001	6	0	301,1500;331,100;4,10	0	150
67	envoy_4001	7	0	301,1500;331,100;4,10	0	160
68	envoy_4001	8	0	301,1500;331,100;4,10	0	170
69	envoy_4001	9	0	301,1500;331,100;4,10	0	180
70	envoy_4001	10	0	301,1500;331,100;4,10	0	190
71	envoy_4001	11	0	301,1500;331,100;4,10	0	200
72	envoy_4001	12	0	301,1500;331,100;4,10	0	210
73	envoy_4001	13	0	301,1500;331,100;4,10	0	220
74	envoy_4001	14	0	301,1500;331,100;4,10	0	230
75	envoy_4001	15	0	301,1500;331,100;4,10	0	240
76	envoy_4001	16	0	301,1500;331,100;4,10	0	250
77	envoy_4001	17	0	301,1500;331,100;4,10	0	260
78	envoy_4001	18	0	301,1500;331,100;4,10	0	270
79	envoy_4001	19	0	301,1500;331,100;4,10	0	280
80	envoy_4001	20	0	301,1500;331,100;4,10	0	290
81	envoy_4001	21	0	301,1500;331,100;4,10	0	300
82	envoy_4001	22	0	301,1500;331,100;4,10	0	310
83	envoy_4001	23	0	301,1500;331,100;4,10	0	320
84	envoy_4001	24	0	301,1500;331,100;4,10	0	330
85	envoy_4001	25	0	301,1500;331,100;4,10	0	340
86	envoy_4001	26	0	301,1500;331,100;4,10	0	350
87	envoy_4001	27	0	301,1500;331,100;4,10	0	360
88	envoy_4001	28	0	301,1500;331,100;4,10	0	370
89	envoy_4001	29	0	301,1500;331,100;4,10	0	380
90	envoy_4001	30	0	301,1500;331,100;4,10	0	390
91	envoy_4001	31	0	301,1500;331,100;4,10	0	400
92	envoy_4001	32	0	301,1500;331,100;4,10	0	410
93	envoy_4001	33	0	301,1500;331,100;4,10	0	420
94	envoy_4001	34	0	301,1500;331,100;4,10	0	430
95	envoy_4001	35	0	301,1500;331,100;4,10	0	440
96	envoy_4001	36	0	301,1500;331,100;4,10	0	450
97	envoy_4001	37	0	301,1500;331,100;4,10	0	460
98	envoy_4001	38	0	301,1500;331,100;4,10	0	470
99	envoy_4001	39	0	301,1500;331,100;4,10	0	480
100	envoy_4001	40	0	301,1500;331,100;4,10	0	490
101	envoy_4001	41	0	301,1500;331,100;4,10	0	500
102	envoy_4001	42	0	301,1500;331,100;4,10	0	510
103	envoy_4001	43	0	301,1500;331,100;4,10	0	520
104	envoy_4001	44	0	301,1500;331,100;4,10	0	530
105	envoy_4001	45	0	301,1500;331,100;4,10	0	540
106	envoy_4001	46	0	301,1500;331,100;4,10	0	550
107	envoy_4001	47	0	301,1500;331,100;4,10	0	560
108	envoy_4001	48	0	301,1500;331,100;4,10	0	570
109	envoy_4001	49	0	301,1500;331,100;4,10	0	580
110	envoy_4001	50	0	301,1500;331,100;4,10	0	590
111	envoy_4001	51	0	301,1500;331,100;4,10	0	600
112	envoy_4001	52	0	301,1500;331,100;4,10	0	610
113	envoy_4001	53	0	301,1500;331,100;4,10	0	620
114	envoy_4001	54	0	301,1500;331,100;4,10	0	630
115	envoy_4001	55	0	301,1500;331,100;4,10	0	640
116	envoy_4001	56	0	301,1500;331,100;4,10	0	650
117	envoy_4001	57	0	301,1500;331,100;4,10	0	660
118	envoy_4001	58	0	301,1500;331,100;4,10	0	670
119	envoy_4001	59	0	301,1500;331,100;4,10	0	680
120	envoy_4001	60	0	301,3000;331,200;4,20	0	690
121	envoy_4001	61	0	301,1500;331,100;4,10	0	720
122	envoy_4001	62	0	301,1500;331,100;4,10	0	740
123	envoy_4001	63	0	301,1500;331,100;4,10	0	760
124	envoy_4001	64	0	301,1500;331,100;4,10	0	780
125	envoy_4001	65	0	301,1500;331,100;4,10	0	800
126	envoy_4001	66	0	301,1500;331,100;4,10	0	820
127	envoy_4001	67	0	301,1500;331,100;4,10	0	840
128	envoy_4001	68	0	301,1500;331,100;4,10	0	860
129	envoy_4001	69	0	301,1500;331,100;4,10	0	880
130	envoy_4001	70	0	301,1500;331,100;4,10	0	900
131	envoy_4001	71	0	301,1500;331,100;4,10	0	920
132	envoy_4001	72	0	301,1500;331,100;4,10	0	940
133	envoy_4001	73	0	301,1500;331,100;4,10	0	960
134	envoy_4001	74	0	301,1500;331,100;4,10	0	980
135	envoy_4001	75	0	301,1500;331,100;4,10	0	1000
136	envoy_4001	76	0	301,1500;331,100;4,10	0	1020
137	envoy_4001	77	0	301,1500;331,100;4,10	0	1040
138	envoy_4001	78	0	301,1500;331,100;4,10	0	1060
139	envoy_4001	79	0	301,1500;331,100;4,10	0	1080
140	envoy_4001	80	0	301,1500;331,100;4,10	0	0
141	envoy_4002	1	0		0	100
142	envoy_4002	2	0	301,1500;331,100;4,10	0	110
143	envoy_4002	3	0	301,1500;331,100;4,10	0	120
144	envoy_4002	4	0	301,1500;331,100;4,10	0	130
145	envoy_4002	5	0	301,1500;331,100;4,10	0	140
146	envoy_4002	6	0	301,1500;331,100;4,10	0	150
147	envoy_4002	7	0	301,1500;331,100;4,10	0	160
148	envoy_4002	8	0	301,1500;331,100;4,10	0	170
149	envoy_4002	9	0	301,1500;331,100;4,10	0	180
150	envoy_4002	10	0	301,1500;331,100;4,10	0	190
151	envoy_4002	11	0	301,1500;331,100;4,10	0	200
152	envoy_4002	12	0	301,1500;331,100;4,10	0	210
153	envoy_4002	13	0	301,1500;331,100;4,10	0	220
154	envoy_4002	14	0	301,1500;331,100;4,10	0	230
155	envoy_4002	15	0	301,1500;331,100;4,10	0	240
156	envoy_4002	16	0	301,1500;331,100;4,10	0	250
157	envoy_4002	17	0	301,1500;331,100;4,10	0	260
158	envoy_4002	18	0	301,1500;331,100;4,10	0	270
159	envoy_4002	19	0	301,1500;331,100;4,10	0	280
160	envoy_4002	20	0	301,1500;331,100;4,10	0	290
161	envoy_4002	21	0	301,1500;331,100;4,10	0	300
162	envoy_4002	22	0	301,1500;331,100;4,10	0	310
163	envoy_4002	23	0	301,1500;331,100;4,10	0	320
164	envoy_4002	24	0	301,1500;331,100;4,10	0	330
165	envoy_4002	25	0	301,1500;331,100;4,10	0	340
166	envoy_4002	26	0	301,1500;331,100;4,10	0	350
167	envoy_4002	27	0	301,1500;331,100;4,10	0	360
168	envoy_4002	28	0	301,1500;331,100;4,10	0	370
169	envoy_4002	29	0	301,1500;331,100;4,10	0	380
170	envoy_4002	30	0	301,1500;331,100;4,10	0	390
171	envoy_4002	31	0	301,1500;331,100;4,10	0	400
172	envoy_4002	32	0	301,1500;331,100;4,10	0	410
173	envoy_4002	33	0	301,1500;331,100;4,10	0	420
174	envoy_4002	34	0	301,1500;331,100;4,10	0	430
175	envoy_4002	35	0	301,1500;331,100;4,10	0	440
176	envoy_4002	36	0	301,1500;331,100;4,10	0	450
177	envoy_4002	37	0	301,1500;331,100;4,10	0	460
178	envoy_4002	38	0	301,1500;331,100;4,10	0	470
179	envoy_4002	39	0	301,1500;331,100;4,10	0	480
180	envoy_4002	40	0	301,1500;331,100;4,10	0	490
181	envoy_4002	41	0	301,1500;331,100;4,10	0	500
182	envoy_4002	42	0	301,1500;331,100;4,10	0	510
183	envoy_4002	43	0	301,1500;331,100;4,10	0	520
184	envoy_4002	44	0	301,1500;331,100;4,10	0	530
185	envoy_4002	45	0	301,1500;331,100;4,10	0	540
186	envoy_4002	46	0	301,1500;331,100;4,10	0	550
187	envoy_4002	47	0	301,1500;331,100;4,10	0	560
188	envoy_4002	48	0	301,1500;331,100;4,10	0	570
189	envoy_4002	49	0	301,1500;331,100;4,10	0	580
190	envoy_4002	50	0	301,1500;331,100;4,10	0	590
191	envoy_4002	51	0	301,1500;331,100;4,10	0	600
192	envoy_4002	52	0	301,1500;331,100;4,10	0	610
193	envoy_4002	53	0	301,1500;331,100;4,10	0	620
194	envoy_4002	54	0	301,1500;331,100;4,10	0	630
195	envoy_4002	55	0	301,1500;331,100;4,10	0	640
196	envoy_4002	56	0	301,1500;331,100;4,10	0	650
197	envoy_4002	57	0	301,1500;331,100;4,10	0	660
198	envoy_4002	58	0	301,1500;331,100;4,10	0	670
199	envoy_4002	59	0	301,1500;331,100;4,10	0	680
200	envoy_4002	60	0	301,3000;331,200;4,20	0	690
201	envoy_4002	61	0	301,1500;331,100;4,10	0	720
202	envoy_4002	62	0	301,1500;331,100;4,10	0	740
203	envoy_4002	63	0	301,1500;331,100;4,10	0	760
204	envoy_4002	64	0	301,1500;331,100;4,10	0	780
205	envoy_4002	65	0	301,1500;331,100;4,10	0	800
206	envoy_4002	66	0	301,1500;331,100;4,10	0	820
207	envoy_4002	67	0	301,1500;331,100;4,10	0	840
208	envoy_4002	68	0	301,1500;331,100;4,10	0	860
209	envoy_4002	69	0	301,1500;331,100;4,10	0	880
210	envoy_4002	70	0	301,1500;331,100;4,10	0	900
211	envoy_4002	71	0	301,1500;331,100;4,10	0	920
212	envoy_4002	72	0	301,1500;331,100;4,10	0	940
213	envoy_4002	73	0	301,1500;331,100;4,10	0	960
214	envoy_4002	74	0	301,1500;331,100;4,10	0	980
215	envoy_4002	75	0	301,1500;331,100;4,10	0	1000
216	envoy_4002	76	0	301,1500;331,100;4,10	0	1020
217	envoy_4002	77	0	301,1500;331,100;4,10	0	1040
218	envoy_4002	78	0	301,1500;331,100;4,10	0	1060
219	envoy_4002	79	0	301,1500;331,100;4,10	0	1080
220	envoy_4002	80	0	301,1500;331,100;4,10	0	0
221	envoy_4003	1	0		0	100
222	envoy_4003	2	0	301,1500;331,100;4,10	0	110
223	envoy_4003	3	0	301,1500;331,100;4,10	0	120
224	envoy_4003	4	0	301,1500;331,100;4,10	0	130
225	envoy_4003	5	0	301,1500;331,100;4,10	0	140
226	envoy_4003	6	0	301,1500;331,100;4,10	0	150
227	envoy_4003	7	0	301,1500;331,100;4,10	0	160
228	envoy_4003	8	0	301,1500;331,100;4,10	0	170
229	envoy_4003	9	0	301,1500;331,100;4,10	0	180
230	envoy_4003	10	0	301,1500;331,100;4,10	0	190
231	envoy_4003	11	0	301,1500;331,100;4,10	0	200
232	envoy_4003	12	0	301,1500;331,100;4,10	0	210
233	envoy_4003	13	0	301,1500;331,100;4,10	0	220
234	envoy_4003	14	0	301,1500;331,100;4,10	0	230
235	envoy_4003	15	0	301,1500;331,100;4,10	0	240
236	envoy_4003	16	0	301,1500;331,100;4,10	0	250
237	envoy_4003	17	0	301,1500;331,100;4,10	0	260
238	envoy_4003	18	0	301,1500;331,100;4,10	0	270
239	envoy_4003	19	0	301,1500;331,100;4,10	0	280
240	envoy_4003	20	0	301,1500;331,100;4,10	0	290
241	envoy_4003	21	0	301,1500;331,100;4,10	0	300
242	envoy_4003	22	0	301,1500;331,100;4,10	0	310
243	envoy_4003	23	0	301,1500;331,100;4,10	0	320
244	envoy_4003	24	0	301,1500;331,100;4,10	0	330
245	envoy_4003	25	0	301,1500;331,100;4,10	0	340
246	envoy_4003	26	0	301,1500;331,100;4,10	0	350
247	envoy_4003	27	0	301,1500;331,100;4,10	0	360
248	envoy_4003	28	0	301,1500;331,100;4,10	0	370
249	envoy_4003	29	0	301,1500;331,100;4,10	0	380
250	envoy_4003	30	0	301,1500;331,100;4,10	0	390
251	envoy_4003	31	0	301,1500;331,100;4,10	0	400
252	envoy_4003	32	0	301,1500;331,100;4,10	0	410
253	envoy_4003	33	0	301,1500;331,100;4,10	0	420
254	envoy_4003	34	0	301,1500;331,100;4,10	0	430
255	envoy_4003	35	0	301,1500;331,100;4,10	0	440
256	envoy_4003	36	0	301,1500;331,100;4,10	0	450
257	envoy_4003	37	0	301,1500;331,100;4,10	0	460
258	envoy_4003	38	0	301,1500;331,100;4,10	0	470
259	envoy_4003	39	0	301,1500;331,100;4,10	0	480
260	envoy_4003	40	0	301,1500;331,100;4,10	0	490
261	envoy_4003	41	0	301,1500;331,100;4,10	0	500
262	envoy_4003	42	0	301,1500;331,100;4,10	0	510
263	envoy_4003	43	0	301,1500;331,100;4,10	0	520
264	envoy_4003	44	0	301,1500;331,100;4,10	0	530
265	envoy_4003	45	0	301,1500;331,100;4,10	0	540
266	envoy_4003	46	0	301,1500;331,100;4,10	0	550
267	envoy_4003	47	0	301,1500;331,100;4,10	0	560
268	envoy_4003	48	0	301,1500;331,100;4,10	0	570
269	envoy_4003	49	0	301,1500;331,100;4,10	0	580
270	envoy_4003	50	0	301,1500;331,100;4,10	0	590
271	envoy_4003	51	0	301,1500;331,100;4,10	0	600
272	envoy_4003	52	0	301,1500;331,100;4,10	0	610
273	envoy_4003	53	0	301,1500;331,100;4,10	0	620
274	envoy_4003	54	0	301,1500;331,100;4,10	0	630
275	envoy_4003	55	0	301,1500;331,100;4,10	0	640
276	envoy_4003	56	0	301,1500;331,100;4,10	0	650
277	envoy_4003	57	0	301,1500;331,100;4,10	0	660
278	envoy_4003	58	0	301,1500;331,100;4,10	0	670
279	envoy_4003	59	0	301,1500;331,100;4,10	0	680
280	envoy_4003	60	0	301,3000;331,200;4,20	0	690
281	envoy_4003	61	0	301,1500;331,100;4,10	0	720
282	envoy_4003	62	0	301,1500;331,100;4,10	0	740
283	envoy_4003	63	0	301,1500;331,100;4,10	0	760
284	envoy_4003	64	0	301,1500;331,100;4,10	0	780
285	envoy_4003	65	0	301,1500;331,100;4,10	0	800
286	envoy_4003	66	0	301,1500;331,100;4,10	0	820
287	envoy_4003	67	0	301,1500;331,100;4,10	0	840
288	envoy_4003	68	0	301,1500;331,100;4,10	0	860
289	envoy_4003	69	0	301,1500;331,100;4,10	0	880
290	envoy_4003	70	0	301,1500;331,100;4,10	0	900
291	envoy_4003	71	0	301,1500;331,100;4,10	0	920
292	envoy_4003	72	0	301,1500;331,100;4,10	0	940
293	envoy_4003	73	0	301,1500;331,100;4,10	0	960
294	envoy_4003	74	0	301,1500;331,100;4,10	0	980
295	envoy_4003	75	0	301,1500;331,100;4,10	0	1000
296	envoy_4003	76	0	301,1500;331,100;4,10	0	1020
297	envoy_4003	77	0	301,1500;331,100;4,10	0	1040
298	envoy_4003	78	0	301,1500;331,100;4,10	0	1060
299	envoy_4003	79	0	301,1500;331,100;4,10	0	1080
300	envoy_4003	80	0	301,1500;331,100;4,10	0	0
301	envoy_5001	1	0		0	100
302	envoy_5001	2	0	301,1500;331,100;4,10	0	110
303	envoy_5001	3	0	301,1500;331,100;4,10	0	120
304	envoy_5001	4	0	301,1500;331,100;4,10	0	130
305	envoy_5001	5	0	301,1500;331,100;4,10	0	140
306	envoy_5001	6	0	301,1500;331,100;4,10	0	150
307	envoy_5001	7	0	301,1500;331,100;4,10	0	160
308	envoy_5001	8	0	301,1500;331,100;4,10	0	170
309	envoy_5001	9	0	301,1500;331,100;4,10	0	180
310	envoy_5001	10	0	301,1500;331,100;4,10	0	190
311	envoy_5001	11	0	301,1500;331,100;4,10	0	200
312	envoy_5001	12	0	301,1500;331,100;4,10	0	210
313	envoy_5001	13	0	301,1500;331,100;4,10	0	220
314	envoy_5001	14	0	301,1500;331,100;4,10	0	230
315	envoy_5001	15	0	301,1500;331,100;4,10	0	240
316	envoy_5001	16	0	301,1500;331,100;4,10	0	250
317	envoy_5001	17	0	301,1500;331,100;4,10	0	260
318	envoy_5001	18	0	301,1500;331,100;4,10	0	270
319	envoy_5001	19	0	301,1500;331,100;4,10	0	280
320	envoy_5001	20	0	301,1500;331,100;4,10	0	290
321	envoy_5001	21	0	301,1500;331,100;4,10	0	300
322	envoy_5001	22	0	301,1500;331,100;4,10	0	310
323	envoy_5001	23	0	301,1500;331,100;4,10	0	320
324	envoy_5001	24	0	301,1500;331,100;4,10	0	330
325	envoy_5001	25	0	301,1500;331,100;4,10	0	340
326	envoy_5001	26	0	301,1500;331,100;4,10	0	350
327	envoy_5001	27	0	301,1500;331,100;4,10	0	360
328	envoy_5001	28	0	301,1500;331,100;4,10	0	370
329	envoy_5001	29	0	301,1500;331,100;4,10	0	380
330	envoy_5001	30	0	301,1500;331,100;4,10	0	390
331	envoy_5001	31	0	301,1500;331,100;4,10	0	400
332	envoy_5001	32	0	301,1500;331,100;4,10	0	410
333	envoy_5001	33	0	301,1500;331,100;4,10	0	420
334	envoy_5001	34	0	301,1500;331,100;4,10	0	430
335	envoy_5001	35	0	301,1500;331,100;4,10	0	440
336	envoy_5001	36	0	301,1500;331,100;4,10	0	450
337	envoy_5001	37	0	301,1500;331,100;4,10	0	460
338	envoy_5001	38	0	301,1500;331,100;4,10	0	470
339	envoy_5001	39	0	301,1500;331,100;4,10	0	480
340	envoy_5001	40	0	301,1500;331,100;4,10	0	490
341	envoy_5001	41	0	301,1500;331,100;4,10	0	500
342	envoy_5001	42	0	301,1500;331,100;4,10	0	510
343	envoy_5001	43	0	301,1500;331,100;4,10	0	520
344	envoy_5001	44	0	301,1500;331,100;4,10	0	530
345	envoy_5001	45	0	301,1500;331,100;4,10	0	540
346	envoy_5001	46	0	301,1500;331,100;4,10	0	550
347	envoy_5001	47	0	301,1500;331,100;4,10	0	560
348	envoy_5001	48	0	301,1500;331,100;4,10	0	570
349	envoy_5001	49	0	301,1500;331,100;4,10	0	580
350	envoy_5001	50	0	301,1500;331,100;4,10	0	590
351	envoy_5001	51	0	301,1500;331,100;4,10	0	600
352	envoy_5001	52	0	301,1500;331,100;4,10	0	610
353	envoy_5001	53	0	301,1500;331,100;4,10	0	620
354	envoy_5001	54	0	301,1500;331,100;4,10	0	630
355	envoy_5001	55	0	301,1500;331,100;4,10	0	640
356	envoy_5001	56	0	301,1500;331,100;4,10	0	650
357	envoy_5001	57	0	301,1500;331,100;4,10	0	660
358	envoy_5001	58	0	301,1500;331,100;4,10	0	670
359	envoy_5001	59	0	301,1500;331,100;4,10	0	680
360	envoy_5001	60	0	301,3000;331,200;4,20	0	690
361	envoy_5001	61	0	301,1500;331,100;4,10	0	720
362	envoy_5001	62	0	301,1500;331,100;4,10	0	740
363	envoy_5001	63	0	301,1500;331,100;4,10	0	760
364	envoy_5001	64	0	301,1500;331,100;4,10	0	780
365	envoy_5001	65	0	301,1500;331,100;4,10	0	800
366	envoy_5001	66	0	301,1500;331,100;4,10	0	820
367	envoy_5001	67	0	301,1500;331,100;4,10	0	840
368	envoy_5001	68	0	301,1500;331,100;4,10	0	860
369	envoy_5001	69	0	301,1500;331,100;4,10	0	880
370	envoy_5001	70	0	301,1500;331,100;4,10	0	900
371	envoy_5001	71	0	301,1500;331,100;4,10	0	920
372	envoy_5001	72	0	301,1500;331,100;4,10	0	940
373	envoy_5001	73	0	301,1500;331,100;4,10	0	960
374	envoy_5001	74	0	301,1500;331,100;4,10	0	980
375	envoy_5001	75	0	301,1500;331,100;4,10	0	1000
376	envoy_5001	76	0	301,1500;331,100;4,10	0	1020
377	envoy_5001	77	0	301,1500;331,100;4,10	0	1040
378	envoy_5001	78	0	301,1500;331,100;4,10	0	1060
379	envoy_5001	79	0	301,1500;331,100;4,10	0	1080
380	envoy_5001	80	0	301,1500;331,100;4,10	0	1130
381	envoy_5001	81	0	301,1500;331,100;4,10	0	1160
382	envoy_5001	82	0	301,1500;331,100;4,10	0	1190
383	envoy_5001	83	0	301,1500;331,100;4,10	0	1220
384	envoy_5001	84	0	301,1500;331,100;4,10	0	1250
385	envoy_5001	85	0	301,1500;331,100;4,10	0	1280
386	envoy_5001	86	0	301,1500;331,100;4,10	0	1310
387	envoy_5001	87	0	301,1500;331,100;4,10	0	1340
388	envoy_5001	88	0	301,1500;331,100;4,10	0	1370
389	envoy_5001	89	0	301,1500;331,100;4,10	0	1400
390	envoy_5001	90	0	301,1500;331,100;4,10	0	1430
391	envoy_5001	91	0	301,1500;331,100;4,10	0	1460
392	envoy_5001	92	0	301,1500;331,100;4,10	0	1490
393	envoy_5001	93	0	301,1500;331,100;4,10	0	1520
394	envoy_5001	94	0	301,1500;331,100;4,10	0	1550
395	envoy_5001	95	0	301,1500;331,100;4,10	0	1580
396	envoy_5001	96	0	301,1500;331,100;4,10	0	1610
397	envoy_5001	97	0	301,1500;331,100;4,10	0	1640
398	envoy_5001	98	0	301,1500;331,100;4,10	0	1670
399	envoy_5001	99	0	301,1500;331,100;4,10	0	1700
400	envoy_5001	100	0	301,1500;331,100;4,10	0	1740
401	envoy_5001	101	0	301,1500;331,100;4,10	0	1780
402	envoy_5001	102	0	301,1500;331,100;4,10	0	1820
403	envoy_5001	103	0	301,1500;331,100;4,10	0	1860
404	envoy_5001	104	0	301,1500;331,100;4,10	0	1900
405	envoy_5001	105	0	301,1500;331,100;4,10	0	1940
406	envoy_5001	106	0	301,1500;331,100;4,10	0	1980
407	envoy_5001	107	0	301,1500;331,100;4,10	0	2020
408	envoy_5001	108	0	301,1500;331,100;4,10	0	2060
409	envoy_5001	109	0	301,1500;331,100;4,10	0	2100
410	envoy_5001	110	0	301,1500;331,100;4,10	0	2140
411	envoy_5001	111	0	301,1500;331,100;4,10	0	2180
412	envoy_5001	112	0	301,1500;331,100;4,10	0	2220
413	envoy_5001	113	0	301,1500;331,100;4,10	0	2260
414	envoy_5001	114	0	301,1500;331,100;4,10	0	2300
415	envoy_5001	115	0	301,1500;331,100;4,10	0	2340
416	envoy_5001	116	0	301,1500;331,100;4,10	0	2380
417	envoy_5001	117	0	301,1500;331,100;4,10	0	2420
418	envoy_5001	118	0	301,1500;331,100;4,10	0	2460
419	envoy_5001	119	0	301,1500;331,100;4,10	0	2500
420	envoy_5001	120	0	301,1500;331,100;4,10	0	2550
421	envoy_5001	121	0	301,1500;331,100;4,10	0	2600
422	envoy_5001	122	0	301,1500;331,100;4,10	0	2650
423	envoy_5001	123	0	301,1500;331,100;4,10	0	2700
424	envoy_5001	124	0	301,1500;331,100;4,10	0	2750
425	envoy_5001	125	0	301,1500;331,100;4,10	0	2800
426	envoy_5001	126	0	301,1500;331,100;4,10	0	2850
427	envoy_5001	127	0	301,1500;331,100;4,10	0	2900
428	envoy_5001	128	0	301,1500;331,100;4,10	0	2950
429	envoy_5001	129	0	301,1500;331,100;4,10	0	3000
430	envoy_5001	130	0	301,1500;331,100;4,10	0	3050
431	envoy_5001	131	0	301,1500;331,100;4,10	0	3100
432	envoy_5001	132	0	301,1500;331,100;4,10	0	3150
433	envoy_5001	133	0	301,1500;331,100;4,10	0	3200
434	envoy_5001	134	0	301,1500;331,100;4,10	0	3250
435	envoy_5001	135	0	301,1500;331,100;4,10	0	3300
436	envoy_5001	136	0	301,1500;331,100;4,10	0	3350
437	envoy_5001	137	0	301,1500;331,100;4,10	0	3400
438	envoy_5001	138	0	301,1500;331,100;4,10	0	3450
439	envoy_5001	139	0	301,1500;331,100;4,10	0	3500
440	envoy_5001	140	0	301,1500;331,100;4,10	0	3560
441	envoy_5001	141	0	301,1500;331,100;4,10	0	3620
442	envoy_5001	142	0	301,1500;331,100;4,10	0	3680
443	envoy_5001	143	0	301,1500;331,100;4,10	0	3740
444	envoy_5001	144	0	301,1500;331,100;4,10	0	3800
445	envoy_5001	145	0	301,1500;331,100;4,10	0	3860
446	envoy_5001	146	0	301,1500;331,100;4,10	0	3920
447	envoy_5001	147	0	301,1500;331,100;4,10	0	3980
448	envoy_5001	148	0	301,1500;331,100;4,10	0	4040
449	envoy_5001	149	0	301,1500;331,100;4,10	0	4100
450	envoy_5001	150	0	301,1500;331,100;4,10	0	4160
451	envoy_5001	151	0	301,1500;331,100;4,10	0	4220
452	envoy_5001	152	0	301,1500;331,100;4,10	0	4280
453	envoy_5001	153	0	301,1500;331,100;4,10	0	4340
454	envoy_5001	154	0	301,1500;331,100;4,10	0	4400
455	envoy_5001	155	0	301,1500;331,100;4,10	0	4460
456	envoy_5001	156	0	301,1500;331,100;4,10	0	4520
457	envoy_5001	157	0	301,1500;331,100;4,10	0	4580
458	envoy_5001	158	0	301,1500;331,100;4,10	0	4640
459	envoy_5001	159	0	301,1500;331,100;4,10	0	4700
460	envoy_5001	160	0	301,1500;331,100;4,10	0	0
461	envoy_5002	1	0		0	100
462	envoy_5002	2	0	301,1500;331,100;4,10	0	110
463	envoy_5002	3	0	301,1500;331,100;4,10	0	120
464	envoy_5002	4	0	301,1500;331,100;4,10	0	130
465	envoy_5002	5	0	301,1500;331,100;4,10	0	140
466	envoy_5002	6	0	301,1500;331,100;4,10	0	150
467	envoy_5002	7	0	301,1500;331,100;4,10	0	160
468	envoy_5002	8	0	301,1500;331,100;4,10	0	170
469	envoy_5002	9	0	301,1500;331,100;4,10	0	180
470	envoy_5002	10	0	301,1500;331,100;4,10	0	190
471	envoy_5002	11	0	301,1500;331,100;4,10	0	200
472	envoy_5002	12	0	301,1500;331,100;4,10	0	210
473	envoy_5002	13	0	301,1500;331,100;4,10	0	220
474	envoy_5002	14	0	301,1500;331,100;4,10	0	230
475	envoy_5002	15	0	301,1500;331,100;4,10	0	240
476	envoy_5002	16	0	301,1500;331,100;4,10	0	250
477	envoy_5002	17	0	301,1500;331,100;4,10	0	260
478	envoy_5002	18	0	301,1500;331,100;4,10	0	270
479	envoy_5002	19	0	301,1500;331,100;4,10	0	280
480	envoy_5002	20	0	301,1500;331,100;4,10	0	290
481	envoy_5002	21	0	301,1500;331,100;4,10	0	300
482	envoy_5002	22	0	301,1500;331,100;4,10	0	310
483	envoy_5002	23	0	301,1500;331,100;4,10	0	320
484	envoy_5002	24	0	301,1500;331,100;4,10	0	330
485	envoy_5002	25	0	301,1500;331,100;4,10	0	340
486	envoy_5002	26	0	301,1500;331,100;4,10	0	350
487	envoy_5002	27	0	301,1500;331,100;4,10	0	360
488	envoy_5002	28	0	301,1500;331,100;4,10	0	370
489	envoy_5002	29	0	301,1500;331,100;4,10	0	380
490	envoy_5002	30	0	301,1500;331,100;4,10	0	390
491	envoy_5002	31	0	301,1500;331,100;4,10	0	400
492	envoy_5002	32	0	301,1500;331,100;4,10	0	410
493	envoy_5002	33	0	301,1500;331,100;4,10	0	420
494	envoy_5002	34	0	301,1500;331,100;4,10	0	430
495	envoy_5002	35	0	301,1500;331,100;4,10	0	440
496	envoy_5002	36	0	301,1500;331,100;4,10	0	450
497	envoy_5002	37	0	301,1500;331,100;4,10	0	460
498	envoy_5002	38	0	301,1500;331,100;4,10	0	470
499	envoy_5002	39	0	301,1500;331,100;4,10	0	480
500	envoy_5002	40	0	301,1500;331,100;4,10	0	490
501	envoy_5002	41	0	301,1500;331,100;4,10	0	500
502	envoy_5002	42	0	301,1500;331,100;4,10	0	510
503	envoy_5002	43	0	301,1500;331,100;4,10	0	520
504	envoy_5002	44	0	301,1500;331,100;4,10	0	530
505	envoy_5002	45	0	301,1500;331,100;4,10	0	540
506	envoy_5002	46	0	301,1500;331,100;4,10	0	550
507	envoy_5002	47	0	301,1500;331,100;4,10	0	560
508	envoy_5002	48	0	301,1500;331,100;4,10	0	570
509	envoy_5002	49	0	301,1500;331,100;4,10	0	580
510	envoy_5002	50	0	301,1500;331,100;4,10	0	590
511	envoy_5002	51	0	301,1500;331,100;4,10	0	600
512	envoy_5002	52	0	301,1500;331,100;4,10	0	610
513	envoy_5002	53	0	301,1500;331,100;4,10	0	620
514	envoy_5002	54	0	301,1500;331,100;4,10	0	630
515	envoy_5002	55	0	301,1500;331,100;4,10	0	640
516	envoy_5002	56	0	301,1500;331,100;4,10	0	650
517	envoy_5002	57	0	301,1500;331,100;4,10	0	660
518	envoy_5002	58	0	301,1500;331,100;4,10	0	670
519	envoy_5002	59	0	301,1500;331,100;4,10	0	680
520	envoy_5002	60	0	301,3000;331,200;4,20	0	690
521	envoy_5002	61	0	301,1500;331,100;4,10	0	720
522	envoy_5002	62	0	301,1500;331,100;4,10	0	740
523	envoy_5002	63	0	301,1500;331,100;4,10	0	760
524	envoy_5002	64	0	301,1500;331,100;4,10	0	780
525	envoy_5002	65	0	301,1500;331,100;4,10	0	800
526	envoy_5002	66	0	301,1500;331,100;4,10	0	820
527	envoy_5002	67	0	301,1500;331,100;4,10	0	840
528	envoy_5002	68	0	301,1500;331,100;4,10	0	860
529	envoy_5002	69	0	301,1500;331,100;4,10	0	880
530	envoy_5002	70	0	301,1500;331,100;4,10	0	900
531	envoy_5002	71	0	301,1500;331,100;4,10	0	920
532	envoy_5002	72	0	301,1500;331,100;4,10	0	940
533	envoy_5002	73	0	301,1500;331,100;4,10	0	960
534	envoy_5002	74	0	301,1500;331,100;4,10	0	980
535	envoy_5002	75	0	301,1500;331,100;4,10	0	1000
536	envoy_5002	76	0	301,1500;331,100;4,10	0	1020
537	envoy_5002	77	0	301,1500;331,100;4,10	0	1040
538	envoy_5002	78	0	301,1500;331,100;4,10	0	1060
539	envoy_5002	79	0	301,1500;331,100;4,10	0	1080
540	envoy_5002	80	0	301,1500;331,100;4,10	0	1130
541	envoy_5002	81	0	301,1500;331,100;4,10	0	1160
542	envoy_5002	82	0	301,1500;331,100;4,10	0	1190
543	envoy_5002	83	0	301,1500;331,100;4,10	0	1220
544	envoy_5002	84	0	301,1500;331,100;4,10	0	1250
545	envoy_5002	85	0	301,1500;331,100;4,10	0	1280
546	envoy_5002	86	0	301,1500;331,100;4,10	0	1310
547	envoy_5002	87	0	301,1500;331,100;4,10	0	1340
548	envoy_5002	88	0	301,1500;331,100;4,10	0	1370
549	envoy_5002	89	0	301,1500;331,100;4,10	0	1400
550	envoy_5002	90	0	301,1500;331,100;4,10	0	1430
551	envoy_5002	91	0	301,1500;331,100;4,10	0	1460
552	envoy_5002	92	0	301,1500;331,100;4,10	0	1490
553	envoy_5002	93	0	301,1500;331,100;4,10	0	1520
554	envoy_5002	94	0	301,1500;331,100;4,10	0	1550
555	envoy_5002	95	0	301,1500;331,100;4,10	0	1580
556	envoy_5002	96	0	301,1500;331,100;4,10	0	1610
557	envoy_5002	97	0	301,1500;331,100;4,10	0	1640
558	envoy_5002	98	0	301,1500;331,100;4,10	0	1670
559	envoy_5002	99	0	301,1500;331,100;4,10	0	1700
560	envoy_5002	100	0	301,1500;331,100;4,10	0	1740
561	envoy_5002	101	0	301,1500;331,100;4,10	0	1780
562	envoy_5002	102	0	301,1500;331,100;4,10	0	1820
563	envoy_5002	103	0	301,1500;331,100;4,10	0	1860
564	envoy_5002	104	0	301,1500;331,100;4,10	0	1900
565	envoy_5002	105	0	301,1500;331,100;4,10	0	1940
566	envoy_5002	106	0	301,1500;331,100;4,10	0	1980
567	envoy_5002	107	0	301,1500;331,100;4,10	0	2020
568	envoy_5002	108	0	301,1500;331,100;4,10	0	2060
569	envoy_5002	109	0	301,1500;331,100;4,10	0	2100
570	envoy_5002	110	0	301,1500;331,100;4,10	0	2140
571	envoy_5002	111	0	301,1500;331,100;4,10	0	2180
572	envoy_5002	112	0	301,1500;331,100;4,10	0	2220
573	envoy_5002	113	0	301,1500;331,100;4,10	0	2260
574	envoy_5002	114	0	301,1500;331,100;4,10	0	2300
575	envoy_5002	115	0	301,1500;331,100;4,10	0	2340
576	envoy_5002	116	0	301,1500;331,100;4,10	0	2380
577	envoy_5002	117	0	301,1500;331,100;4,10	0	2420
578	envoy_5002	118	0	301,1500;331,100;4,10	0	2460
579	envoy_5002	119	0	301,1500;331,100;4,10	0	2500
580	envoy_5002	120	0	301,1500;331,100;4,10	0	2550
581	envoy_5002	121	0	301,1500;331,100;4,10	0	2600
582	envoy_5002	122	0	301,1500;331,100;4,10	0	2650
583	envoy_5002	123	0	301,1500;331,100;4,10	0	2700
584	envoy_5002	124	0	301,1500;331,100;4,10	0	2750
585	envoy_5002	125	0	301,1500;331,100;4,10	0	2800
586	envoy_5002	126	0	301,1500;331,100;4,10	0	2850
587	envoy_5002	127	0	301,1500;331,100;4,10	0	2900
588	envoy_5002	128	0	301,1500;331,100;4,10	0	2950
589	envoy_5002	129	0	301,1500;331,100;4,10	0	3000
590	envoy_5002	130	0	301,1500;331,100;4,10	0	3050
591	envoy_5002	131	0	301,1500;331,100;4,10	0	3100
592	envoy_5002	132	0	301,1500;331,100;4,10	0	3150
593	envoy_5002	133	0	301,1500;331,100;4,10	0	3200
594	envoy_5002	134	0	301,1500;331,100;4,10	0	3250
595	envoy_5002	135	0	301,1500;331,100;4,10	0	3300
596	envoy_5002	136	0	301,1500;331,100;4,10	0	3350
597	envoy_5002	137	0	301,1500;331,100;4,10	0	3400
598	envoy_5002	138	0	301,1500;331,100;4,10	0	3450
599	envoy_5002	139	0	301,1500;331,100;4,10	0	3500
600	envoy_5002	140	0	301,1500;331,100;4,10	0	3560
601	envoy_5002	141	0	301,1500;331,100;4,10	0	3620
602	envoy_5002	142	0	301,1500;331,100;4,10	0	3680
603	envoy_5002	143	0	301,1500;331,100;4,10	0	3740
604	envoy_5002	144	0	301,1500;331,100;4,10	0	3800
605	envoy_5002	145	0	301,1500;331,100;4,10	0	3860
606	envoy_5002	146	0	301,1500;331,100;4,10	0	3920
607	envoy_5002	147	0	301,1500;331,100;4,10	0	3980
608	envoy_5002	148	0	301,1500;331,100;4,10	0	4040
609	envoy_5002	149	0	301,1500;331,100;4,10	0	4100
610	envoy_5002	150	0	301,1500;331,100;4,10	0	4160
611	envoy_5002	151	0	301,1500;331,100;4,10	0	4220
612	envoy_5002	152	0	301,1500;331,100;4,10	0	4280
613	envoy_5002	153	0	301,1500;331,100;4,10	0	4340
614	envoy_5002	154	0	301,1500;331,100;4,10	0	4400
615	envoy_5002	155	0	301,1500;331,100;4,10	0	4460
616	envoy_5002	156	0	301,1500;331,100;4,10	0	4520
617	envoy_5002	157	0	301,1500;331,100;4,10	0	4580
618	envoy_5002	158	0	301,1500;331,100;4,10	0	4640
619	envoy_5002	159	0	301,1500;331,100;4,10	0	4700
620	envoy_5002	160	0	301,1500;331,100;4,10	0	0
621	envoy_5003	1	0		0	100
622	envoy_5003	2	0	301,1500;331,100;4,10	0	110
623	envoy_5003	3	0	301,1500;331,100;4,10	0	120
624	envoy_5003	4	0	301,1500;331,100;4,10	0	130
625	envoy_5003	5	0	301,1500;331,100;4,10	0	140
626	envoy_5003	6	0	301,1500;331,100;4,10	0	150
627	envoy_5003	7	0	301,1500;331,100;4,10	0	160
628	envoy_5003	8	0	301,1500;331,100;4,10	0	170
629	envoy_5003	9	0	301,1500;331,100;4,10	0	180
630	envoy_5003	10	0	301,1500;331,100;4,10	0	190
631	envoy_5003	11	0	301,1500;331,100;4,10	0	200
632	envoy_5003	12	0	301,1500;331,100;4,10	0	210
633	envoy_5003	13	0	301,1500;331,100;4,10	0	220
634	envoy_5003	14	0	301,1500;331,100;4,10	0	230
635	envoy_5003	15	0	301,1500;331,100;4,10	0	240
636	envoy_5003	16	0	301,1500;331,100;4,10	0	250
637	envoy_5003	17	0	301,1500;331,100;4,10	0	260
638	envoy_5003	18	0	301,1500;331,100;4,10	0	270
639	envoy_5003	19	0	301,1500;331,100;4,10	0	280
640	envoy_5003	20	0	301,1500;331,100;4,10	0	290
641	envoy_5003	21	0	301,1500;331,100;4,10	0	300
642	envoy_5003	22	0	301,1500;331,100;4,10	0	310
643	envoy_5003	23	0	301,1500;331,100;4,10	0	320
644	envoy_5003	24	0	301,1500;331,100;4,10	0	330
645	envoy_5003	25	0	301,1500;331,100;4,10	0	340
646	envoy_5003	26	0	301,1500;331,100;4,10	0	350
647	envoy_5003	27	0	301,1500;331,100;4,10	0	360
648	envoy_5003	28	0	301,1500;331,100;4,10	0	370
649	envoy_5003	29	0	301,1500;331,100;4,10	0	380
650	envoy_5003	30	0	301,1500;331,100;4,10	0	390
651	envoy_5003	31	0	301,1500;331,100;4,10	0	400
652	envoy_5003	32	0	301,1500;331,100;4,10	0	410
653	envoy_5003	33	0	301,1500;331,100;4,10	0	420
654	envoy_5003	34	0	301,1500;331,100;4,10	0	430
655	envoy_5003	35	0	301,1500;331,100;4,10	0	440
656	envoy_5003	36	0	301,1500;331,100;4,10	0	450
657	envoy_5003	37	0	301,1500;331,100;4,10	0	460
658	envoy_5003	38	0	301,1500;331,100;4,10	0	470
659	envoy_5003	39	0	301,1500;331,100;4,10	0	480
660	envoy_5003	40	0	301,1500;331,100;4,10	0	490
661	envoy_5003	41	0	301,1500;331,100;4,10	0	500
662	envoy_5003	42	0	301,1500;331,100;4,10	0	510
663	envoy_5003	43	0	301,1500;331,100;4,10	0	520
664	envoy_5003	44	0	301,1500;331,100;4,10	0	530
665	envoy_5003	45	0	301,1500;331,100;4,10	0	540
666	envoy_5003	46	0	301,1500;331,100;4,10	0	550
667	envoy_5003	47	0	301,1500;331,100;4,10	0	560
668	envoy_5003	48	0	301,1500;331,100;4,10	0	570
669	envoy_5003	49	0	301,1500;331,100;4,10	0	580
670	envoy_5003	50	0	301,1500;331,100;4,10	0	590
671	envoy_5003	51	0	301,1500;331,100;4,10	0	600
672	envoy_5003	52	0	301,1500;331,100;4,10	0	610
673	envoy_5003	53	0	301,1500;331,100;4,10	0	620
674	envoy_5003	54	0	301,1500;331,100;4,10	0	630
675	envoy_5003	55	0	301,1500;331,100;4,10	0	640
676	envoy_5003	56	0	301,1500;331,100;4,10	0	650
677	envoy_5003	57	0	301,1500;331,100;4,10	0	660
678	envoy_5003	58	0	301,1500;331,100;4,10	0	670
679	envoy_5003	59	0	301,1500;331,100;4,10	0	680
680	envoy_5003	60	0	301,3000;331,200;4,20	0	690
681	envoy_5003	61	0	301,1500;331,100;4,10	0	720
682	envoy_5003	62	0	301,1500;331,100;4,10	0	740
683	envoy_5003	63	0	301,1500;331,100;4,10	0	760
684	envoy_5003	64	0	301,1500;331,100;4,10	0	780
685	envoy_5003	65	0	301,1500;331,100;4,10	0	800
686	envoy_5003	66	0	301,1500;331,100;4,10	0	820
687	envoy_5003	67	0	301,1500;331,100;4,10	0	840
688	envoy_5003	68	0	301,1500;331,100;4,10	0	860
689	envoy_5003	69	0	301,1500;331,100;4,10	0	880
690	envoy_5003	70	0	301,1500;331,100;4,10	0	900
691	envoy_5003	71	0	301,1500;331,100;4,10	0	920
692	envoy_5003	72	0	301,1500;331,100;4,10	0	940
693	envoy_5003	73	0	301,1500;331,100;4,10	0	960
694	envoy_5003	74	0	301,1500;331,100;4,10	0	980
695	envoy_5003	75	0	301,1500;331,100;4,10	0	1000
696	envoy_5003	76	0	301,1500;331,100;4,10	0	1020
697	envoy_5003	77	0	301,1500;331,100;4,10	0	1040
698	envoy_5003	78	0	301,1500;331,100;4,10	0	1060
699	envoy_5003	79	0	301,1500;331,100;4,10	0	1080
700	envoy_5003	80	0	301,1500;331,100;4,10	0	1130
701	envoy_5003	81	0	301,1500;331,100;4,10	0	1160
702	envoy_5003	82	0	301,1500;331,100;4,10	0	1190
703	envoy_5003	83	0	301,1500;331,100;4,10	0	1220
704	envoy_5003	84	0	301,1500;331,100;4,10	0	1250
705	envoy_5003	85	0	301,1500;331,100;4,10	0	1280
706	envoy_5003	86	0	301,1500;331,100;4,10	0	1310
707	envoy_5003	87	0	301,1500;331,100;4,10	0	1340
708	envoy_5003	88	0	301,1500;331,100;4,10	0	1370
709	envoy_5003	89	0	301,1500;331,100;4,10	0	1400
710	envoy_5003	90	0	301,1500;331,100;4,10	0	1430
711	envoy_5003	91	0	301,1500;331,100;4,10	0	1460
712	envoy_5003	92	0	301,1500;331,100;4,10	0	1490
713	envoy_5003	93	0	301,1500;331,100;4,10	0	1520
714	envoy_5003	94	0	301,1500;331,100;4,10	0	1550
715	envoy_5003	95	0	301,1500;331,100;4,10	0	1580
716	envoy_5003	96	0	301,1500;331,100;4,10	0	1610
717	envoy_5003	97	0	301,1500;331,100;4,10	0	1640
718	envoy_5003	98	0	301,1500;331,100;4,10	0	1670
719	envoy_5003	99	0	301,1500;331,100;4,10	0	1700
720	envoy_5003	100	0	301,1500;331,100;4,10	0	1740
721	envoy_5003	101	0	301,1500;331,100;4,10	0	1780
722	envoy_5003	102	0	301,1500;331,100;4,10	0	1820
723	envoy_5003	103	0	301,1500;331,100;4,10	0	1860
724	envoy_5003	104	0	301,1500;331,100;4,10	0	1900
725	envoy_5003	105	0	301,1500;331,100;4,10	0	1940
726	envoy_5003	106	0	301,1500;331,100;4,10	0	1980
727	envoy_5003	107	0	301,1500;331,100;4,10	0	2020
728	envoy_5003	108	0	301,1500;331,100;4,10	0	2060
729	envoy_5003	109	0	301,1500;331,100;4,10	0	2100
730	envoy_5003	110	0	301,1500;331,100;4,10	0	2140
731	envoy_5003	111	0	301,1500;331,100;4,10	0	2180
732	envoy_5003	112	0	301,1500;331,100;4,10	0	2220
733	envoy_5003	113	0	301,1500;331,100;4,10	0	2260
734	envoy_5003	114	0	301,1500;331,100;4,10	0	2300
735	envoy_5003	115	0	301,1500;331,100;4,10	0	2340
736	envoy_5003	116	0	301,1500;331,100;4,10	0	2380
737	envoy_5003	117	0	301,1500;331,100;4,10	0	2420
738	envoy_5003	118	0	301,1500;331,100;4,10	0	2460
739	envoy_5003	119	0	301,1500;331,100;4,10	0	2500
740	envoy_5003	120	0	301,1500;331,100;4,10	0	2550
741	envoy_5003	121	0	301,1500;331,100;4,10	0	2600
742	envoy_5003	122	0	301,1500;331,100;4,10	0	2650
743	envoy_5003	123	0	301,1500;331,100;4,10	0	2700
744	envoy_5003	124	0	301,1500;331,100;4,10	0	2750
745	envoy_5003	125	0	301,1500;331,100;4,10	0	2800
746	envoy_5003	126	0	301,1500;331,100;4,10	0	2850
747	envoy_5003	127	0	301,1500;331,100;4,10	0	2900
748	envoy_5003	128	0	301,1500;331,100;4,10	0	2950
749	envoy_5003	129	0	301,1500;331,100;4,10	0	3000
750	envoy_5003	130	0	301,1500;331,100;4,10	0	3050
751	envoy_5003	131	0	301,1500;331,100;4,10	0	3100
752	envoy_5003	132	0	301,1500;331,100;4,10	0	3150
753	envoy_5003	133	0	301,1500;331,100;4,10	0	3200
754	envoy_5003	134	0	301,1500;331,100;4,10	0	3250
755	envoy_5003	135	0	301,1500;331,100;4,10	0	3300
756	envoy_5003	136	0	301,1500;331,100;4,10	0	3350
757	envoy_5003	137	0	301,1500;331,100;4,10	0	3400
758	envoy_5003	138	0	301,1500;331,100;4,10	0	3450
759	envoy_5003	139	0	301,1500;331,100;4,10	0	3500
760	envoy_5003	140	0	301,1500;331,100;4,10	0	3560
761	envoy_5003	141	0	301,1500;331,100;4,10	0	3620
762	envoy_5003	142	0	301,1500;331,100;4,10	0	3680
763	envoy_5003	143	0	301,1500;331,100;4,10	0	3740
764	envoy_5003	144	0	301,1500;331,100;4,10	0	3800
765	envoy_5003	145	0	301,1500;331,100;4,10	0	3860
766	envoy_5003	146	0	301,1500;331,100;4,10	0	3920
767	envoy_5003	147	0	301,1500;331,100;4,10	0	3980
768	envoy_5003	148	0	301,1500;331,100;4,10	0	4040
769	envoy_5003	149	0	301,1500;331,100;4,10	0	4100
770	envoy_5003	150	0	301,1500;331,100;4,10	0	4160
771	envoy_5003	151	0	301,1500;331,100;4,10	0	4220
772	envoy_5003	152	0	301,1500;331,100;4,10	0	4280
773	envoy_5003	153	0	301,1500;331,100;4,10	0	4340
774	envoy_5003	154	0	301,1500;331,100;4,10	0	4400
775	envoy_5003	155	0	301,1500;331,100;4,10	0	4460
776	envoy_5003	156	0	301,1500;331,100;4,10	0	4520
777	envoy_5003	157	0	301,1500;331,100;4,10	0	4580
778	envoy_5003	158	0	301,1500;331,100;4,10	0	4640
779	envoy_5003	159	0	301,1500;331,100;4,10	0	4700
780	envoy_5003	160	0	301,1500;331,100;4,10	0	0
781	envoy_5004	1	0		0	100
782	envoy_5004	2	0	301,1500;331,100;4,10	0	110
783	envoy_5004	3	0	301,1500;331,100;4,10	0	120
784	envoy_5004	4	0	301,1500;331,100;4,10	0	130
785	envoy_5004	5	0	301,1500;331,100;4,10	0	140
786	envoy_5004	6	0	301,1500;331,100;4,10	0	150
787	envoy_5004	7	0	301,1500;331,100;4,10	0	160
788	envoy_5004	8	0	301,1500;331,100;4,10	0	170
789	envoy_5004	9	0	301,1500;331,100;4,10	0	180
790	envoy_5004	10	0	301,1500;331,100;4,10	0	190
791	envoy_5004	11	0	301,1500;331,100;4,10	0	200
792	envoy_5004	12	0	301,1500;331,100;4,10	0	210
793	envoy_5004	13	0	301,1500;331,100;4,10	0	220
794	envoy_5004	14	0	301,1500;331,100;4,10	0	230
795	envoy_5004	15	0	301,1500;331,100;4,10	0	240
796	envoy_5004	16	0	301,1500;331,100;4,10	0	250
797	envoy_5004	17	0	301,1500;331,100;4,10	0	260
798	envoy_5004	18	0	301,1500;331,100;4,10	0	270
799	envoy_5004	19	0	301,1500;331,100;4,10	0	280
800	envoy_5004	20	0	301,1500;331,100;4,10	0	290
801	envoy_5004	21	0	301,1500;331,100;4,10	0	300
802	envoy_5004	22	0	301,1500;331,100;4,10	0	310
803	envoy_5004	23	0	301,1500;331,100;4,10	0	320
804	envoy_5004	24	0	301,1500;331,100;4,10	0	330
805	envoy_5004	25	0	301,1500;331,100;4,10	0	340
806	envoy_5004	26	0	301,1500;331,100;4,10	0	350
807	envoy_5004	27	0	301,1500;331,100;4,10	0	360
808	envoy_5004	28	0	301,1500;331,100;4,10	0	370
809	envoy_5004	29	0	301,1500;331,100;4,10	0	380
810	envoy_5004	30	0	301,1500;331,100;4,10	0	390
811	envoy_5004	31	0	301,1500;331,100;4,10	0	400
812	envoy_5004	32	0	301,1500;331,100;4,10	0	410
813	envoy_5004	33	0	301,1500;331,100;4,10	0	420
814	envoy_5004	34	0	301,1500;331,100;4,10	0	430
815	envoy_5004	35	0	301,1500;331,100;4,10	0	440
816	envoy_5004	36	0	301,1500;331,100;4,10	0	450
817	envoy_5004	37	0	301,1500;331,100;4,10	0	460
818	envoy_5004	38	0	301,1500;331,100;4,10	0	470
819	envoy_5004	39	0	301,1500;331,100;4,10	0	480
820	envoy_5004	40	0	301,1500;331,100;4,10	0	490
821	envoy_5004	41	0	301,1500;331,100;4,10	0	500
822	envoy_5004	42	0	301,1500;331,100;4,10	0	510
823	envoy_5004	43	0	301,1500;331,100;4,10	0	520
824	envoy_5004	44	0	301,1500;331,100;4,10	0	530
825	envoy_5004	45	0	301,1500;331,100;4,10	0	540
826	envoy_5004	46	0	301,1500;331,100;4,10	0	550
827	envoy_5004	47	0	301,1500;331,100;4,10	0	560
828	envoy_5004	48	0	301,1500;331,100;4,10	0	570
829	envoy_5004	49	0	301,1500;331,100;4,10	0	580
830	envoy_5004	50	0	301,1500;331,100;4,10	0	590
831	envoy_5004	51	0	301,1500;331,100;4,10	0	600
832	envoy_5004	52	0	301,1500;331,100;4,10	0	610
833	envoy_5004	53	0	301,1500;331,100;4,10	0	620
834	envoy_5004	54	0	301,1500;331,100;4,10	0	630
835	envoy_5004	55	0	301,1500;331,100;4,10	0	640
836	envoy_5004	56	0	301,1500;331,100;4,10	0	650
837	envoy_5004	57	0	301,1500;331,100;4,10	0	660
838	envoy_5004	58	0	301,1500;331,100;4,10	0	670
839	envoy_5004	59	0	301,1500;331,100;4,10	0	680
840	envoy_5004	60	0	301,3000;331,200;4,20	0	690
841	envoy_5004	61	0	301,1500;331,100;4,10	0	720
842	envoy_5004	62	0	301,1500;331,100;4,10	0	740
843	envoy_5004	63	0	301,1500;331,100;4,10	0	760
844	envoy_5004	64	0	301,1500;331,100;4,10	0	780
845	envoy_5004	65	0	301,1500;331,100;4,10	0	800
846	envoy_5004	66	0	301,1500;331,100;4,10	0	820
847	envoy_5004	67	0	301,1500;331,100;4,10	0	840
848	envoy_5004	68	0	301,1500;331,100;4,10	0	860
849	envoy_5004	69	0	301,1500;331,100;4,10	0	880
850	envoy_5004	70	0	301,1500;331,100;4,10	0	900
851	envoy_5004	71	0	301,1500;331,100;4,10	0	920
852	envoy_5004	72	0	301,1500;331,100;4,10	0	940
853	envoy_5004	73	0	301,1500;331,100;4,10	0	960
854	envoy_5004	74	0	301,1500;331,100;4,10	0	980
855	envoy_5004	75	0	301,1500;331,100;4,10	0	1000
856	envoy_5004	76	0	301,1500;331,100;4,10	0	1020
857	envoy_5004	77	0	301,1500;331,100;4,10	0	1040
858	envoy_5004	78	0	301,1500;331,100;4,10	0	1060
859	envoy_5004	79	0	301,1500;331,100;4,10	0	1080
860	envoy_5004	80	0	301,1500;331,100;4,10	0	1130
861	envoy_5004	81	0	301,1500;331,100;4,10	0	1160
862	envoy_5004	82	0	301,1500;331,100;4,10	0	1190
863	envoy_5004	83	0	301,1500;331,100;4,10	0	1220
864	envoy_5004	84	0	301,1500;331,100;4,10	0	1250
865	envoy_5004	85	0	301,1500;331,100;4,10	0	1280
866	envoy_5004	86	0	301,1500;331,100;4,10	0	1310
867	envoy_5004	87	0	301,1500;331,100;4,10	0	1340
868	envoy_5004	88	0	301,1500;331,100;4,10	0	1370
869	envoy_5004	89	0	301,1500;331,100;4,10	0	1400
870	envoy_5004	90	0	301,1500;331,100;4,10	0	1430
871	envoy_5004	91	0	301,1500;331,100;4,10	0	1460
872	envoy_5004	92	0	301,1500;331,100;4,10	0	1490
873	envoy_5004	93	0	301,1500;331,100;4,10	0	1520
874	envoy_5004	94	0	301,1500;331,100;4,10	0	1550
875	envoy_5004	95	0	301,1500;331,100;4,10	0	1580
876	envoy_5004	96	0	301,1500;331,100;4,10	0	1610
877	envoy_5004	97	0	301,1500;331,100;4,10	0	1640
878	envoy_5004	98	0	301,1500;331,100;4,10	0	1670
879	envoy_5004	99	0	301,1500;331,100;4,10	0	1700
880	envoy_5004	100	0	301,1500;331,100;4,10	0	1740
881	envoy_5004	101	0	301,1500;331,100;4,10	0	1780
882	envoy_5004	102	0	301,1500;331,100;4,10	0	1820
883	envoy_5004	103	0	301,1500;331,100;4,10	0	1860
884	envoy_5004	104	0	301,1500;331,100;4,10	0	1900
885	envoy_5004	105	0	301,1500;331,100;4,10	0	1940
886	envoy_5004	106	0	301,1500;331,100;4,10	0	1980
887	envoy_5004	107	0	301,1500;331,100;4,10	0	2020
888	envoy_5004	108	0	301,1500;331,100;4,10	0	2060
889	envoy_5004	109	0	301,1500;331,100;4,10	0	2100
890	envoy_5004	110	0	301,1500;331,100;4,10	0	2140
891	envoy_5004	111	0	301,1500;331,100;4,10	0	2180
892	envoy_5004	112	0	301,1500;331,100;4,10	0	2220
893	envoy_5004	113	0	301,1500;331,100;4,10	0	2260
894	envoy_5004	114	0	301,1500;331,100;4,10	0	2300
895	envoy_5004	115	0	301,1500;331,100;4,10	0	2340
896	envoy_5004	116	0	301,1500;331,100;4,10	0	2380
897	envoy_5004	117	0	301,1500;331,100;4,10	0	2420
898	envoy_5004	118	0	301,1500;331,100;4,10	0	2460
899	envoy_5004	119	0	301,1500;331,100;4,10	0	2500
900	envoy_5004	120	0	301,1500;331,100;4,10	0	2550
901	envoy_5004	121	0	301,1500;331,100;4,10	0	2600
902	envoy_5004	122	0	301,1500;331,100;4,10	0	2650
903	envoy_5004	123	0	301,1500;331,100;4,10	0	2700
904	envoy_5004	124	0	301,1500;331,100;4,10	0	2750
905	envoy_5004	125	0	301,1500;331,100;4,10	0	2800
906	envoy_5004	126	0	301,1500;331,100;4,10	0	2850
907	envoy_5004	127	0	301,1500;331,100;4,10	0	2900
908	envoy_5004	128	0	301,1500;331,100;4,10	0	2950
909	envoy_5004	129	0	301,1500;331,100;4,10	0	3000
910	envoy_5004	130	0	301,1500;331,100;4,10	0	3050
911	envoy_5004	131	0	301,1500;331,100;4,10	0	3100
912	envoy_5004	132	0	301,1500;331,100;4,10	0	3150
913	envoy_5004	133	0	301,1500;331,100;4,10	0	3200
914	envoy_5004	134	0	301,1500;331,100;4,10	0	3250
915	envoy_5004	135	0	301,1500;331,100;4,10	0	3300
916	envoy_5004	136	0	301,1500;331,100;4,10	0	3350
917	envoy_5004	137	0	301,1500;331,100;4,10	0	3400
918	envoy_5004	138	0	301,1500;331,100;4,10	0	3450
919	envoy_5004	139	0	301,1500;331,100;4,10	0	3500
920	envoy_5004	140	0	301,1500;331,100;4,10	0	3560
921	envoy_5004	141	0	301,1500;331,100;4,10	0	3620
922	envoy_5004	142	0	301,1500;331,100;4,10	0	3680
923	envoy_5004	143	0	301,1500;331,100;4,10	0	3740
924	envoy_5004	144	0	301,1500;331,100;4,10	0	3800
925	envoy_5004	145	0	301,1500;331,100;4,10	0	3860
926	envoy_5004	146	0	301,1500;331,100;4,10	0	3920
927	envoy_5004	147	0	301,1500;331,100;4,10	0	3980
928	envoy_5004	148	0	301,1500;331,100;4,10	0	4040
929	envoy_5004	149	0	301,1500;331,100;4,10	0	4100
930	envoy_5004	150	0	301,1500;331,100;4,10	0	4160
931	envoy_5004	151	0	301,1500;331,100;4,10	0	4220
932	envoy_5004	152	0	301,1500;331,100;4,10	0	4280
933	envoy_5004	153	0	301,1500;331,100;4,10	0	4340
934	envoy_5004	154	0	301,1500;331,100;4,10	0	4400
935	envoy_5004	155	0	301,1500;331,100;4,10	0	4460
936	envoy_5004	156	0	301,1500;331,100;4,10	0	4520
937	envoy_5004	157	0	301,1500;331,100;4,10	0	4580
938	envoy_5004	158	0	301,1500;331,100;4,10	0	4640
939	envoy_5004	159	0	301,1500;331,100;4,10	0	4700
940	envoy_5004	160	0	301,1500;331,100;4,10	0	0
941	envoy_5005	1	0		0	100
942	envoy_5005	2	0	301,1500;331,100;4,10	0	110
943	envoy_5005	3	0	301,1500;331,100;4,10	0	120
944	envoy_5005	4	0	301,1500;331,100;4,10	0	130
945	envoy_5005	5	0	301,1500;331,100;4,10	0	140
946	envoy_5005	6	0	301,1500;331,100;4,10	0	150
947	envoy_5005	7	0	301,1500;331,100;4,10	0	160
948	envoy_5005	8	0	301,1500;331,100;4,10	0	170
949	envoy_5005	9	0	301,1500;331,100;4,10	0	180
950	envoy_5005	10	0	301,1500;331,100;4,10	0	190
951	envoy_5005	11	0	301,1500;331,100;4,10	0	200
952	envoy_5005	12	0	301,1500;331,100;4,10	0	210
953	envoy_5005	13	0	301,1500;331,100;4,10	0	220
954	envoy_5005	14	0	301,1500;331,100;4,10	0	230
955	envoy_5005	15	0	301,1500;331,100;4,10	0	240
956	envoy_5005	16	0	301,1500;331,100;4,10	0	250
957	envoy_5005	17	0	301,1500;331,100;4,10	0	260
958	envoy_5005	18	0	301,1500;331,100;4,10	0	270
959	envoy_5005	19	0	301,1500;331,100;4,10	0	280
960	envoy_5005	20	0	301,1500;331,100;4,10	0	290
961	envoy_5005	21	0	301,1500;331,100;4,10	0	300
962	envoy_5005	22	0	301,1500;331,100;4,10	0	310
963	envoy_5005	23	0	301,1500;331,100;4,10	0	320
964	envoy_5005	24	0	301,1500;331,100;4,10	0	330
965	envoy_5005	25	0	301,1500;331,100;4,10	0	340
966	envoy_5005	26	0	301,1500;331,100;4,10	0	350
967	envoy_5005	27	0	301,1500;331,100;4,10	0	360
968	envoy_5005	28	0	301,1500;331,100;4,10	0	370
969	envoy_5005	29	0	301,1500;331,100;4,10	0	380
970	envoy_5005	30	0	301,1500;331,100;4,10	0	390
971	envoy_5005	31	0	301,1500;331,100;4,10	0	400
972	envoy_5005	32	0	301,1500;331,100;4,10	0	410
973	envoy_5005	33	0	301,1500;331,100;4,10	0	420
974	envoy_5005	34	0	301,1500;331,100;4,10	0	430
975	envoy_5005	35	0	301,1500;331,100;4,10	0	440
976	envoy_5005	36	0	301,1500;331,100;4,10	0	450
977	envoy_5005	37	0	301,1500;331,100;4,10	0	460
978	envoy_5005	38	0	301,1500;331,100;4,10	0	470
979	envoy_5005	39	0	301,1500;331,100;4,10	0	480
980	envoy_5005	40	0	301,1500;331,100;4,10	0	490
981	envoy_5005	41	0	301,1500;331,100;4,10	0	500
982	envoy_5005	42	0	301,1500;331,100;4,10	0	510
983	envoy_5005	43	0	301,1500;331,100;4,10	0	520
984	envoy_5005	44	0	301,1500;331,100;4,10	0	530
985	envoy_5005	45	0	301,1500;331,100;4,10	0	540
986	envoy_5005	46	0	301,1500;331,100;4,10	0	550
987	envoy_5005	47	0	301,1500;331,100;4,10	0	560
988	envoy_5005	48	0	301,1500;331,100;4,10	0	570
989	envoy_5005	49	0	301,1500;331,100;4,10	0	580
990	envoy_5005	50	0	301,1500;331,100;4,10	0	590
991	envoy_5005	51	0	301,1500;331,100;4,10	0	600
992	envoy_5005	52	0	301,1500;331,100;4,10	0	610
993	envoy_5005	53	0	301,1500;331,100;4,10	0	620
994	envoy_5005	54	0	301,1500;331,100;4,10	0	630
995	envoy_5005	55	0	301,1500;331,100;4,10	0	640
996	envoy_5005	56	0	301,1500;331,100;4,10	0	650
997	envoy_5005	57	0	301,1500;331,100;4,10	0	660
998	envoy_5005	58	0	301,1500;331,100;4,10	0	670
999	envoy_5005	59	0	301,1500;331,100;4,10	0	680
1000	envoy_5005	60	0	301,3000;331,200;4,20	0	690
1001	envoy_5005	61	0	301,1500;331,100;4,10	0	720
1002	envoy_5005	62	0	301,1500;331,100;4,10	0	740
1003	envoy_5005	63	0	301,1500;331,100;4,10	0	760
1004	envoy_5005	64	0	301,1500;331,100;4,10	0	780
1005	envoy_5005	65	0	301,1500;331,100;4,10	0	800
1006	envoy_5005	66	0	301,1500;331,100;4,10	0	820
1007	envoy_5005	67	0	301,1500;331,100;4,10	0	840
1008	envoy_5005	68	0	301,1500;331,100;4,10	0	860
1009	envoy_5005	69	0	301,1500;331,100;4,10	0	880
1010	envoy_5005	70	0	301,1500;331,100;4,10	0	900
1011	envoy_5005	71	0	301,1500;331,100;4,10	0	920
1012	envoy_5005	72	0	301,1500;331,100;4,10	0	940
1013	envoy_5005	73	0	301,1500;331,100;4,10	0	960
1014	envoy_5005	74	0	301,1500;331,100;4,10	0	980
1015	envoy_5005	75	0	301,1500;331,100;4,10	0	1000
1016	envoy_5005	76	0	301,1500;331,100;4,10	0	1020
1017	envoy_5005	77	0	301,1500;331,100;4,10	0	1040
1018	envoy_5005	78	0	301,1500;331,100;4,10	0	1060
1019	envoy_5005	79	0	301,1500;331,100;4,10	0	1080
1020	envoy_5005	80	0	301,1500;331,100;4,10	0	1130
1021	envoy_5005	81	0	301,1500;331,100;4,10	0	1160
1022	envoy_5005	82	0	301,1500;331,100;4,10	0	1190
1023	envoy_5005	83	0	301,1500;331,100;4,10	0	1220
1024	envoy_5005	84	0	301,1500;331,100;4,10	0	1250
1025	envoy_5005	85	0	301,1500;331,100;4,10	0	1280
1026	envoy_5005	86	0	301,1500;331,100;4,10	0	1310
1027	envoy_5005	87	0	301,1500;331,100;4,10	0	1340
1028	envoy_5005	88	0	301,1500;331,100;4,10	0	1370
1029	envoy_5005	89	0	301,1500;331,100;4,10	0	1400
1030	envoy_5005	90	0	301,1500;331,100;4,10	0	1430
1031	envoy_5005	91	0	301,1500;331,100;4,10	0	1460
1032	envoy_5005	92	0	301,1500;331,100;4,10	0	1490
1033	envoy_5005	93	0	301,1500;331,100;4,10	0	1520
1034	envoy_5005	94	0	301,1500;331,100;4,10	0	1550
1035	envoy_5005	95	0	301,1500;331,100;4,10	0	1580
1036	envoy_5005	96	0	301,1500;331,100;4,10	0	1610
1037	envoy_5005	97	0	301,1500;331,100;4,10	0	1640
1038	envoy_5005	98	0	301,1500;331,100;4,10	0	1670
1039	envoy_5005	99	0	301,1500;331,100;4,10	0	1700
1040	envoy_5005	100	0	301,1500;331,100;4,10	0	1740
1041	envoy_5005	101	0	301,1500;331,100;4,10	0	1780
1042	envoy_5005	102	0	301,1500;331,100;4,10	0	1820
1043	envoy_5005	103	0	301,1500;331,100;4,10	0	1860
1044	envoy_5005	104	0	301,1500;331,100;4,10	0	1900
1045	envoy_5005	105	0	301,1500;331,100;4,10	0	1940
1046	envoy_5005	106	0	301,1500;331,100;4,10	0	1980
1047	envoy_5005	107	0	301,1500;331,100;4,10	0	2020
1048	envoy_5005	108	0	301,1500;331,100;4,10	0	2060
1049	envoy_5005	109	0	301,1500;331,100;4,10	0	2100
1050	envoy_5005	110	0	301,1500;331,100;4,10	0	2140
1051	envoy_5005	111	0	301,1500;331,100;4,10	0	2180
1052	envoy_5005	112	0	301,1500;331,100;4,10	0	2220
1053	envoy_5005	113	0	301,1500;331,100;4,10	0	2260
1054	envoy_5005	114	0	301,1500;331,100;4,10	0	2300
1055	envoy_5005	115	0	301,1500;331,100;4,10	0	2340
1056	envoy_5005	116	0	301,1500;331,100;4,10	0	2380
1057	envoy_5005	117	0	301,1500;331,100;4,10	0	2420
1058	envoy_5005	118	0	301,1500;331,100;4,10	0	2460
1059	envoy_5005	119	0	301,1500;331,100;4,10	0	2500
1060	envoy_5005	120	0	301,1500;331,100;4,10	0	2550
1061	envoy_5005	121	0	301,1500;331,100;4,10	0	2600
1062	envoy_5005	122	0	301,1500;331,100;4,10	0	2650
1063	envoy_5005	123	0	301,1500;331,100;4,10	0	2700
1064	envoy_5005	124	0	301,1500;331,100;4,10	0	2750
1065	envoy_5005	125	0	301,1500;331,100;4,10	0	2800
1066	envoy_5005	126	0	301,1500;331,100;4,10	0	2850
1067	envoy_5005	127	0	301,1500;331,100;4,10	0	2900
1068	envoy_5005	128	0	301,1500;331,100;4,10	0	2950
1069	envoy_5005	129	0	301,1500;331,100;4,10	0	3000
1070	envoy_5005	130	0	301,1500;331,100;4,10	0	3050
1071	envoy_5005	131	0	301,1500;331,100;4,10	0	3100
1072	envoy_5005	132	0	301,1500;331,100;4,10	0	3150
1073	envoy_5005	133	0	301,1500;331,100;4,10	0	3200
1074	envoy_5005	134	0	301,1500;331,100;4,10	0	3250
1075	envoy_5005	135	0	301,1500;331,100;4,10	0	3300
1076	envoy_5005	136	0	301,1500;331,100;4,10	0	3350
1077	envoy_5005	137	0	301,1500;331,100;4,10	0	3400
1078	envoy_5005	138	0	301,1500;331,100;4,10	0	3450
1079	envoy_5005	139	0	301,1500;331,100;4,10	0	3500
1080	envoy_5005	140	0	301,1500;331,100;4,10	0	3560
1081	envoy_5005	141	0	301,1500;331,100;4,10	0	3620
1082	envoy_5005	142	0	301,1500;331,100;4,10	0	3680
1083	envoy_5005	143	0	301,1500;331,100;4,10	0	3740
1084	envoy_5005	144	0	301,1500;331,100;4,10	0	3800
1085	envoy_5005	145	0	301,1500;331,100;4,10	0	3860
1086	envoy_5005	146	0	301,1500;331,100;4,10	0	3920
1087	envoy_5005	147	0	301,1500;331,100;4,10	0	3980
1088	envoy_5005	148	0	301,1500;331,100;4,10	0	4040
1089	envoy_5005	149	0	301,1500;331,100;4,10	0	4100
1090	envoy_5005	150	0	301,1500;331,100;4,10	0	4160
1091	envoy_5005	151	0	301,1500;331,100;4,10	0	4220
1092	envoy_5005	152	0	301,1500;331,100;4,10	0	4280
1093	envoy_5005	153	0	301,1500;331,100;4,10	0	4340
1094	envoy_5005	154	0	301,1500;331,100;4,10	0	4400
1095	envoy_5005	155	0	301,1500;331,100;4,10	0	4460
1096	envoy_5005	156	0	301,1500;331,100;4,10	0	4520
1097	envoy_5005	157	0	301,1500;331,100;4,10	0	4580
1098	envoy_5005	158	0	301,1500;331,100;4,10	0	4640
1099	envoy_5005	159	0	301,1500;331,100;4,10	0	4700
1100	envoy_5005	160	0	301,1500;331,100;4,10	0	0
1101	envoy_5006	1	0		0	100
1102	envoy_5006	2	0	301,1500;331,100;4,10	0	110
1103	envoy_5006	3	0	301,1500;331,100;4,10	0	120
1104	envoy_5006	4	0	301,1500;331,100;4,10	0	130
1105	envoy_5006	5	0	301,1500;331,100;4,10	0	140
1106	envoy_5006	6	0	301,1500;331,100;4,10	0	150
1107	envoy_5006	7	0	301,1500;331,100;4,10	0	160
1108	envoy_5006	8	0	301,1500;331,100;4,10	0	170
1109	envoy_5006	9	0	301,1500;331,100;4,10	0	180
1110	envoy_5006	10	0	301,1500;331,100;4,10	0	190
1111	envoy_5006	11	0	301,1500;331,100;4,10	0	200
1112	envoy_5006	12	0	301,1500;331,100;4,10	0	210
1113	envoy_5006	13	0	301,1500;331,100;4,10	0	220
1114	envoy_5006	14	0	301,1500;331,100;4,10	0	230
1115	envoy_5006	15	0	301,1500;331,100;4,10	0	240
1116	envoy_5006	16	0	301,1500;331,100;4,10	0	250
1117	envoy_5006	17	0	301,1500;331,100;4,10	0	260
1118	envoy_5006	18	0	301,1500;331,100;4,10	0	270
1119	envoy_5006	19	0	301,1500;331,100;4,10	0	280
1120	envoy_5006	20	0	301,1500;331,100;4,10	0	290
1121	envoy_5006	21	0	301,1500;331,100;4,10	0	300
1122	envoy_5006	22	0	301,1500;331,100;4,10	0	310
1123	envoy_5006	23	0	301,1500;331,100;4,10	0	320
1124	envoy_5006	24	0	301,1500;331,100;4,10	0	330
1125	envoy_5006	25	0	301,1500;331,100;4,10	0	340
1126	envoy_5006	26	0	301,1500;331,100;4,10	0	350
1127	envoy_5006	27	0	301,1500;331,100;4,10	0	360
1128	envoy_5006	28	0	301,1500;331,100;4,10	0	370
1129	envoy_5006	29	0	301,1500;331,100;4,10	0	380
1130	envoy_5006	30	0	301,1500;331,100;4,10	0	390
1131	envoy_5006	31	0	301,1500;331,100;4,10	0	400
1132	envoy_5006	32	0	301,1500;331,100;4,10	0	410
1133	envoy_5006	33	0	301,1500;331,100;4,10	0	420
1134	envoy_5006	34	0	301,1500;331,100;4,10	0	430
1135	envoy_5006	35	0	301,1500;331,100;4,10	0	440
1136	envoy_5006	36	0	301,1500;331,100;4,10	0	450
1137	envoy_5006	37	0	301,1500;331,100;4,10	0	460
1138	envoy_5006	38	0	301,1500;331,100;4,10	0	470
1139	envoy_5006	39	0	301,1500;331,100;4,10	0	480
1140	envoy_5006	40	0	301,1500;331,100;4,10	0	490
1141	envoy_5006	41	0	301,1500;331,100;4,10	0	500
1142	envoy_5006	42	0	301,1500;331,100;4,10	0	510
1143	envoy_5006	43	0	301,1500;331,100;4,10	0	520
1144	envoy_5006	44	0	301,1500;331,100;4,10	0	530
1145	envoy_5006	45	0	301,1500;331,100;4,10	0	540
1146	envoy_5006	46	0	301,1500;331,100;4,10	0	550
1147	envoy_5006	47	0	301,1500;331,100;4,10	0	560
1148	envoy_5006	48	0	301,1500;331,100;4,10	0	570
1149	envoy_5006	49	0	301,1500;331,100;4,10	0	580
1150	envoy_5006	50	0	301,1500;331,100;4,10	0	590
1151	envoy_5006	51	0	301,1500;331,100;4,10	0	600
1152	envoy_5006	52	0	301,1500;331,100;4,10	0	610
1153	envoy_5006	53	0	301,1500;331,100;4,10	0	620
1154	envoy_5006	54	0	301,1500;331,100;4,10	0	630
1155	envoy_5006	55	0	301,1500;331,100;4,10	0	640
1156	envoy_5006	56	0	301,1500;331,100;4,10	0	650
1157	envoy_5006	57	0	301,1500;331,100;4,10	0	660
1158	envoy_5006	58	0	301,1500;331,100;4,10	0	670
1159	envoy_5006	59	0	301,1500;331,100;4,10	0	680
1160	envoy_5006	60	0	301,3000;331,200;4,20	0	690
1161	envoy_5006	61	0	301,1500;331,100;4,10	0	720
1162	envoy_5006	62	0	301,1500;331,100;4,10	0	740
1163	envoy_5006	63	0	301,1500;331,100;4,10	0	760
1164	envoy_5006	64	0	301,1500;331,100;4,10	0	780
1165	envoy_5006	65	0	301,1500;331,100;4,10	0	800
1166	envoy_5006	66	0	301,1500;331,100;4,10	0	820
1167	envoy_5006	67	0	301,1500;331,100;4,10	0	840
1168	envoy_5006	68	0	301,1500;331,100;4,10	0	860
1169	envoy_5006	69	0	301,1500;331,100;4,10	0	880
1170	envoy_5006	70	0	301,1500;331,100;4,10	0	900
1171	envoy_5006	71	0	301,1500;331,100;4,10	0	920
1172	envoy_5006	72	0	301,1500;331,100;4,10	0	940
1173	envoy_5006	73	0	301,1500;331,100;4,10	0	960
1174	envoy_5006	74	0	301,1500;331,100;4,10	0	980
1175	envoy_5006	75	0	301,1500;331,100;4,10	0	1000
1176	envoy_5006	76	0	301,1500;331,100;4,10	0	1020
1177	envoy_5006	77	0	301,1500;331,100;4,10	0	1040
1178	envoy_5006	78	0	301,1500;331,100;4,10	0	1060
1179	envoy_5006	79	0	301,1500;331,100;4,10	0	1080
1180	envoy_5006	80	0	301,1500;331,100;4,10	0	1130
1181	envoy_5006	81	0	301,1500;331,100;4,10	0	1160
1182	envoy_5006	82	0	301,1500;331,100;4,10	0	1190
1183	envoy_5006	83	0	301,1500;331,100;4,10	0	1220
1184	envoy_5006	84	0	301,1500;331,100;4,10	0	1250
1185	envoy_5006	85	0	301,1500;331,100;4,10	0	1280
1186	envoy_5006	86	0	301,1500;331,100;4,10	0	1310
1187	envoy_5006	87	0	301,1500;331,100;4,10	0	1340
1188	envoy_5006	88	0	301,1500;331,100;4,10	0	1370
1189	envoy_5006	89	0	301,1500;331,100;4,10	0	1400
1190	envoy_5006	90	0	301,1500;331,100;4,10	0	1430
1191	envoy_5006	91	0	301,1500;331,100;4,10	0	1460
1192	envoy_5006	92	0	301,1500;331,100;4,10	0	1490
1193	envoy_5006	93	0	301,1500;331,100;4,10	0	1520
1194	envoy_5006	94	0	301,1500;331,100;4,10	0	1550
1195	envoy_5006	95	0	301,1500;331,100;4,10	0	1580
1196	envoy_5006	96	0	301,1500;331,100;4,10	0	1610
1197	envoy_5006	97	0	301,1500;331,100;4,10	0	1640
1198	envoy_5006	98	0	301,1500;331,100;4,10	0	1670
1199	envoy_5006	99	0	301,1500;331,100;4,10	0	1700
1200	envoy_5006	100	0	301,1500;331,100;4,10	0	1740
1201	envoy_5006	101	0	301,1500;331,100;4,10	0	1780
1202	envoy_5006	102	0	301,1500;331,100;4,10	0	1820
1203	envoy_5006	103	0	301,1500;331,100;4,10	0	1860
1204	envoy_5006	104	0	301,1500;331,100;4,10	0	1900
1205	envoy_5006	105	0	301,1500;331,100;4,10	0	1940
1206	envoy_5006	106	0	301,1500;331,100;4,10	0	1980
1207	envoy_5006	107	0	301,1500;331,100;4,10	0	2020
1208	envoy_5006	108	0	301,1500;331,100;4,10	0	2060
1209	envoy_5006	109	0	301,1500;331,100;4,10	0	2100
1210	envoy_5006	110	0	301,1500;331,100;4,10	0	2140
1211	envoy_5006	111	0	301,1500;331,100;4,10	0	2180
1212	envoy_5006	112	0	301,1500;331,100;4,10	0	2220
1213	envoy_5006	113	0	301,1500;331,100;4,10	0	2260
1214	envoy_5006	114	0	301,1500;331,100;4,10	0	2300
1215	envoy_5006	115	0	301,1500;331,100;4,10	0	2340
1216	envoy_5006	116	0	301,1500;331,100;4,10	0	2380
1217	envoy_5006	117	0	301,1500;331,100;4,10	0	2420
1218	envoy_5006	118	0	301,1500;331,100;4,10	0	2460
1219	envoy_5006	119	0	301,1500;331,100;4,10	0	2500
1220	envoy_5006	120	0	301,1500;331,100;4,10	0	2550
1221	envoy_5006	121	0	301,1500;331,100;4,10	0	2600
1222	envoy_5006	122	0	301,1500;331,100;4,10	0	2650
1223	envoy_5006	123	0	301,1500;331,100;4,10	0	2700
1224	envoy_5006	124	0	301,1500;331,100;4,10	0	2750
1225	envoy_5006	125	0	301,1500;331,100;4,10	0	2800
1226	envoy_5006	126	0	301,1500;331,100;4,10	0	2850
1227	envoy_5006	127	0	301,1500;331,100;4,10	0	2900
1228	envoy_5006	128	0	301,1500;331,100;4,10	0	2950
1229	envoy_5006	129	0	301,1500;331,100;4,10	0	3000
1230	envoy_5006	130	0	301,1500;331,100;4,10	0	3050
1231	envoy_5006	131	0	301,1500;331,100;4,10	0	3100
1232	envoy_5006	132	0	301,1500;331,100;4,10	0	3150
1233	envoy_5006	133	0	301,1500;331,100;4,10	0	3200
1234	envoy_5006	134	0	301,1500;331,100;4,10	0	3250
1235	envoy_5006	135	0	301,1500;331,100;4,10	0	3300
1236	envoy_5006	136	0	301,1500;331,100;4,10	0	3350
1237	envoy_5006	137	0	301,1500;331,100;4,10	0	3400
1238	envoy_5006	138	0	301,1500;331,100;4,10	0	3450
1239	envoy_5006	139	0	301,1500;331,100;4,10	0	3500
1240	envoy_5006	140	0	301,1500;331,100;4,10	0	3560
1241	envoy_5006	141	0	301,1500;331,100;4,10	0	3620
1242	envoy_5006	142	0	301,1500;331,100;4,10	0	3680
1243	envoy_5006	143	0	301,1500;331,100;4,10	0	3740
1244	envoy_5006	144	0	301,1500;331,100;4,10	0	3800
1245	envoy_5006	145	0	301,1500;331,100;4,10	0	3860
1246	envoy_5006	146	0	301,1500;331,100;4,10	0	3920
1247	envoy_5006	147	0	301,1500;331,100;4,10	0	3980
1248	envoy_5006	148	0	301,1500;331,100;4,10	0	4040
1249	envoy_5006	149	0	301,1500;331,100;4,10	0	4100
1250	envoy_5006	150	0	301,1500;331,100;4,10	0	4160
1251	envoy_5006	151	0	301,1500;331,100;4,10	0	4220
1252	envoy_5006	152	0	301,1500;331,100;4,10	0	4280
1253	envoy_5006	153	0	301,1500;331,100;4,10	0	4340
1254	envoy_5006	154	0	301,1500;331,100;4,10	0	4400
1255	envoy_5006	155	0	301,1500;331,100;4,10	0	4460
1256	envoy_5006	156	0	301,1500;331,100;4,10	0	4520
1257	envoy_5006	157	0	301,1500;331,100;4,10	0	4580
1258	envoy_5006	158	0	301,1500;331,100;4,10	0	4640
1259	envoy_5006	159	0	301,1500;331,100;4,10	0	4700
1260	envoy_5006	160	0	301,1500;331,100;4,10	0	0
1261	envoy_5007	1	0		0	100
1262	envoy_5007	2	0	301,1500;331,100;4,10	0	110
1263	envoy_5007	3	0	301,1500;331,100;4,10	0	120
1264	envoy_5007	4	0	301,1500;331,100;4,10	0	130
1265	envoy_5007	5	0	301,1500;331,100;4,10	0	140
1266	envoy_5007	6	0	301,1500;331,100;4,10	0	150
1267	envoy_5007	7	0	301,1500;331,100;4,10	0	160
1268	envoy_5007	8	0	301,1500;331,100;4,10	0	170
1269	envoy_5007	9	0	301,1500;331,100;4,10	0	180
1270	envoy_5007	10	0	301,1500;331,100;4,10	0	190
1271	envoy_5007	11	0	301,1500;331,100;4,10	0	200
1272	envoy_5007	12	0	301,1500;331,100;4,10	0	210
1273	envoy_5007	13	0	301,1500;331,100;4,10	0	220
1274	envoy_5007	14	0	301,1500;331,100;4,10	0	230
1275	envoy_5007	15	0	301,1500;331,100;4,10	0	240
1276	envoy_5007	16	0	301,1500;331,100;4,10	0	250
1277	envoy_5007	17	0	301,1500;331,100;4,10	0	260
1278	envoy_5007	18	0	301,1500;331,100;4,10	0	270
1279	envoy_5007	19	0	301,1500;331,100;4,10	0	280
1280	envoy_5007	20	0	301,1500;331,100;4,10	0	290
1281	envoy_5007	21	0	301,1500;331,100;4,10	0	300
1282	envoy_5007	22	0	301,1500;331,100;4,10	0	310
1283	envoy_5007	23	0	301,1500;331,100;4,10	0	320
1284	envoy_5007	24	0	301,1500;331,100;4,10	0	330
1285	envoy_5007	25	0	301,1500;331,100;4,10	0	340
1286	envoy_5007	26	0	301,1500;331,100;4,10	0	350
1287	envoy_5007	27	0	301,1500;331,100;4,10	0	360
1288	envoy_5007	28	0	301,1500;331,100;4,10	0	370
1289	envoy_5007	29	0	301,1500;331,100;4,10	0	380
1290	envoy_5007	30	0	301,1500;331,100;4,10	0	390
1291	envoy_5007	31	0	301,1500;331,100;4,10	0	400
1292	envoy_5007	32	0	301,1500;331,100;4,10	0	410
1293	envoy_5007	33	0	301,1500;331,100;4,10	0	420
1294	envoy_5007	34	0	301,1500;331,100;4,10	0	430
1295	envoy_5007	35	0	301,1500;331,100;4,10	0	440
1296	envoy_5007	36	0	301,1500;331,100;4,10	0	450
1297	envoy_5007	37	0	301,1500;331,100;4,10	0	460
1298	envoy_5007	38	0	301,1500;331,100;4,10	0	470
1299	envoy_5007	39	0	301,1500;331,100;4,10	0	480
1300	envoy_5007	40	0	301,1500;331,100;4,10	0	490
1301	envoy_5007	41	0	301,1500;331,100;4,10	0	500
1302	envoy_5007	42	0	301,1500;331,100;4,10	0	510
1303	envoy_5007	43	0	301,1500;331,100;4,10	0	520
1304	envoy_5007	44	0	301,1500;331,100;4,10	0	530
1305	envoy_5007	45	0	301,1500;331,100;4,10	0	540
1306	envoy_5007	46	0	301,1500;331,100;4,10	0	550
1307	envoy_5007	47	0	301,1500;331,100;4,10	0	560
1308	envoy_5007	48	0	301,1500;331,100;4,10	0	570
1309	envoy_5007	49	0	301,1500;331,100;4,10	0	580
1310	envoy_5007	50	0	301,1500;331,100;4,10	0	590
1311	envoy_5007	51	0	301,1500;331,100;4,10	0	600
1312	envoy_5007	52	0	301,1500;331,100;4,10	0	610
1313	envoy_5007	53	0	301,1500;331,100;4,10	0	620
1314	envoy_5007	54	0	301,1500;331,100;4,10	0	630
1315	envoy_5007	55	0	301,1500;331,100;4,10	0	640
1316	envoy_5007	56	0	301,1500;331,100;4,10	0	650
1317	envoy_5007	57	0	301,1500;331,100;4,10	0	660
1318	envoy_5007	58	0	301,1500;331,100;4,10	0	670
1319	envoy_5007	59	0	301,1500;331,100;4,10	0	680
1320	envoy_5007	60	0	301,3000;331,200;4,20	0	690
1321	envoy_5007	61	0	301,1500;331,100;4,10	0	720
1322	envoy_5007	62	0	301,1500;331,100;4,10	0	740
1323	envoy_5007	63	0	301,1500;331,100;4,10	0	760
1324	envoy_5007	64	0	301,1500;331,100;4,10	0	780
1325	envoy_5007	65	0	301,1500;331,100;4,10	0	800
1326	envoy_5007	66	0	301,1500;331,100;4,10	0	820
1327	envoy_5007	67	0	301,1500;331,100;4,10	0	840
1328	envoy_5007	68	0	301,1500;331,100;4,10	0	860
1329	envoy_5007	69	0	301,1500;331,100;4,10	0	880
1330	envoy_5007	70	0	301,1500;331,100;4,10	0	900
1331	envoy_5007	71	0	301,1500;331,100;4,10	0	920
1332	envoy_5007	72	0	301,1500;331,100;4,10	0	940
1333	envoy_5007	73	0	301,1500;331,100;4,10	0	960
1334	envoy_5007	74	0	301,1500;331,100;4,10	0	980
1335	envoy_5007	75	0	301,1500;331,100;4,10	0	1000
1336	envoy_5007	76	0	301,1500;331,100;4,10	0	1020
1337	envoy_5007	77	0	301,1500;331,100;4,10	0	1040
1338	envoy_5007	78	0	301,1500;331,100;4,10	0	1060
1339	envoy_5007	79	0	301,1500;331,100;4,10	0	1080
1340	envoy_5007	80	0	301,1500;331,100;4,10	0	1130
1341	envoy_5007	81	0	301,1500;331,100;4,10	0	1160
1342	envoy_5007	82	0	301,1500;331,100;4,10	0	1190
1343	envoy_5007	83	0	301,1500;331,100;4,10	0	1220
1344	envoy_5007	84	0	301,1500;331,100;4,10	0	1250
1345	envoy_5007	85	0	301,1500;331,100;4,10	0	1280
1346	envoy_5007	86	0	301,1500;331,100;4,10	0	1310
1347	envoy_5007	87	0	301,1500;331,100;4,10	0	1340
1348	envoy_5007	88	0	301,1500;331,100;4,10	0	1370
1349	envoy_5007	89	0	301,1500;331,100;4,10	0	1400
1350	envoy_5007	90	0	301,1500;331,100;4,10	0	1430
1351	envoy_5007	91	0	301,1500;331,100;4,10	0	1460
1352	envoy_5007	92	0	301,1500;331,100;4,10	0	1490
1353	envoy_5007	93	0	301,1500;331,100;4,10	0	1520
1354	envoy_5007	94	0	301,1500;331,100;4,10	0	1550
1355	envoy_5007	95	0	301,1500;331,100;4,10	0	1580
1356	envoy_5007	96	0	301,1500;331,100;4,10	0	1610
1357	envoy_5007	97	0	301,1500;331,100;4,10	0	1640
1358	envoy_5007	98	0	301,1500;331,100;4,10	0	1670
1359	envoy_5007	99	0	301,1500;331,100;4,10	0	1700
1360	envoy_5007	100	0	301,1500;331,100;4,10	0	1740
1361	envoy_5007	101	0	301,1500;331,100;4,10	0	1780
1362	envoy_5007	102	0	301,1500;331,100;4,10	0	1820
1363	envoy_5007	103	0	301,1500;331,100;4,10	0	1860
1364	envoy_5007	104	0	301,1500;331,100;4,10	0	1900
1365	envoy_5007	105	0	301,1500;331,100;4,10	0	1940
1366	envoy_5007	106	0	301,1500;331,100;4,10	0	1980
1367	envoy_5007	107	0	301,1500;331,100;4,10	0	2020
1368	envoy_5007	108	0	301,1500;331,100;4,10	0	2060
1369	envoy_5007	109	0	301,1500;331,100;4,10	0	2100
1370	envoy_5007	110	0	301,1500;331,100;4,10	0	2140
1371	envoy_5007	111	0	301,1500;331,100;4,10	0	2180
1372	envoy_5007	112	0	301,1500;331,100;4,10	0	2220
1373	envoy_5007	113	0	301,1500;331,100;4,10	0	2260
1374	envoy_5007	114	0	301,1500;331,100;4,10	0	2300
1375	envoy_5007	115	0	301,1500;331,100;4,10	0	2340
1376	envoy_5007	116	0	301,1500;331,100;4,10	0	2380
1377	envoy_5007	117	0	301,1500;331,100;4,10	0	2420
1378	envoy_5007	118	0	301,1500;331,100;4,10	0	2460
1379	envoy_5007	119	0	301,1500;331,100;4,10	0	2500
1380	envoy_5007	120	0	301,1500;331,100;4,10	0	2550
1381	envoy_5007	121	0	301,1500;331,100;4,10	0	2600
1382	envoy_5007	122	0	301,1500;331,100;4,10	0	2650
1383	envoy_5007	123	0	301,1500;331,100;4,10	0	2700
1384	envoy_5007	124	0	301,1500;331,100;4,10	0	2750
1385	envoy_5007	125	0	301,1500;331,100;4,10	0	2800
1386	envoy_5007	126	0	301,1500;331,100;4,10	0	2850
1387	envoy_5007	127	0	301,1500;331,100;4,10	0	2900
1388	envoy_5007	128	0	301,1500;331,100;4,10	0	2950
1389	envoy_5007	129	0	301,1500;331,100;4,10	0	3000
1390	envoy_5007	130	0	301,1500;331,100;4,10	0	3050
1391	envoy_5007	131	0	301,1500;331,100;4,10	0	3100
1392	envoy_5007	132	0	301,1500;331,100;4,10	0	3150
1393	envoy_5007	133	0	301,1500;331,100;4,10	0	3200
1394	envoy_5007	134	0	301,1500;331,100;4,10	0	3250
1395	envoy_5007	135	0	301,1500;331,100;4,10	0	3300
1396	envoy_5007	136	0	301,1500;331,100;4,10	0	3350
1397	envoy_5007	137	0	301,1500;331,100;4,10	0	3400
1398	envoy_5007	138	0	301,1500;331,100;4,10	0	3450
1399	envoy_5007	139	0	301,1500;331,100;4,10	0	3500
1400	envoy_5007	140	0	301,1500;331,100;4,10	0	3560
1401	envoy_5007	141	0	301,1500;331,100;4,10	0	3620
1402	envoy_5007	142	0	301,1500;331,100;4,10	0	3680
1403	envoy_5007	143	0	301,1500;331,100;4,10	0	3740
1404	envoy_5007	144	0	301,1500;331,100;4,10	0	3800
1405	envoy_5007	145	0	301,1500;331,100;4,10	0	3860
1406	envoy_5007	146	0	301,1500;331,100;4,10	0	3920
1407	envoy_5007	147	0	301,1500;331,100;4,10	0	3980
1408	envoy_5007	148	0	301,1500;331,100;4,10	0	4040
1409	envoy_5007	149	0	301,1500;331,100;4,10	0	4100
1410	envoy_5007	150	0	301,1500;331,100;4,10	0	4160
1411	envoy_5007	151	0	301,1500;331,100;4,10	0	4220
1412	envoy_5007	152	0	301,1500;331,100;4,10	0	4280
1413	envoy_5007	153	0	301,1500;331,100;4,10	0	4340
1414	envoy_5007	154	0	301,1500;331,100;4,10	0	4400
1415	envoy_5007	155	0	301,1500;331,100;4,10	0	4460
1416	envoy_5007	156	0	301,1500;331,100;4,10	0	4520
1417	envoy_5007	157	0	301,1500;331,100;4,10	0	4580
1418	envoy_5007	158	0	301,1500;331,100;4,10	0	4640
1419	envoy_5007	159	0	301,1500;331,100;4,10	0	4700
1420	envoy_5007	160	0	301,1500;331,100;4,10	0	0
1421	envoy_5008	1	0		0	100
1422	envoy_5008	2	0	301,1500;331,100;4,10	0	110
1423	envoy_5008	3	0	301,1500;331,100;4,10	0	120
1424	envoy_5008	4	0	301,1500;331,100;4,10	0	130
1425	envoy_5008	5	0	301,1500;331,100;4,10	0	140
1426	envoy_5008	6	0	301,1500;331,100;4,10	0	150
1427	envoy_5008	7	0	301,1500;331,100;4,10	0	160
1428	envoy_5008	8	0	301,1500;331,100;4,10	0	170
1429	envoy_5008	9	0	301,1500;331,100;4,10	0	180
1430	envoy_5008	10	0	301,1500;331,100;4,10	0	190
1431	envoy_5008	11	0	301,1500;331,100;4,10	0	200
1432	envoy_5008	12	0	301,1500;331,100;4,10	0	210
1433	envoy_5008	13	0	301,1500;331,100;4,10	0	220
1434	envoy_5008	14	0	301,1500;331,100;4,10	0	230
1435	envoy_5008	15	0	301,1500;331,100;4,10	0	240
1436	envoy_5008	16	0	301,1500;331,100;4,10	0	250
1437	envoy_5008	17	0	301,1500;331,100;4,10	0	260
1438	envoy_5008	18	0	301,1500;331,100;4,10	0	270
1439	envoy_5008	19	0	301,1500;331,100;4,10	0	280
1440	envoy_5008	20	0	301,1500;331,100;4,10	0	290
1441	envoy_5008	21	0	301,1500;331,100;4,10	0	300
1442	envoy_5008	22	0	301,1500;331,100;4,10	0	310
1443	envoy_5008	23	0	301,1500;331,100;4,10	0	320
1444	envoy_5008	24	0	301,1500;331,100;4,10	0	330
1445	envoy_5008	25	0	301,1500;331,100;4,10	0	340
1446	envoy_5008	26	0	301,1500;331,100;4,10	0	350
1447	envoy_5008	27	0	301,1500;331,100;4,10	0	360
1448	envoy_5008	28	0	301,1500;331,100;4,10	0	370
1449	envoy_5008	29	0	301,1500;331,100;4,10	0	380
1450	envoy_5008	30	0	301,1500;331,100;4,10	0	390
1451	envoy_5008	31	0	301,1500;331,100;4,10	0	400
1452	envoy_5008	32	0	301,1500;331,100;4,10	0	410
1453	envoy_5008	33	0	301,1500;331,100;4,10	0	420
1454	envoy_5008	34	0	301,1500;331,100;4,10	0	430
1455	envoy_5008	35	0	301,1500;331,100;4,10	0	440
1456	envoy_5008	36	0	301,1500;331,100;4,10	0	450
1457	envoy_5008	37	0	301,1500;331,100;4,10	0	460
1458	envoy_5008	38	0	301,1500;331,100;4,10	0	470
1459	envoy_5008	39	0	301,1500;331,100;4,10	0	480
1460	envoy_5008	40	0	301,1500;331,100;4,10	0	490
1461	envoy_5008	41	0	301,1500;331,100;4,10	0	500
1462	envoy_5008	42	0	301,1500;331,100;4,10	0	510
1463	envoy_5008	43	0	301,1500;331,100;4,10	0	520
1464	envoy_5008	44	0	301,1500;331,100;4,10	0	530
1465	envoy_5008	45	0	301,1500;331,100;4,10	0	540
1466	envoy_5008	46	0	301,1500;331,100;4,10	0	550
1467	envoy_5008	47	0	301,1500;331,100;4,10	0	560
1468	envoy_5008	48	0	301,1500;331,100;4,10	0	570
1469	envoy_5008	49	0	301,1500;331,100;4,10	0	580
1470	envoy_5008	50	0	301,1500;331,100;4,10	0	590
1471	envoy_5008	51	0	301,1500;331,100;4,10	0	600
1472	envoy_5008	52	0	301,1500;331,100;4,10	0	610
1473	envoy_5008	53	0	301,1500;331,100;4,10	0	620
1474	envoy_5008	54	0	301,1500;331,100;4,10	0	630
1475	envoy_5008	55	0	301,1500;331,100;4,10	0	640
1476	envoy_5008	56	0	301,1500;331,100;4,10	0	650
1477	envoy_5008	57	0	301,1500;331,100;4,10	0	660
1478	envoy_5008	58	0	301,1500;331,100;4,10	0	670
1479	envoy_5008	59	0	301,1500;331,100;4,10	0	680
1480	envoy_5008	60	0	301,3000;331,200;4,20	0	690
1481	envoy_5008	61	0	301,1500;331,100;4,10	0	720
1482	envoy_5008	62	0	301,1500;331,100;4,10	0	740
1483	envoy_5008	63	0	301,1500;331,100;4,10	0	760
1484	envoy_5008	64	0	301,1500;331,100;4,10	0	780
1485	envoy_5008	65	0	301,1500;331,100;4,10	0	800
1486	envoy_5008	66	0	301,1500;331,100;4,10	0	820
1487	envoy_5008	67	0	301,1500;331,100;4,10	0	840
1488	envoy_5008	68	0	301,1500;331,100;4,10	0	860
1489	envoy_5008	69	0	301,1500;331,100;4,10	0	880
1490	envoy_5008	70	0	301,1500;331,100;4,10	0	900
1491	envoy_5008	71	0	301,1500;331,100;4,10	0	920
1492	envoy_5008	72	0	301,1500;331,100;4,10	0	940
1493	envoy_5008	73	0	301,1500;331,100;4,10	0	960
1494	envoy_5008	74	0	301,1500;331,100;4,10	0	980
1495	envoy_5008	75	0	301,1500;331,100;4,10	0	1000
1496	envoy_5008	76	0	301,1500;331,100;4,10	0	1020
1497	envoy_5008	77	0	301,1500;331,100;4,10	0	1040
1498	envoy_5008	78	0	301,1500;331,100;4,10	0	1060
1499	envoy_5008	79	0	301,1500;331,100;4,10	0	1080
1500	envoy_5008	80	0	301,1500;331,100;4,10	0	1130
1501	envoy_5008	81	0	301,1500;331,100;4,10	0	1160
1502	envoy_5008	82	0	301,1500;331,100;4,10	0	1190
1503	envoy_5008	83	0	301,1500;331,100;4,10	0	1220
1504	envoy_5008	84	0	301,1500;331,100;4,10	0	1250
1505	envoy_5008	85	0	301,1500;331,100;4,10	0	1280
1506	envoy_5008	86	0	301,1500;331,100;4,10	0	1310
1507	envoy_5008	87	0	301,1500;331,100;4,10	0	1340
1508	envoy_5008	88	0	301,1500;331,100;4,10	0	1370
1509	envoy_5008	89	0	301,1500;331,100;4,10	0	1400
1510	envoy_5008	90	0	301,1500;331,100;4,10	0	1430
1511	envoy_5008	91	0	301,1500;331,100;4,10	0	1460
1512	envoy_5008	92	0	301,1500;331,100;4,10	0	1490
1513	envoy_5008	93	0	301,1500;331,100;4,10	0	1520
1514	envoy_5008	94	0	301,1500;331,100;4,10	0	1550
1515	envoy_5008	95	0	301,1500;331,100;4,10	0	1580
1516	envoy_5008	96	0	301,1500;331,100;4,10	0	1610
1517	envoy_5008	97	0	301,1500;331,100;4,10	0	1640
1518	envoy_5008	98	0	301,1500;331,100;4,10	0	1670
1519	envoy_5008	99	0	301,1500;331,100;4,10	0	1700
1520	envoy_5008	100	0	301,1500;331,100;4,10	0	1740
1521	envoy_5008	101	0	301,1500;331,100;4,10	0	1780
1522	envoy_5008	102	0	301,1500;331,100;4,10	0	1820
1523	envoy_5008	103	0	301,1500;331,100;4,10	0	1860
1524	envoy_5008	104	0	301,1500;331,100;4,10	0	1900
1525	envoy_5008	105	0	301,1500;331,100;4,10	0	1940
1526	envoy_5008	106	0	301,1500;331,100;4,10	0	1980
1527	envoy_5008	107	0	301,1500;331,100;4,10	0	2020
1528	envoy_5008	108	0	301,1500;331,100;4,10	0	2060
1529	envoy_5008	109	0	301,1500;331,100;4,10	0	2100
1530	envoy_5008	110	0	301,1500;331,100;4,10	0	2140
1531	envoy_5008	111	0	301,1500;331,100;4,10	0	2180
1532	envoy_5008	112	0	301,1500;331,100;4,10	0	2220
1533	envoy_5008	113	0	301,1500;331,100;4,10	0	2260
1534	envoy_5008	114	0	301,1500;331,100;4,10	0	2300
1535	envoy_5008	115	0	301,1500;331,100;4,10	0	2340
1536	envoy_5008	116	0	301,1500;331,100;4,10	0	2380
1537	envoy_5008	117	0	301,1500;331,100;4,10	0	2420
1538	envoy_5008	118	0	301,1500;331,100;4,10	0	2460
1539	envoy_5008	119	0	301,1500;331,100;4,10	0	2500
1540	envoy_5008	120	0	301,1500;331,100;4,10	0	2550
1541	envoy_5008	121	0	301,1500;331,100;4,10	0	2600
1542	envoy_5008	122	0	301,1500;331,100;4,10	0	2650
1543	envoy_5008	123	0	301,1500;331,100;4,10	0	2700
1544	envoy_5008	124	0	301,1500;331,100;4,10	0	2750
1545	envoy_5008	125	0	301,1500;331,100;4,10	0	2800
1546	envoy_5008	126	0	301,1500;331,100;4,10	0	2850
1547	envoy_5008	127	0	301,1500;331,100;4,10	0	2900
1548	envoy_5008	128	0	301,1500;331,100;4,10	0	2950
1549	envoy_5008	129	0	301,1500;331,100;4,10	0	3000
1550	envoy_5008	130	0	301,1500;331,100;4,10	0	3050
1551	envoy_5008	131	0	301,1500;331,100;4,10	0	3100
1552	envoy_5008	132	0	301,1500;331,100;4,10	0	3150
1553	envoy_5008	133	0	301,1500;331,100;4,10	0	3200
1554	envoy_5008	134	0	301,1500;331,100;4,10	0	3250
1555	envoy_5008	135	0	301,1500;331,100;4,10	0	3300
1556	envoy_5008	136	0	301,1500;331,100;4,10	0	3350
1557	envoy_5008	137	0	301,1500;331,100;4,10	0	3400
1558	envoy_5008	138	0	301,1500;331,100;4,10	0	3450
1559	envoy_5008	139	0	301,1500;331,100;4,10	0	3500
1560	envoy_5008	140	0	301,1500;331,100;4,10	0	3560
1561	envoy_5008	141	0	301,1500;331,100;4,10	0	3620
1562	envoy_5008	142	0	301,1500;331,100;4,10	0	3680
1563	envoy_5008	143	0	301,1500;331,100;4,10	0	3740
1564	envoy_5008	144	0	301,1500;331,100;4,10	0	3800
1565	envoy_5008	145	0	301,1500;331,100;4,10	0	3860
1566	envoy_5008	146	0	301,1500;331,100;4,10	0	3920
1567	envoy_5008	147	0	301,1500;331,100;4,10	0	3980
1568	envoy_5008	148	0	301,1500;331,100;4,10	0	4040
1569	envoy_5008	149	0	301,1500;331,100;4,10	0	4100
1570	envoy_5008	150	0	301,1500;331,100;4,10	0	4160
1571	envoy_5008	151	0	301,1500;331,100;4,10	0	4220
1572	envoy_5008	152	0	301,1500;331,100;4,10	0	4280
1573	envoy_5008	153	0	301,1500;331,100;4,10	0	4340
1574	envoy_5008	154	0	301,1500;331,100;4,10	0	4400
1575	envoy_5008	155	0	301,1500;331,100;4,10	0	4460
1576	envoy_5008	156	0	301,1500;331,100;4,10	0	4520
1577	envoy_5008	157	0	301,1500;331,100;4,10	0	4580
1578	envoy_5008	158	0	301,1500;331,100;4,10	0	4640
1579	envoy_5008	159	0	301,1500;331,100;4,10	0	4700
1580	envoy_5008	160	0	301,1500;331,100;4,10	0	0
