职位	职位名称	数量限制	职位相关
int	string	int	string
Id	PositionName	Count	Appoint
1	UI_Guild_Job_Chairman	1	1,3;2,3;3,3;4,3;5,3;6,3;7,3;8,3;9,3;10,3;11,3;12,3;13,3;14,3;15,3;17,3
2	UI_Guild_Job_Vice_Chairman	1	1,1;2,1;3,0;4,1;5,1;6,0;7,1;8,0;9,1;10,1;11,1;12,1;13,1;14,2;15,2;17,2
3	UI_Guild_Job_Left_Messenger	1	1,1;2,2;3,0;4,0;5,1;6,0;7,0;8,0;9,0;10,0;11,0;12,0;13,0;14,0;15,0;17,0
4	UI_Guild_Job_Right_Messenger	1	1,1;2,2;3,0;4,0;5,0;6,0;7,0;8,0;9,0;10,0;11,0;12,0;13,0;14,0;15,0;17,0
5	UI_Guild_Job_Colonel	4	1,1;2,0;3,0;4,0;5,0;6,0;7,0;8,0;9,0;10,0;11,0;12,0;13,0;14,0;15,0;17,0
6	UI_Guild_Job_Elite	20	1,0;2,0;3,0;4,0;5,0;6,0;7,0;8,0;9,0;10,0;11,0;12,0;13,0;14,0;15,0;17,0
7	UI_Guild_Job_Member	1000	1,0;2,0;3,0;4,0;5,0;6,0;7,0;8,0;9,0;10,0;11,0;12,0;13,0;14,0;15,0;17,0
