流水ID	属性ID	修炼等级	升级需要经验	修炼1次提升经验	单次提升消耗	增加属性参数	历史帮贡限制	玩家角色等级限制	解锁圣器等级
int	int	int	int	int	string	string	int	int	int
Id	PropId	Level	LevelUpExp	AddExp	UpgradeCost	Par	HistoryContributeLimit	RoleLevelLimit	NeedHallowLevel
1	3	1	20	10	4,1;1,1000	6	0	1	0
2	3	2	60	10	4,1;1,1000	12	0	1	0
3	3	3	100	10	4,1;1,1000	19	0	1	0
4	3	4	140	10	4,1;1,1000	25	0	1	0
5	3	5	180	10	4,1;1,1000	32	0	1	0
6	3	6	220	10	4,1;1,1500	38	0	1	0
7	3	7	260	10	4,1;1,1500	45	0	1	0
8	3	8	300	10	4,1;1,1500	51	0	1	0
9	3	9	340	10	4,1;1,1500	57	0	1	0
10	3	10	380	10	4,1;1,1500	64	0	1	0
11	3	11	460	10	4,1;1,3000	70	0	1	0
12	3	12	540	10	4,1;1,3000	77	0	1	0
13	3	13	620	10	4,1;1,3000	83	0	1	0
14	3	14	700	10	4,1;1,3000	90	0	1	0
15	3	15	780	10	4,1;1,3000	96	0	1	0
16	3	16	860	10	4,1;1,6000	102	0	1	0
17	3	17	940	10	4,1;1,6000	109	0	1	0
18	3	18	1020	10	4,1;1,6000	115	0	1	0
19	3	19	1100	10	4,1;1,6000	122	0	1	0
20	3	20	1180	10	4,1;1,6000	128	3060	20	0
21	3	21	1300	10	4,1;1,8000	135	3450	21	0
22	3	22	1420	10	4,1;1,8000	141	3876	22	0
23	3	23	1540	10	4,1;1,8000	147	4338	23	0
24	3	24	1660	10	4,1;1,8000	154	4836	24	0
25	3	25	1780	10	4,1;1,8000	160	5370	25	0
26	3	26	1900	10	4,1;1,10000	167	5940	26	0
27	3	27	2020	10	4,1;1,10000	173	6546	27	0
28	3	28	2140	10	4,1;1,10000	180	7188	28	0
29	3	29	2260	10	4,1;1,10000	186	7866	29	0
30	3	30	2380	10	4,1;1,10000	192	8580	30	0
31	3	31	2540	10	4,1;1,12000	199	9342	31	0
32	3	32	2700	10	4,1;1,12000	205	10152	32	0
33	3	33	2860	10	4,1;1,12000	212	11010	33	0
34	3	34	3020	10	4,1;1,12000	218	11916	34	0
35	3	35	3180	10	4,1;1,12000	225	12870	35	0
36	3	36	3340	10	4,1;1,14000	231	13872	36	0
37	3	37	3500	10	4,1;1,14000	237	14922	37	0
38	3	38	3660	10	4,1;1,14000	244	16020	38	0
39	3	39	3820	10	4,1;1,14000	250	17166	39	0
40	3	40	3980	10	4,1;1,14000	257	18360	40	0
41	3	41	4180	10	4,1;1,16000	263	19614	41	0
42	3	42	4380	10	4,1;1,16000	270	20928	42	0
43	3	43	4580	10	4,1;1,16000	276	22302	43	0
44	3	44	4780	10	4,1;1,16000	282	23736	44	0
45	3	45	4980	10	4,1;1,16000	289	25230	45	0
46	3	46	5180	10	4,1;1,18000	295	26784	46	0
47	3	47	5380	10	4,1;1,18000	302	28398	47	0
48	3	48	5580	10	4,1;1,18000	308	30072	48	0
49	3	49	5780	10	4,1;1,18000	315	31806	49	0
50	3	50	5980	10	4,1;1,18000	321	33600	50	0
51	3	51	6220	10	4,1;1,20000	327	35466	51	0
52	3	52	6460	10	4,1;1,20000	334	37404	52	0
53	3	53	6700	10	4,1;1,20000	340	39414	53	0
54	3	54	6940	10	4,1;1,20000	347	41496	54	0
55	3	55	7180	10	4,1;1,20000	353	43650	55	0
56	3	56	7420	10	4,1;1,22000	360	45876	56	0
57	3	57	7660	10	4,1;1,22000	366	48174	57	0
58	3	58	7900	10	4,1;1,22000	372	50544	58	0
59	3	59	8140	10	4,1;1,22000	379	52986	59	0
60	3	60	8380	10	4,1;1,22000	385	55500	60	0
61	3	61	8660	10	4,1;1,22000	392	58098	61	0
62	3	62	8940	10	4,1;1,22000	398	60780	61	0
63	3	63	9220	10	4,1;1,22000	405	63546	61	0
64	3	64	9500	10	4,1;1,22000	411	66396	61	0
65	3	65	9780	10	4,1;1,22000	417	69330	61	0
66	3	66	10060	10	4,1;1,22000	424	72348	61	0
67	3	67	10340	10	4,1;1,22000	430	75450	61	0
68	3	68	10620	10	4,1;1,22000	437	78636	61	0
69	3	69	10900	10	4,1;1,22000	443	81906	61	0
70	3	70	11180	10	4,1;1,22000	450	85260	61	0
1001	4	1	20	10	4,1;1,1000	6	0	1	0
1002	4	2	60	10	4,1;1,1000	12	0	1	0
1003	4	3	100	10	4,1;1,1000	19	0	1	0
1004	4	4	140	10	4,1;1,1000	25	0	1	0
1005	4	5	180	10	4,1;1,1000	32	0	1	0
1006	4	6	220	10	4,1;1,1500	38	0	1	0
1007	4	7	260	10	4,1;1,1500	45	0	1	0
1008	4	8	300	10	4,1;1,1500	51	0	1	0
1009	4	9	340	10	4,1;1,1500	57	0	1	0
1010	4	10	380	10	4,1;1,1500	64	0	1	0
1011	4	11	460	10	4,1;1,3000	70	0	1	0
1012	4	12	540	10	4,1;1,3000	77	0	1	0
1013	4	13	620	10	4,1;1,3000	83	0	1	0
1014	4	14	700	10	4,1;1,3000	90	0	1	0
1015	4	15	780	10	4,1;1,3000	96	0	1	0
1016	4	16	860	10	4,1;1,6000	102	0	1	0
1017	4	17	940	10	4,1;1,6000	109	0	1	0
1018	4	18	1020	10	4,1;1,6000	115	0	1	0
1019	4	19	1100	10	4,1;1,6000	122	0	1	0
1020	4	20	1180	10	4,1;1,6000	128	3060	20	0
1021	4	21	1300	10	4,1;1,8000	135	3450	21	0
1022	4	22	1420	10	4,1;1,8000	141	3876	22	0
1023	4	23	1540	10	4,1;1,8000	147	4338	23	0
1024	4	24	1660	10	4,1;1,8000	154	4836	24	0
1025	4	25	1780	10	4,1;1,8000	160	5370	25	0
1026	4	26	1900	10	4,1;1,10000	167	5940	26	0
1027	4	27	2020	10	4,1;1,10000	173	6546	27	0
1028	4	28	2140	10	4,1;1,10000	180	7188	28	0
1029	4	29	2260	10	4,1;1,10000	186	7866	29	0
1030	4	30	2380	10	4,1;1,10000	192	8580	30	0
1031	4	31	2540	10	4,1;1,12000	199	9342	31	0
1032	4	32	2700	10	4,1;1,12000	205	10152	32	0
1033	4	33	2860	10	4,1;1,12000	212	11010	33	0
1034	4	34	3020	10	4,1;1,12000	218	11916	34	0
1035	4	35	3180	10	4,1;1,12000	225	12870	35	0
1036	4	36	3340	10	4,1;1,14000	231	13872	36	0
1037	4	37	3500	10	4,1;1,14000	237	14922	37	0
1038	4	38	3660	10	4,1;1,14000	244	16020	38	0
1039	4	39	3820	10	4,1;1,14000	250	17166	39	0
1040	4	40	3980	10	4,1;1,14000	257	18360	40	0
1041	4	41	4180	10	4,1;1,16000	263	19614	41	0
1042	4	42	4380	10	4,1;1,16000	270	20928	42	0
1043	4	43	4580	10	4,1;1,16000	276	22302	43	0
1044	4	44	4780	10	4,1;1,16000	282	23736	44	0
1045	4	45	4980	10	4,1;1,16000	289	25230	45	0
1046	4	46	5180	10	4,1;1,18000	295	26784	46	0
1047	4	47	5380	10	4,1;1,18000	302	28398	47	0
1048	4	48	5580	10	4,1;1,18000	308	30072	48	0
1049	4	49	5780	10	4,1;1,18000	315	31806	49	0
1050	4	50	5980	10	4,1;1,18000	321	33600	50	0
1051	4	51	6220	10	4,1;1,20000	327	35466	51	0
1052	4	52	6460	10	4,1;1,20000	334	37404	52	0
1053	4	53	6700	10	4,1;1,20000	340	39414	53	0
1054	4	54	6940	10	4,1;1,20000	347	41496	54	0
1055	4	55	7180	10	4,1;1,20000	353	43650	55	0
1056	4	56	7420	10	4,1;1,22000	360	45876	56	0
1057	4	57	7660	10	4,1;1,22000	366	48174	57	0
1058	4	58	7900	10	4,1;1,22000	372	50544	58	0
1059	4	59	8140	10	4,1;1,22000	379	52986	59	0
1060	4	60	8380	10	4,1;1,22000	385	55500	60	0
1061	4	61	8660	10	4,1;1,22000	392	58098	61	0
1062	4	62	8940	10	4,1;1,22000	398	60780	61	0
1063	4	63	9220	10	4,1;1,22000	405	63546	61	0
1064	4	64	9500	10	4,1;1,22000	411	66396	61	0
1065	4	65	9780	10	4,1;1,22000	417	69330	61	0
1066	4	66	10060	10	4,1;1,22000	424	72348	61	0
1067	4	67	10340	10	4,1;1,22000	430	75450	61	0
1068	4	68	10620	10	4,1;1,22000	437	78636	61	0
1069	4	69	10900	10	4,1;1,22000	443	81906	61	0
1070	4	70	11180	10	4,1;1,22000	450	85260	61	0
2001	1	1	20	10	4,1;1,1000	64	0	1	0
2002	1	2	60	10	4,1;1,1000	128	0	1	0
2003	1	3	100	10	4,1;1,1000	192	0	1	0
2004	1	4	140	10	4,1;1,1000	257	0	1	0
2005	1	5	180	10	4,1;1,1000	321	0	1	0
2006	1	6	220	10	4,1;1,1500	385	0	1	0
2007	1	7	260	10	4,1;1,1500	450	0	1	0
2008	1	8	300	10	4,1;1,1500	514	0	1	0
2009	1	9	340	10	4,1;1,1500	578	0	1	0
2010	1	10	380	10	4,1;1,1500	642	0	1	0
2011	1	11	460	10	4,1;1,3000	707	0	1	0
2012	1	12	540	10	4,1;1,3000	771	0	1	0
2013	1	13	620	10	4,1;1,3000	835	0	1	0
2014	1	14	700	10	4,1;1,3000	900	0	1	0
2015	1	15	780	10	4,1;1,3000	964	0	1	0
2016	1	16	860	10	4,1;1,6000	1028	0	1	0
2017	1	17	940	10	4,1;1,6000	1092	0	1	0
2018	1	18	1020	10	4,1;1,6000	1157	0	1	0
2019	1	19	1100	10	4,1;1,6000	1221	0	1	0
2020	1	20	1180	10	4,1;1,6000	1285	3060	20	0
2021	1	21	1300	10	4,1;1,8000	1350	3450	21	0
2022	1	22	1420	10	4,1;1,8000	1414	3876	22	0
2023	1	23	1540	10	4,1;1,8000	1478	4338	23	0
2024	1	24	1660	10	4,1;1,8000	1542	4836	24	0
2025	1	25	1780	10	4,1;1,8000	1607	5370	25	0
2026	1	26	1900	10	4,1;1,10000	1671	5940	26	0
2027	1	27	2020	10	4,1;1,10000	1735	6546	27	0
2028	1	28	2140	10	4,1;1,10000	1800	7188	28	0
2029	1	29	2260	10	4,1;1,10000	1864	7866	29	0
2030	1	30	2380	10	4,1;1,10000	1928	8580	30	0
2031	1	31	2540	10	4,1;1,12000	1992	9342	31	0
2032	1	32	2700	10	4,1;1,12000	2057	10152	32	0
2033	1	33	2860	10	4,1;1,12000	2121	11010	33	0
2034	1	34	3020	10	4,1;1,12000	2185	11916	34	0
2035	1	35	3180	10	4,1;1,12000	2250	12870	35	0
2036	1	36	3340	10	4,1;1,14000	2314	13872	36	0
2037	1	37	3500	10	4,1;1,14000	2378	14922	37	0
2038	1	38	3660	10	4,1;1,14000	2442	16020	38	0
2039	1	39	3820	10	4,1;1,14000	2507	17166	39	0
2040	1	40	3980	10	4,1;1,14000	2571	18360	40	0
2041	1	41	4180	10	4,1;1,16000	2635	19614	41	0
2042	1	42	4380	10	4,1;1,16000	2700	20928	42	0
2043	1	43	4580	10	4,1;1,16000	2764	22302	43	0
2044	1	44	4780	10	4,1;1,16000	2828	23736	44	0
2045	1	45	4980	10	4,1;1,16000	2892	25230	45	0
2046	1	46	5180	10	4,1;1,18000	2957	26784	46	0
2047	1	47	5380	10	4,1;1,18000	3021	28398	47	0
2048	1	48	5580	10	4,1;1,18000	3085	30072	48	0
2049	1	49	5780	10	4,1;1,18000	3150	31806	49	0
2050	1	50	5980	10	4,1;1,18000	3214	33600	50	0
2051	1	51	6220	10	4,1;1,20000	3278	35466	51	0
2052	1	52	6460	10	4,1;1,20000	3342	37404	52	0
2053	1	53	6700	10	4,1;1,20000	3407	39414	53	0
2054	1	54	6940	10	4,1;1,20000	3471	41496	54	0
2055	1	55	7180	10	4,1;1,20000	3535	43650	55	0
2056	1	56	7420	10	4,1;1,22000	3600	45876	56	0
2057	1	57	7660	10	4,1;1,22000	3664	48174	57	0
2058	1	58	7900	10	4,1;1,22000	3728	50544	58	0
2059	1	59	8140	10	4,1;1,22000	3792	52986	59	0
2060	1	60	8380	10	4,1;1,22000	3857	55500	60	0
2061	1	61	8660	10	4,1;1,22000	3921	58098	61	0
2062	1	62	8940	10	4,1;1,22000	3985	60780	61	0
2063	1	63	9220	10	4,1;1,22000	4050	63546	61	0
2064	1	64	9500	10	4,1;1,22000	4114	66396	61	0
2065	1	65	9780	10	4,1;1,22000	4178	69330	61	0
2066	1	66	10060	10	4,1;1,22000	4242	72348	61	0
2067	1	67	10340	10	4,1;1,22000	4307	75450	61	0
2068	1	68	10620	10	4,1;1,22000	4371	78636	61	0
2069	1	69	10900	10	4,1;1,22000	4435	81906	61	0
2070	1	70	11180	10	4,1;1,22000	4500	85260	61	0
3001	21	1	20	10	4,1;1,1000	12	0	1	0
3002	21	2	60	10	4,1;1,1000	25	0	1	0
3003	21	3	100	10	4,1;1,1000	38	0	1	0
3004	21	4	140	10	4,1;1,1000	51	0	1	0
3005	21	5	180	10	4,1;1,1000	64	0	1	0
3006	21	6	220	10	4,1;1,1500	77	0	1	0
3007	21	7	260	10	4,1;1,1500	90	0	1	0
3008	21	8	300	10	4,1;1,1500	102	0	1	0
3009	21	9	340	10	4,1;1,1500	115	0	1	0
3010	21	10	380	10	4,1;1,1500	128	0	1	0
3011	21	11	460	10	4,1;1,3000	141	0	1	0
3012	21	12	540	10	4,1;1,3000	154	0	1	0
3013	21	13	620	10	4,1;1,3000	167	0	1	0
3014	21	14	700	10	4,1;1,3000	180	0	1	0
3015	21	15	780	10	4,1;1,3000	192	0	1	0
3016	21	16	860	10	4,1;1,6000	205	0	1	0
3017	21	17	940	10	4,1;1,6000	218	0	1	0
3018	21	18	1020	10	4,1;1,6000	231	0	1	0
3019	21	19	1100	10	4,1;1,6000	244	0	1	0
3020	21	20	1180	10	4,1;1,6000	257	3060	20	0
3021	21	21	1300	10	4,1;1,8000	270	3450	21	0
3022	21	22	1420	10	4,1;1,8000	282	3876	22	0
3023	21	23	1540	10	4,1;1,8000	295	4338	23	0
3024	21	24	1660	10	4,1;1,8000	308	4836	24	0
3025	21	25	1780	10	4,1;1,8000	321	5370	25	0
3026	21	26	1900	10	4,1;1,10000	334	5940	26	0
3027	21	27	2020	10	4,1;1,10000	347	6546	27	0
3028	21	28	2140	10	4,1;1,10000	360	7188	28	0
3029	21	29	2260	10	4,1;1,10000	372	7866	29	0
3030	21	30	2380	10	4,1;1,10000	385	8580	30	0
3031	21	31	2540	10	4,1;1,12000	398	9342	31	0
3032	21	32	2700	10	4,1;1,12000	411	10152	32	0
3033	21	33	2860	10	4,1;1,12000	424	11010	33	0
3034	21	34	3020	10	4,1;1,12000	437	11916	34	0
3035	21	35	3180	10	4,1;1,12000	450	12870	35	0
3036	21	36	3340	10	4,1;1,14000	462	13872	36	0
3037	21	37	3500	10	4,1;1,14000	475	14922	37	0
3038	21	38	3660	10	4,1;1,14000	488	16020	38	0
3039	21	39	3820	10	4,1;1,14000	501	17166	39	0
3040	21	40	3980	10	4,1;1,14000	514	18360	40	0
3041	21	41	4180	10	4,1;1,16000	527	19614	41	0
3042	21	42	4380	10	4,1;1,16000	540	20928	42	0
3043	21	43	4580	10	4,1;1,16000	552	22302	43	0
3044	21	44	4780	10	4,1;1,16000	565	23736	44	0
3045	21	45	4980	10	4,1;1,16000	578	25230	45	0
3046	21	46	5180	10	4,1;1,18000	591	26784	46	0
3047	21	47	5380	10	4,1;1,18000	604	28398	47	0
3048	21	48	5580	10	4,1;1,18000	617	30072	48	0
3049	21	49	5780	10	4,1;1,18000	630	31806	49	0
3050	21	50	5980	10	4,1;1,18000	642	33600	50	0
3051	21	51	6220	10	4,1;1,20000	655	35466	51	0
3052	21	52	6460	10	4,1;1,20000	668	37404	52	0
3053	21	53	6700	10	4,1;1,20000	681	39414	53	0
3054	21	54	6940	10	4,1;1,20000	694	41496	54	0
3055	21	55	7180	10	4,1;1,20000	707	43650	55	0
3056	21	56	7420	10	4,1;1,22000	720	45876	56	0
3057	21	57	7660	10	4,1;1,22000	732	48174	57	0
3058	21	58	7900	10	4,1;1,22000	745	50544	58	0
3059	21	59	8140	10	4,1;1,22000	758	52986	59	0
3060	21	60	8380	10	4,1;1,22000	771	55500	60	0
3061	21	61	8660	10	4,1;1,22000	784	58098	61	0
3062	21	62	8940	10	4,1;1,22000	797	60780	61	0
3063	21	63	9220	10	4,1;1,22000	810	63546	61	0
3064	21	64	9500	10	4,1;1,22000	822	66396	61	0
3065	21	65	9780	10	4,1;1,22000	835	69330	61	0
3066	21	66	10060	10	4,1;1,22000	848	72348	61	0
3067	21	67	10340	10	4,1;1,22000	861	75450	61	0
3068	21	68	10620	10	4,1;1,22000	874	78636	61	0
3069	21	69	10900	10	4,1;1,22000	887	81906	61	0
3070	21	70	11180	10	4,1;1,22000	900	85260	61	0
4001	22	1	20	10	4,1;1,1000	12	0	1	0
4002	22	2	60	10	4,1;1,1000	25	0	1	0
4003	22	3	100	10	4,1;1,1000	38	0	1	0
4004	22	4	140	10	4,1;1,1000	51	0	1	0
4005	22	5	180	10	4,1;1,1000	64	0	1	0
4006	22	6	220	10	4,1;1,1500	77	0	1	0
4007	22	7	260	10	4,1;1,1500	90	0	1	0
4008	22	8	300	10	4,1;1,1500	102	0	1	0
4009	22	9	340	10	4,1;1,1500	115	0	1	0
4010	22	10	380	10	4,1;1,1500	128	0	1	0
4011	22	11	460	10	4,1;1,3000	141	0	1	0
4012	22	12	540	10	4,1;1,3000	154	0	1	0
4013	22	13	620	10	4,1;1,3000	167	0	1	0
4014	22	14	700	10	4,1;1,3000	180	0	1	0
4015	22	15	780	10	4,1;1,3000	192	0	1	0
4016	22	16	860	10	4,1;1,6000	205	0	1	0
4017	22	17	940	10	4,1;1,6000	218	0	1	0
4018	22	18	1020	10	4,1;1,6000	231	0	1	0
4019	22	19	1100	10	4,1;1,6000	244	0	1	0
4020	22	20	1180	10	4,1;1,6000	257	3060	20	0
4021	22	21	1300	10	4,1;1,8000	270	3450	21	0
4022	22	22	1420	10	4,1;1,8000	282	3876	22	0
4023	22	23	1540	10	4,1;1,8000	295	4338	23	0
4024	22	24	1660	10	4,1;1,8000	308	4836	24	0
4025	22	25	1780	10	4,1;1,8000	321	5370	25	0
4026	22	26	1900	10	4,1;1,10000	334	5940	26	0
4027	22	27	2020	10	4,1;1,10000	347	6546	27	0
4028	22	28	2140	10	4,1;1,10000	360	7188	28	0
4029	22	29	2260	10	4,1;1,10000	372	7866	29	0
4030	22	30	2380	10	4,1;1,10000	385	8580	30	0
4031	22	31	2540	10	4,1;1,12000	398	9342	31	0
4032	22	32	2700	10	4,1;1,12000	411	10152	32	0
4033	22	33	2860	10	4,1;1,12000	424	11010	33	0
4034	22	34	3020	10	4,1;1,12000	437	11916	34	0
4035	22	35	3180	10	4,1;1,12000	450	12870	35	0
4036	22	36	3340	10	4,1;1,14000	462	13872	36	0
4037	22	37	3500	10	4,1;1,14000	475	14922	37	0
4038	22	38	3660	10	4,1;1,14000	488	16020	38	0
4039	22	39	3820	10	4,1;1,14000	501	17166	39	0
4040	22	40	3980	10	4,1;1,14000	514	18360	40	0
4041	22	41	4180	10	4,1;1,16000	527	19614	41	0
4042	22	42	4380	10	4,1;1,16000	540	20928	42	0
4043	22	43	4580	10	4,1;1,16000	552	22302	43	0
4044	22	44	4780	10	4,1;1,16000	565	23736	44	0
4045	22	45	4980	10	4,1;1,16000	578	25230	45	0
4046	22	46	5180	10	4,1;1,18000	591	26784	46	0
4047	22	47	5380	10	4,1;1,18000	604	28398	47	0
4048	22	48	5580	10	4,1;1,18000	617	30072	48	0
4049	22	49	5780	10	4,1;1,18000	630	31806	49	0
4050	22	50	5980	10	4,1;1,18000	642	33600	50	0
4051	22	51	6220	10	4,1;1,20000	655	35466	51	0
4052	22	52	6460	10	4,1;1,20000	668	37404	52	0
4053	22	53	6700	10	4,1;1,20000	681	39414	53	0
4054	22	54	6940	10	4,1;1,20000	694	41496	54	0
4055	22	55	7180	10	4,1;1,20000	707	43650	55	0
4056	22	56	7420	10	4,1;1,22000	720	45876	56	0
4057	22	57	7660	10	4,1;1,22000	732	48174	57	0
4058	22	58	7900	10	4,1;1,22000	745	50544	58	0
4059	22	59	8140	10	4,1;1,22000	758	52986	59	0
4060	22	60	8380	10	4,1;1,22000	771	55500	60	0
4061	22	61	8660	10	4,1;1,22000	784	58098	61	0
4062	22	62	8940	10	4,1;1,22000	797	60780	61	0
4063	22	63	9220	10	4,1;1,22000	810	63546	61	0
4064	22	64	9500	10	4,1;1,22000	822	66396	61	0
4065	22	65	9780	10	4,1;1,22000	835	69330	61	0
4066	22	66	10060	10	4,1;1,22000	848	72348	61	0
4067	22	67	10340	10	4,1;1,22000	861	75450	61	0
4068	22	68	10620	10	4,1;1,22000	874	78636	61	0
4069	22	69	10900	10	4,1;1,22000	887	81906	61	0
4070	22	70	11180	10	4,1;1,22000	900	85260	61	0
5001	23	1	20	10	4,1;1,1000	12	0	1	0
5002	23	2	60	10	4,1;1,1000	25	0	1	0
5003	23	3	100	10	4,1;1,1000	38	0	1	0
5004	23	4	140	10	4,1;1,1000	51	0	1	0
5005	23	5	180	10	4,1;1,1000	64	0	1	0
5006	23	6	220	10	4,1;1,1500	77	0	1	0
5007	23	7	260	10	4,1;1,1500	90	0	1	0
5008	23	8	300	10	4,1;1,1500	102	0	1	0
5009	23	9	340	10	4,1;1,1500	115	0	1	0
5010	23	10	380	10	4,1;1,1500	128	0	1	0
5011	23	11	460	10	4,1;1,3000	141	0	1	0
5012	23	12	540	10	4,1;1,3000	154	0	1	0
5013	23	13	620	10	4,1;1,3000	167	0	1	0
5014	23	14	700	10	4,1;1,3000	180	0	1	0
5015	23	15	780	10	4,1;1,3000	192	0	1	0
5016	23	16	860	10	4,1;1,6000	205	0	1	0
5017	23	17	940	10	4,1;1,6000	218	0	1	0
5018	23	18	1020	10	4,1;1,6000	231	0	1	0
5019	23	19	1100	10	4,1;1,6000	244	0	1	0
5020	23	20	1180	10	4,1;1,6000	257	3060	20	0
5021	23	21	1300	10	4,1;1,8000	270	3450	21	0
5022	23	22	1420	10	4,1;1,8000	282	3876	22	0
5023	23	23	1540	10	4,1;1,8000	295	4338	23	0
5024	23	24	1660	10	4,1;1,8000	308	4836	24	0
5025	23	25	1780	10	4,1;1,8000	321	5370	25	0
5026	23	26	1900	10	4,1;1,10000	334	5940	26	0
5027	23	27	2020	10	4,1;1,10000	347	6546	27	0
5028	23	28	2140	10	4,1;1,10000	360	7188	28	0
5029	23	29	2260	10	4,1;1,10000	372	7866	29	0
5030	23	30	2380	10	4,1;1,10000	385	8580	30	0
5031	23	31	2540	10	4,1;1,12000	398	9342	31	0
5032	23	32	2700	10	4,1;1,12000	411	10152	32	0
5033	23	33	2860	10	4,1;1,12000	424	11010	33	0
5034	23	34	3020	10	4,1;1,12000	437	11916	34	0
5035	23	35	3180	10	4,1;1,12000	450	12870	35	0
5036	23	36	3340	10	4,1;1,14000	462	13872	36	0
5037	23	37	3500	10	4,1;1,14000	475	14922	37	0
5038	23	38	3660	10	4,1;1,14000	488	16020	38	0
5039	23	39	3820	10	4,1;1,14000	501	17166	39	0
5040	23	40	3980	10	4,1;1,14000	514	18360	40	0
5041	23	41	4180	10	4,1;1,16000	527	19614	41	0
5042	23	42	4380	10	4,1;1,16000	540	20928	42	0
5043	23	43	4580	10	4,1;1,16000	552	22302	43	0
5044	23	44	4780	10	4,1;1,16000	565	23736	44	0
5045	23	45	4980	10	4,1;1,16000	578	25230	45	0
5046	23	46	5180	10	4,1;1,18000	591	26784	46	0
5047	23	47	5380	10	4,1;1,18000	604	28398	47	0
5048	23	48	5580	10	4,1;1,18000	617	30072	48	0
5049	23	49	5780	10	4,1;1,18000	630	31806	49	0
5050	23	50	5980	10	4,1;1,18000	642	33600	50	0
5051	23	51	6220	10	4,1;1,20000	655	35466	51	0
5052	23	52	6460	10	4,1;1,20000	668	37404	52	0
5053	23	53	6700	10	4,1;1,20000	681	39414	53	0
5054	23	54	6940	10	4,1;1,20000	694	41496	54	0
5055	23	55	7180	10	4,1;1,20000	707	43650	55	0
5056	23	56	7420	10	4,1;1,22000	720	45876	56	0
5057	23	57	7660	10	4,1;1,22000	732	48174	57	0
5058	23	58	7900	10	4,1;1,22000	745	50544	58	0
5059	23	59	8140	10	4,1;1,22000	758	52986	59	0
5060	23	60	8380	10	4,1;1,22000	771	55500	60	0
5061	23	61	8660	10	4,1;1,22000	784	58098	61	0
5062	23	62	8940	10	4,1;1,22000	797	60780	61	0
5063	23	63	9220	10	4,1;1,22000	810	63546	61	0
5064	23	64	9500	10	4,1;1,22000	822	66396	61	0
5065	23	65	9780	10	4,1;1,22000	835	69330	61	0
5066	23	66	10060	10	4,1;1,22000	848	72348	61	0
5067	23	67	10340	10	4,1;1,22000	861	75450	61	0
5068	23	68	10620	10	4,1;1,22000	874	78636	61	0
5069	23	69	10900	10	4,1;1,22000	887	81906	61	0
5070	23	70	11180	10	4,1;1,22000	900	85260	61	0
6001	24	1	20	10	4,1;1,1000	12	0	1	0
6002	24	2	60	10	4,1;1,1000	25	0	1	0
6003	24	3	100	10	4,1;1,1000	38	0	1	0
6004	24	4	140	10	4,1;1,1000	51	0	1	0
6005	24	5	180	10	4,1;1,1000	64	0	1	0
6006	24	6	220	10	4,1;1,1500	77	0	1	0
6007	24	7	260	10	4,1;1,1500	90	0	1	0
6008	24	8	300	10	4,1;1,1500	102	0	1	0
6009	24	9	340	10	4,1;1,1500	115	0	1	0
6010	24	10	380	10	4,1;1,1500	128	0	1	0
6011	24	11	460	10	4,1;1,3000	141	0	1	0
6012	24	12	540	10	4,1;1,3000	154	0	1	0
6013	24	13	620	10	4,1;1,3000	167	0	1	0
6014	24	14	700	10	4,1;1,3000	180	0	1	0
6015	24	15	780	10	4,1;1,3000	192	0	1	0
6016	24	16	860	10	4,1;1,6000	205	0	1	0
6017	24	17	940	10	4,1;1,6000	218	0	1	0
6018	24	18	1020	10	4,1;1,6000	231	0	1	0
6019	24	19	1100	10	4,1;1,6000	244	0	1	0
6020	24	20	1180	10	4,1;1,6000	257	3060	20	0
6021	24	21	1300	10	4,1;1,8000	270	3450	21	0
6022	24	22	1420	10	4,1;1,8000	282	3876	22	0
6023	24	23	1540	10	4,1;1,8000	295	4338	23	0
6024	24	24	1660	10	4,1;1,8000	308	4836	24	0
6025	24	25	1780	10	4,1;1,8000	321	5370	25	0
6026	24	26	1900	10	4,1;1,10000	334	5940	26	0
6027	24	27	2020	10	4,1;1,10000	347	6546	27	0
6028	24	28	2140	10	4,1;1,10000	360	7188	28	0
6029	24	29	2260	10	4,1;1,10000	372	7866	29	0
6030	24	30	2380	10	4,1;1,10000	385	8580	30	0
6031	24	31	2540	10	4,1;1,12000	398	9342	31	0
6032	24	32	2700	10	4,1;1,12000	411	10152	32	0
6033	24	33	2860	10	4,1;1,12000	424	11010	33	0
6034	24	34	3020	10	4,1;1,12000	437	11916	34	0
6035	24	35	3180	10	4,1;1,12000	450	12870	35	0
6036	24	36	3340	10	4,1;1,14000	462	13872	36	0
6037	24	37	3500	10	4,1;1,14000	475	14922	37	0
6038	24	38	3660	10	4,1;1,14000	488	16020	38	0
6039	24	39	3820	10	4,1;1,14000	501	17166	39	0
6040	24	40	3980	10	4,1;1,14000	514	18360	40	0
6041	24	41	4180	10	4,1;1,16000	527	19614	41	0
6042	24	42	4380	10	4,1;1,16000	540	20928	42	0
6043	24	43	4580	10	4,1;1,16000	552	22302	43	0
6044	24	44	4780	10	4,1;1,16000	565	23736	44	0
6045	24	45	4980	10	4,1;1,16000	578	25230	45	0
6046	24	46	5180	10	4,1;1,18000	591	26784	46	0
6047	24	47	5380	10	4,1;1,18000	604	28398	47	0
6048	24	48	5580	10	4,1;1,18000	617	30072	48	0
6049	24	49	5780	10	4,1;1,18000	630	31806	49	0
6050	24	50	5980	10	4,1;1,18000	642	33600	50	0
6051	24	51	6220	10	4,1;1,20000	655	35466	51	0
6052	24	52	6460	10	4,1;1,20000	668	37404	52	0
6053	24	53	6700	10	4,1;1,20000	681	39414	53	0
6054	24	54	6940	10	4,1;1,20000	694	41496	54	0
6055	24	55	7180	10	4,1;1,20000	707	43650	55	0
6056	24	56	7420	10	4,1;1,22000	720	45876	56	0
6057	24	57	7660	10	4,1;1,22000	732	48174	57	0
6058	24	58	7900	10	4,1;1,22000	745	50544	58	0
6059	24	59	8140	10	4,1;1,22000	758	52986	59	0
6060	24	60	8380	10	4,1;1,22000	771	55500	60	0
6061	24	61	8660	10	4,1;1,22000	784	58098	61	0
6062	24	62	8940	10	4,1;1,22000	797	60780	61	0
6063	24	63	9220	10	4,1;1,22000	810	63546	61	0
6064	24	64	9500	10	4,1;1,22000	822	66396	61	0
6065	24	65	9780	10	4,1;1,22000	835	69330	61	0
6066	24	66	10060	10	4,1;1,22000	848	72348	61	0
6067	24	67	10340	10	4,1;1,22000	861	75450	61	0
6068	24	68	10620	10	4,1;1,22000	874	78636	61	0
6069	24	69	10900	10	4,1;1,22000	887	81906	61	0
6070	24	70	11180	10	4,1;1,22000	900	85260	61	0
7001	25	1	20	10	4,1;1,1000	12	0	1	0
7002	25	2	60	10	4,1;1,1000	25	0	1	0
7003	25	3	100	10	4,1;1,1000	38	0	1	0
7004	25	4	140	10	4,1;1,1000	51	0	1	0
7005	25	5	180	10	4,1;1,1000	64	0	1	0
7006	25	6	220	10	4,1;1,1500	77	0	1	0
7007	25	7	260	10	4,1;1,1500	90	0	1	0
7008	25	8	300	10	4,1;1,1500	102	0	1	0
7009	25	9	340	10	4,1;1,1500	115	0	1	0
7010	25	10	380	10	4,1;1,1500	128	0	1	0
7011	25	11	460	10	4,1;1,3000	141	0	1	0
7012	25	12	540	10	4,1;1,3000	154	0	1	0
7013	25	13	620	10	4,1;1,3000	167	0	1	0
7014	25	14	700	10	4,1;1,3000	180	0	1	0
7015	25	15	780	10	4,1;1,3000	192	0	1	0
7016	25	16	860	10	4,1;1,6000	205	0	1	0
7017	25	17	940	10	4,1;1,6000	218	0	1	0
7018	25	18	1020	10	4,1;1,6000	231	0	1	0
7019	25	19	1100	10	4,1;1,6000	244	0	1	0
7020	25	20	1180	10	4,1;1,6000	257	3060	20	0
7021	25	21	1300	10	4,1;1,8000	270	3450	21	0
7022	25	22	1420	10	4,1;1,8000	282	3876	22	0
7023	25	23	1540	10	4,1;1,8000	295	4338	23	0
7024	25	24	1660	10	4,1;1,8000	308	4836	24	0
7025	25	25	1780	10	4,1;1,8000	321	5370	25	0
7026	25	26	1900	10	4,1;1,10000	334	5940	26	0
7027	25	27	2020	10	4,1;1,10000	347	6546	27	0
7028	25	28	2140	10	4,1;1,10000	360	7188	28	0
7029	25	29	2260	10	4,1;1,10000	372	7866	29	0
7030	25	30	2380	10	4,1;1,10000	385	8580	30	0
7031	25	31	2540	10	4,1;1,12000	398	9342	31	0
7032	25	32	2700	10	4,1;1,12000	411	10152	32	0
7033	25	33	2860	10	4,1;1,12000	424	11010	33	0
7034	25	34	3020	10	4,1;1,12000	437	11916	34	0
7035	25	35	3180	10	4,1;1,12000	450	12870	35	0
7036	25	36	3340	10	4,1;1,14000	462	13872	36	0
7037	25	37	3500	10	4,1;1,14000	475	14922	37	0
7038	25	38	3660	10	4,1;1,14000	488	16020	38	0
7039	25	39	3820	10	4,1;1,14000	501	17166	39	0
7040	25	40	3980	10	4,1;1,14000	514	18360	40	0
7041	25	41	4180	10	4,1;1,16000	527	19614	41	0
7042	25	42	4380	10	4,1;1,16000	540	20928	42	0
7043	25	43	4580	10	4,1;1,16000	552	22302	43	0
7044	25	44	4780	10	4,1;1,16000	565	23736	44	0
7045	25	45	4980	10	4,1;1,16000	578	25230	45	0
7046	25	46	5180	10	4,1;1,18000	591	26784	46	0
7047	25	47	5380	10	4,1;1,18000	604	28398	47	0
7048	25	48	5580	10	4,1;1,18000	617	30072	48	0
7049	25	49	5780	10	4,1;1,18000	630	31806	49	0
7050	25	50	5980	10	4,1;1,18000	642	33600	50	0
7051	25	51	6220	10	4,1;1,20000	655	35466	51	0
7052	25	52	6460	10	4,1;1,20000	668	37404	52	0
7053	25	53	6700	10	4,1;1,20000	681	39414	53	0
7054	25	54	6940	10	4,1;1,20000	694	41496	54	0
7055	25	55	7180	10	4,1;1,20000	707	43650	55	0
7056	25	56	7420	10	4,1;1,22000	720	45876	56	0
7057	25	57	7660	10	4,1;1,22000	732	48174	57	0
7058	25	58	7900	10	4,1;1,22000	745	50544	58	0
7059	25	59	8140	10	4,1;1,22000	758	52986	59	0
7060	25	60	8380	10	4,1;1,22000	771	55500	60	0
7061	25	61	8660	10	4,1;1,22000	784	58098	61	0
7062	25	62	8940	10	4,1;1,22000	797	60780	61	0
7063	25	63	9220	10	4,1;1,22000	810	63546	61	0
7064	25	64	9500	10	4,1;1,22000	822	66396	61	0
7065	25	65	9780	10	4,1;1,22000	835	69330	61	0
7066	25	66	10060	10	4,1;1,22000	848	72348	61	0
7067	25	67	10340	10	4,1;1,22000	861	75450	61	0
7068	25	68	10620	10	4,1;1,22000	874	78636	61	0
7069	25	69	10900	10	4,1;1,22000	887	81906	61	0
7070	25	70	11180	10	4,1;1,22000	900	85260	61	0
8001	26	1	20	10	4,1;1,1000	12	0	1	0
8002	26	2	60	10	4,1;1,1000	25	0	1	0
8003	26	3	100	10	4,1;1,1000	38	0	1	0
8004	26	4	140	10	4,1;1,1000	51	0	1	0
8005	26	5	180	10	4,1;1,1000	64	0	1	0
8006	26	6	220	10	4,1;1,1500	77	0	1	0
8007	26	7	260	10	4,1;1,1500	90	0	1	0
8008	26	8	300	10	4,1;1,1500	102	0	1	0
8009	26	9	340	10	4,1;1,1500	115	0	1	0
8010	26	10	380	10	4,1;1,1500	128	0	1	0
8011	26	11	460	10	4,1;1,3000	141	0	1	0
8012	26	12	540	10	4,1;1,3000	154	0	1	0
8013	26	13	620	10	4,1;1,3000	167	0	1	0
8014	26	14	700	10	4,1;1,3000	180	0	1	0
8015	26	15	780	10	4,1;1,3000	192	0	1	0
8016	26	16	860	10	4,1;1,6000	205	0	1	0
8017	26	17	940	10	4,1;1,6000	218	0	1	0
8018	26	18	1020	10	4,1;1,6000	231	0	1	0
8019	26	19	1100	10	4,1;1,6000	244	0	1	0
8020	26	20	1180	10	4,1;1,6000	257	3060	20	0
8021	26	21	1300	10	4,1;1,8000	270	3450	21	0
8022	26	22	1420	10	4,1;1,8000	282	3876	22	0
8023	26	23	1540	10	4,1;1,8000	295	4338	23	0
8024	26	24	1660	10	4,1;1,8000	308	4836	24	0
8025	26	25	1780	10	4,1;1,8000	321	5370	25	0
8026	26	26	1900	10	4,1;1,10000	334	5940	26	0
8027	26	27	2020	10	4,1;1,10000	347	6546	27	0
8028	26	28	2140	10	4,1;1,10000	360	7188	28	0
8029	26	29	2260	10	4,1;1,10000	372	7866	29	0
8030	26	30	2380	10	4,1;1,10000	385	8580	30	0
8031	26	31	2540	10	4,1;1,12000	398	9342	31	0
8032	26	32	2700	10	4,1;1,12000	411	10152	32	0
8033	26	33	2860	10	4,1;1,12000	424	11010	33	0
8034	26	34	3020	10	4,1;1,12000	437	11916	34	0
8035	26	35	3180	10	4,1;1,12000	450	12870	35	0
8036	26	36	3340	10	4,1;1,14000	462	13872	36	0
8037	26	37	3500	10	4,1;1,14000	475	14922	37	0
8038	26	38	3660	10	4,1;1,14000	488	16020	38	0
8039	26	39	3820	10	4,1;1,14000	501	17166	39	0
8040	26	40	3980	10	4,1;1,14000	514	18360	40	0
8041	26	41	4180	10	4,1;1,16000	527	19614	41	0
8042	26	42	4380	10	4,1;1,16000	540	20928	42	0
8043	26	43	4580	10	4,1;1,16000	552	22302	43	0
8044	26	44	4780	10	4,1;1,16000	565	23736	44	0
8045	26	45	4980	10	4,1;1,16000	578	25230	45	0
8046	26	46	5180	10	4,1;1,18000	591	26784	46	0
8047	26	47	5380	10	4,1;1,18000	604	28398	47	0
8048	26	48	5580	10	4,1;1,18000	617	30072	48	0
8049	26	49	5780	10	4,1;1,18000	630	31806	49	0
8050	26	50	5980	10	4,1;1,18000	642	33600	50	0
8051	26	51	6220	10	4,1;1,20000	655	35466	51	0
8052	26	52	6460	10	4,1;1,20000	668	37404	52	0
8053	26	53	6700	10	4,1;1,20000	681	39414	53	0
8054	26	54	6940	10	4,1;1,20000	694	41496	54	0
8055	26	55	7180	10	4,1;1,20000	707	43650	55	0
8056	26	56	7420	10	4,1;1,22000	720	45876	56	0
8057	26	57	7660	10	4,1;1,22000	732	48174	57	0
8058	26	58	7900	10	4,1;1,22000	745	50544	58	0
8059	26	59	8140	10	4,1;1,22000	758	52986	59	0
8060	26	60	8380	10	4,1;1,22000	771	55500	60	0
8061	26	61	8660	10	4,1;1,22000	784	58098	61	0
8062	26	62	8940	10	4,1;1,22000	797	60780	61	0
8063	26	63	9220	10	4,1;1,22000	810	63546	61	0
8064	26	64	9500	10	4,1;1,22000	822	66396	61	0
8065	26	65	9780	10	4,1;1,22000	835	69330	61	0
8066	26	66	10060	10	4,1;1,22000	848	72348	61	0
8067	26	67	10340	10	4,1;1,22000	861	75450	61	0
8068	26	68	10620	10	4,1;1,22000	874	78636	61	0
8069	26	69	10900	10	4,1;1,22000	887	81906	61	0
8070	26	70	11180	10	4,1;1,22000	900	85260	61	0
9001	67	1	20	10	4,1;1,1000	10	0	1	0
9002	67	2	60	10	4,1;1,1000	20	0	1	0
9003	67	3	100	10	4,1;1,1000	30	0	1	0
9004	67	4	140	10	4,1;1,1000	40	0	1	0
9005	67	5	180	10	4,1;1,1000	50	0	1	0
9006	67	6	220	10	4,1;1,1500	60	0	1	0
9007	67	7	260	10	4,1;1,1500	70	0	1	0
9008	67	8	300	10	4,1;1,1500	80	0	1	0
9009	67	9	340	10	4,1;1,1500	90	0	1	0
9010	67	10	380	10	4,1;1,1500	100	0	1	0
9011	67	11	460	10	4,1;1,3000	110	0	1	0
9012	67	12	540	10	4,1;1,3000	120	0	1	0
9013	67	13	620	10	4,1;1,3000	130	0	1	0
9014	67	14	700	10	4,1;1,3000	140	0	1	0
9015	67	15	780	10	4,1;1,3000	150	0	1	0
9016	67	16	860	10	4,1;1,6000	160	0	1	0
9017	67	17	940	10	4,1;1,6000	170	0	1	0
9018	67	18	1020	10	4,1;1,6000	180	0	1	0
9019	67	19	1100	10	4,1;1,6000	190	0	1	0
9020	67	20	1180	10	4,1;1,6000	200	3060	20	0
9021	67	21	1300	10	4,1;1,8000	210	3450	21	0
9022	67	22	1420	10	4,1;1,8000	220	3876	22	0
9023	67	23	1540	10	4,1;1,8000	230	4338	23	0
9024	67	24	1660	10	4,1;1,8000	240	4836	24	0
9025	67	25	1780	10	4,1;1,8000	250	5370	25	0
9026	67	26	1900	10	4,1;1,10000	260	5940	26	0
9027	67	27	2020	10	4,1;1,10000	270	6546	27	0
9028	67	28	2140	10	4,1;1,10000	280	7188	28	0
9029	67	29	2260	10	4,1;1,10000	290	7866	29	0
9030	67	30	2380	10	4,1;1,10000	300	8580	30	0
9031	67	31	2540	10	4,1;1,12000	310	9342	31	0
9032	67	32	2700	10	4,1;1,12000	320	10152	32	0
9033	67	33	2860	10	4,1;1,12000	330	11010	33	0
9034	67	34	3020	10	4,1;1,12000	340	11916	34	0
9035	67	35	3180	10	4,1;1,12000	350	12870	35	0
9036	67	36	3340	10	4,1;1,14000	360	13872	36	0
9037	67	37	3500	10	4,1;1,14000	370	14922	37	0
9038	67	38	3660	10	4,1;1,14000	380	16020	38	0
9039	67	39	3820	10	4,1;1,14000	390	17166	39	0
9040	67	40	3980	10	4,1;1,14000	400	18360	40	0
9041	67	41	4180	10	4,1;1,16000	410	19614	41	0
9042	67	42	4380	10	4,1;1,16000	420	20928	42	0
9043	67	43	4580	10	4,1;1,16000	430	22302	43	0
9044	67	44	4780	10	4,1;1,16000	440	23736	44	0
9045	67	45	4980	10	4,1;1,16000	450	25230	45	0
9046	67	46	5180	10	4,1;1,18000	460	26784	46	0
9047	67	47	5380	10	4,1;1,18000	470	28398	47	0
9048	67	48	5580	10	4,1;1,18000	480	30072	48	0
9049	67	49	5780	10	4,1;1,18000	490	31806	49	0
9050	67	50	5980	10	4,1;1,18000	500	33600	50	0
9051	67	51	6220	10	4,1;1,20000	510	35466	51	0
9052	67	52	6460	10	4,1;1,20000	520	37404	52	0
9053	67	53	6700	10	4,1;1,20000	530	39414	53	0
9054	67	54	6940	10	4,1;1,20000	540	41496	54	0
9055	67	55	7180	10	4,1;1,20000	550	43650	55	0
9056	67	56	7420	10	4,1;1,22000	560	45876	56	0
9057	67	57	7660	10	4,1;1,22000	570	48174	57	0
9058	67	58	7900	10	4,1;1,22000	580	50544	58	0
9059	67	59	8140	10	4,1;1,22000	590	52986	59	0
9060	67	60	8380	10	4,1;1,22000	600	55500	60	0
9061	67	61	8660	10	4,1;1,22000	610	58098	61	0
9062	67	62	8940	10	4,1;1,22000	620	60780	61	0
9063	67	63	9220	10	4,1;1,22000	630	63546	61	0
9064	67	64	9500	10	4,1;1,22000	640	66396	61	0
9065	67	65	9780	10	4,1;1,22000	650	69330	61	0
9066	67	66	10060	10	4,1;1,22000	660	72348	61	0
9067	67	67	10340	10	4,1;1,22000	670	75450	61	0
9068	67	68	10620	10	4,1;1,22000	680	78636	61	0
9069	67	69	10900	10	4,1;1,22000	690	81906	61	0
9070	67	70	11180	10	4,1;1,22000	700	85260	61	0
10001	83	1	20	10	4,1;1,1000	10	0	1	0
10002	83	2	60	10	4,1;1,1000	20	0	1	0
10003	83	3	100	10	4,1;1,1000	30	0	1	0
10004	83	4	140	10	4,1;1,1000	40	0	1	0
10005	83	5	180	10	4,1;1,1000	50	0	1	0
10006	83	6	220	10	4,1;1,1500	60	0	1	0
10007	83	7	260	10	4,1;1,1500	70	0	1	0
10008	83	8	300	10	4,1;1,1500	80	0	1	0
10009	83	9	340	10	4,1;1,1500	90	0	1	0
10010	83	10	380	10	4,1;1,1500	100	0	1	0
10011	83	11	460	10	4,1;1,3000	110	0	1	0
10012	83	12	540	10	4,1;1,3000	120	0	1	0
10013	83	13	620	10	4,1;1,3000	130	0	1	0
10014	83	14	700	10	4,1;1,3000	140	0	1	0
10015	83	15	780	10	4,1;1,3000	150	0	1	0
10016	83	16	860	10	4,1;1,6000	160	0	1	0
10017	83	17	940	10	4,1;1,6000	170	0	1	0
10018	83	18	1020	10	4,1;1,6000	180	0	1	0
10019	83	19	1100	10	4,1;1,6000	190	0	1	0
10020	83	20	1180	10	4,1;1,6000	200	3060	20	0
10021	83	21	1300	10	4,1;1,8000	210	3450	21	0
10022	83	22	1420	10	4,1;1,8000	220	3876	22	0
10023	83	23	1540	10	4,1;1,8000	230	4338	23	0
10024	83	24	1660	10	4,1;1,8000	240	4836	24	0
10025	83	25	1780	10	4,1;1,8000	250	5370	25	0
10026	83	26	1900	10	4,1;1,10000	260	5940	26	0
10027	83	27	2020	10	4,1;1,10000	270	6546	27	0
10028	83	28	2140	10	4,1;1,10000	280	7188	28	0
10029	83	29	2260	10	4,1;1,10000	290	7866	29	0
10030	83	30	2380	10	4,1;1,10000	300	8580	30	0
10031	83	31	2540	10	4,1;1,12000	310	9342	31	0
10032	83	32	2700	10	4,1;1,12000	320	10152	32	0
10033	83	33	2860	10	4,1;1,12000	330	11010	33	0
10034	83	34	3020	10	4,1;1,12000	340	11916	34	0
10035	83	35	3180	10	4,1;1,12000	350	12870	35	0
10036	83	36	3340	10	4,1;1,14000	360	13872	36	0
10037	83	37	3500	10	4,1;1,14000	370	14922	37	0
10038	83	38	3660	10	4,1;1,14000	380	16020	38	0
10039	83	39	3820	10	4,1;1,14000	390	17166	39	0
10040	83	40	3980	10	4,1;1,14000	400	18360	40	0
10041	83	41	4180	10	4,1;1,16000	410	19614	41	0
10042	83	42	4380	10	4,1;1,16000	420	20928	42	0
10043	83	43	4580	10	4,1;1,16000	430	22302	43	0
10044	83	44	4780	10	4,1;1,16000	440	23736	44	0
10045	83	45	4980	10	4,1;1,16000	450	25230	45	0
10046	83	46	5180	10	4,1;1,18000	460	26784	46	0
10047	83	47	5380	10	4,1;1,18000	470	28398	47	0
10048	83	48	5580	10	4,1;1,18000	480	30072	48	0
10049	83	49	5780	10	4,1;1,18000	490	31806	49	0
10050	83	50	5980	10	4,1;1,18000	500	33600	50	0
10051	83	51	6220	10	4,1;1,20000	510	35466	51	0
10052	83	52	6460	10	4,1;1,20000	520	37404	52	0
10053	83	53	6700	10	4,1;1,20000	530	39414	53	0
10054	83	54	6940	10	4,1;1,20000	540	41496	54	0
10055	83	55	7180	10	4,1;1,20000	550	43650	55	0
10056	83	56	7420	10	4,1;1,22000	560	45876	56	0
10057	83	57	7660	10	4,1;1,22000	570	48174	57	0
10058	83	58	7900	10	4,1;1,22000	580	50544	58	0
10059	83	59	8140	10	4,1;1,22000	590	52986	59	0
10060	83	60	8380	10	4,1;1,22000	600	55500	60	0
10061	83	61	8660	10	4,1;1,22000	610	58098	61	0
10062	83	62	8940	10	4,1;1,22000	620	60780	61	0
10063	83	63	9220	10	4,1;1,22000	630	63546	61	0
10064	83	64	9500	10	4,1;1,22000	640	66396	61	0
10065	83	65	9780	10	4,1;1,22000	650	69330	61	0
10066	83	66	10060	10	4,1;1,22000	660	72348	61	0
10067	83	67	10340	10	4,1;1,22000	670	75450	61	0
10068	83	68	10620	10	4,1;1,22000	680	78636	61	0
10069	83	69	10900	10	4,1;1,22000	690	81906	61	0
10070	83	70	11180	10	4,1;1,22000	700	85260	61	0
11001	66	1	20	10	4,1;1,1000	10	0	1	0
11002	66	2	60	10	4,1;1,1000	20	0	1	0
11003	66	3	100	10	4,1;1,1000	30	0	1	0
11004	66	4	140	10	4,1;1,1000	40	0	1	0
11005	66	5	180	10	4,1;1,1000	50	0	1	0
11006	66	6	220	10	4,1;1,1500	60	0	1	0
11007	66	7	260	10	4,1;1,1500	70	0	1	0
11008	66	8	300	10	4,1;1,1500	80	0	1	0
11009	66	9	340	10	4,1;1,1500	90	0	1	0
11010	66	10	380	10	4,1;1,1500	100	0	1	0
11011	66	11	460	10	4,1;1,3000	110	0	1	0
11012	66	12	540	10	4,1;1,3000	120	0	1	0
11013	66	13	620	10	4,1;1,3000	130	0	1	0
11014	66	14	700	10	4,1;1,3000	140	0	1	0
11015	66	15	780	10	4,1;1,3000	150	0	1	0
11016	66	16	860	10	4,1;1,6000	160	0	1	0
11017	66	17	940	10	4,1;1,6000	170	0	1	0
11018	66	18	1020	10	4,1;1,6000	180	0	1	0
11019	66	19	1100	10	4,1;1,6000	190	0	1	0
11020	66	20	1180	10	4,1;1,6000	200	3060	20	0
11021	66	21	1300	10	4,1;1,8000	210	3450	21	0
11022	66	22	1420	10	4,1;1,8000	220	3876	22	0
11023	66	23	1540	10	4,1;1,8000	230	4338	23	0
11024	66	24	1660	10	4,1;1,8000	240	4836	24	0
11025	66	25	1780	10	4,1;1,8000	250	5370	25	0
11026	66	26	1900	10	4,1;1,10000	260	5940	26	0
11027	66	27	2020	10	4,1;1,10000	270	6546	27	0
11028	66	28	2140	10	4,1;1,10000	280	7188	28	0
11029	66	29	2260	10	4,1;1,10000	290	7866	29	0
11030	66	30	2380	10	4,1;1,10000	300	8580	30	0
11031	66	31	2540	10	4,1;1,12000	310	9342	31	0
11032	66	32	2700	10	4,1;1,12000	320	10152	32	0
11033	66	33	2860	10	4,1;1,12000	330	11010	33	0
11034	66	34	3020	10	4,1;1,12000	340	11916	34	0
11035	66	35	3180	10	4,1;1,12000	350	12870	35	0
11036	66	36	3340	10	4,1;1,14000	360	13872	36	0
11037	66	37	3500	10	4,1;1,14000	370	14922	37	0
11038	66	38	3660	10	4,1;1,14000	380	16020	38	0
11039	66	39	3820	10	4,1;1,14000	390	17166	39	0
11040	66	40	3980	10	4,1;1,14000	400	18360	40	0
11041	66	41	4180	10	4,1;1,16000	410	19614	41	0
11042	66	42	4380	10	4,1;1,16000	420	20928	42	0
11043	66	43	4580	10	4,1;1,16000	430	22302	43	0
11044	66	44	4780	10	4,1;1,16000	440	23736	44	0
11045	66	45	4980	10	4,1;1,16000	450	25230	45	0
11046	66	46	5180	10	4,1;1,18000	460	26784	46	0
11047	66	47	5380	10	4,1;1,18000	470	28398	47	0
11048	66	48	5580	10	4,1;1,18000	480	30072	48	0
11049	66	49	5780	10	4,1;1,18000	490	31806	49	0
11050	66	50	5980	10	4,1;1,18000	500	33600	50	0
11051	66	51	6220	10	4,1;1,20000	510	35466	51	0
11052	66	52	6460	10	4,1;1,20000	520	37404	52	0
11053	66	53	6700	10	4,1;1,20000	530	39414	53	0
11054	66	54	6940	10	4,1;1,20000	540	41496	54	0
11055	66	55	7180	10	4,1;1,20000	550	43650	55	0
11056	66	56	7420	10	4,1;1,22000	560	45876	56	0
11057	66	57	7660	10	4,1;1,22000	570	48174	57	0
11058	66	58	7900	10	4,1;1,22000	580	50544	58	0
11059	66	59	8140	10	4,1;1,22000	590	52986	59	0
11060	66	60	8380	10	4,1;1,22000	600	55500	60	0
11061	66	61	8660	10	4,1;1,22000	610	58098	61	0
11062	66	62	8940	10	4,1;1,22000	620	60780	61	0
11063	66	63	9220	10	4,1;1,22000	630	63546	61	0
11064	66	64	9500	10	4,1;1,22000	640	66396	61	0
11065	66	65	9780	10	4,1;1,22000	650	69330	61	0
11066	66	66	10060	10	4,1;1,22000	660	72348	61	0
11067	66	67	10340	10	4,1;1,22000	670	75450	61	0
11068	66	68	10620	10	4,1;1,22000	680	78636	61	0
11069	66	69	10900	10	4,1;1,22000	690	81906	61	0
11070	66	70	11180	10	4,1;1,22000	700	85260	61	0
12001	79	1	20	10	4,1;1,1000	10	0	1	0
12002	79	2	60	10	4,1;1,1000	20	0	1	0
12003	79	3	100	10	4,1;1,1000	30	0	1	0
12004	79	4	140	10	4,1;1,1000	40	0	1	0
12005	79	5	180	10	4,1;1,1000	50	0	1	0
12006	79	6	220	10	4,1;1,1500	60	0	1	0
12007	79	7	260	10	4,1;1,1500	70	0	1	0
12008	79	8	300	10	4,1;1,1500	80	0	1	0
12009	79	9	340	10	4,1;1,1500	90	0	1	0
12010	79	10	380	10	4,1;1,1500	100	0	1	0
12011	79	11	460	10	4,1;1,3000	110	0	1	0
12012	79	12	540	10	4,1;1,3000	120	0	1	0
12013	79	13	620	10	4,1;1,3000	130	0	1	0
12014	79	14	700	10	4,1;1,3000	140	0	1	0
12015	79	15	780	10	4,1;1,3000	150	0	1	0
12016	79	16	860	10	4,1;1,6000	160	0	1	0
12017	79	17	940	10	4,1;1,6000	170	0	1	0
12018	79	18	1020	10	4,1;1,6000	180	0	1	0
12019	79	19	1100	10	4,1;1,6000	190	0	1	0
12020	79	20	1180	10	4,1;1,6000	200	3060	20	0
12021	79	21	1300	10	4,1;1,8000	210	3450	21	0
12022	79	22	1420	10	4,1;1,8000	220	3876	22	0
12023	79	23	1540	10	4,1;1,8000	230	4338	23	0
12024	79	24	1660	10	4,1;1,8000	240	4836	24	0
12025	79	25	1780	10	4,1;1,8000	250	5370	25	0
12026	79	26	1900	10	4,1;1,10000	260	5940	26	0
12027	79	27	2020	10	4,1;1,10000	270	6546	27	0
12028	79	28	2140	10	4,1;1,10000	280	7188	28	0
12029	79	29	2260	10	4,1;1,10000	290	7866	29	0
12030	79	30	2380	10	4,1;1,10000	300	8580	30	0
12031	79	31	2540	10	4,1;1,12000	310	9342	31	0
12032	79	32	2700	10	4,1;1,12000	320	10152	32	0
12033	79	33	2860	10	4,1;1,12000	330	11010	33	0
12034	79	34	3020	10	4,1;1,12000	340	11916	34	0
12035	79	35	3180	10	4,1;1,12000	350	12870	35	0
12036	79	36	3340	10	4,1;1,14000	360	13872	36	0
12037	79	37	3500	10	4,1;1,14000	370	14922	37	0
12038	79	38	3660	10	4,1;1,14000	380	16020	38	0
12039	79	39	3820	10	4,1;1,14000	390	17166	39	0
12040	79	40	3980	10	4,1;1,14000	400	18360	40	0
12041	79	41	4180	10	4,1;1,16000	410	19614	41	0
12042	79	42	4380	10	4,1;1,16000	420	20928	42	0
12043	79	43	4580	10	4,1;1,16000	430	22302	43	0
12044	79	44	4780	10	4,1;1,16000	440	23736	44	0
12045	79	45	4980	10	4,1;1,16000	450	25230	45	0
12046	79	46	5180	10	4,1;1,18000	460	26784	46	0
12047	79	47	5380	10	4,1;1,18000	470	28398	47	0
12048	79	48	5580	10	4,1;1,18000	480	30072	48	0
12049	79	49	5780	10	4,1;1,18000	490	31806	49	0
12050	79	50	5980	10	4,1;1,18000	500	33600	50	0
12051	79	51	6220	10	4,1;1,20000	510	35466	51	0
12052	79	52	6460	10	4,1;1,20000	520	37404	52	0
12053	79	53	6700	10	4,1;1,20000	530	39414	53	0
12054	79	54	6940	10	4,1;1,20000	540	41496	54	0
12055	79	55	7180	10	4,1;1,20000	550	43650	55	0
12056	79	56	7420	10	4,1;1,22000	560	45876	56	0
12057	79	57	7660	10	4,1;1,22000	570	48174	57	0
12058	79	58	7900	10	4,1;1,22000	580	50544	58	0
12059	79	59	8140	10	4,1;1,22000	590	52986	59	0
12060	79	60	8380	10	4,1;1,22000	600	55500	60	0
12061	79	61	8660	10	4,1;1,22000	610	58098	61	0
12062	79	62	8940	10	4,1;1,22000	620	60780	61	0
12063	79	63	9220	10	4,1;1,22000	630	63546	61	0
12064	79	64	9500	10	4,1;1,22000	640	66396	61	0
12065	79	65	9780	10	4,1;1,22000	650	69330	61	0
12066	79	66	10060	10	4,1;1,22000	660	72348	61	0
12067	79	67	10340	10	4,1;1,22000	670	75450	61	0
12068	79	68	10620	10	4,1;1,22000	680	78636	61	0
12069	79	69	10900	10	4,1;1,22000	690	81906	61	0
12070	79	70	11180	10	4,1;1,22000	700	85260	61	0
13001	75	1	20	10	4,1;1,1000	10	0	1	0
13002	75	2	60	10	4,1;1,1000	20	0	1	0
13003	75	3	100	10	4,1;1,1000	30	0	1	0
13004	75	4	140	10	4,1;1,1000	40	0	1	0
13005	75	5	180	10	4,1;1,1000	50	0	1	0
13006	75	6	220	10	4,1;1,1500	60	0	1	0
13007	75	7	260	10	4,1;1,1500	70	0	1	0
13008	75	8	300	10	4,1;1,1500	80	0	1	0
13009	75	9	340	10	4,1;1,1500	90	0	1	0
13010	75	10	380	10	4,1;1,1500	100	0	1	0
13011	75	11	460	10	4,1;1,3000	110	0	1	0
13012	75	12	540	10	4,1;1,3000	120	0	1	0
13013	75	13	620	10	4,1;1,3000	130	0	1	0
13014	75	14	700	10	4,1;1,3000	140	0	1	0
13015	75	15	780	10	4,1;1,3000	150	0	1	0
13016	75	16	860	10	4,1;1,6000	160	0	1	0
13017	75	17	940	10	4,1;1,6000	170	0	1	0
13018	75	18	1020	10	4,1;1,6000	180	0	1	0
13019	75	19	1100	10	4,1;1,6000	190	0	1	0
13020	75	20	1180	10	4,1;1,6000	200	3060	20	0
13021	75	21	1300	10	4,1;1,8000	210	3450	21	0
13022	75	22	1420	10	4,1;1,8000	220	3876	22	0
13023	75	23	1540	10	4,1;1,8000	230	4338	23	0
13024	75	24	1660	10	4,1;1,8000	240	4836	24	0
13025	75	25	1780	10	4,1;1,8000	250	5370	25	0
13026	75	26	1900	10	4,1;1,10000	260	5940	26	0
13027	75	27	2020	10	4,1;1,10000	270	6546	27	0
13028	75	28	2140	10	4,1;1,10000	280	7188	28	0
13029	75	29	2260	10	4,1;1,10000	290	7866	29	0
13030	75	30	2380	10	4,1;1,10000	300	8580	30	0
13031	75	31	2540	10	4,1;1,12000	310	9342	31	0
13032	75	32	2700	10	4,1;1,12000	320	10152	32	0
13033	75	33	2860	10	4,1;1,12000	330	11010	33	0
13034	75	34	3020	10	4,1;1,12000	340	11916	34	0
13035	75	35	3180	10	4,1;1,12000	350	12870	35	0
13036	75	36	3340	10	4,1;1,14000	360	13872	36	0
13037	75	37	3500	10	4,1;1,14000	370	14922	37	0
13038	75	38	3660	10	4,1;1,14000	380	16020	38	0
13039	75	39	3820	10	4,1;1,14000	390	17166	39	0
13040	75	40	3980	10	4,1;1,14000	400	18360	40	0
13041	75	41	4180	10	4,1;1,16000	410	19614	41	0
13042	75	42	4380	10	4,1;1,16000	420	20928	42	0
13043	75	43	4580	10	4,1;1,16000	430	22302	43	0
13044	75	44	4780	10	4,1;1,16000	440	23736	44	0
13045	75	45	4980	10	4,1;1,16000	450	25230	45	0
13046	75	46	5180	10	4,1;1,18000	460	26784	46	0
13047	75	47	5380	10	4,1;1,18000	470	28398	47	0
13048	75	48	5580	10	4,1;1,18000	480	30072	48	0
13049	75	49	5780	10	4,1;1,18000	490	31806	49	0
13050	75	50	5980	10	4,1;1,18000	500	33600	50	0
13051	75	51	6220	10	4,1;1,20000	510	35466	51	0
13052	75	52	6460	10	4,1;1,20000	520	37404	52	0
13053	75	53	6700	10	4,1;1,20000	530	39414	53	0
13054	75	54	6940	10	4,1;1,20000	540	41496	54	0
13055	75	55	7180	10	4,1;1,20000	550	43650	55	0
13056	75	56	7420	10	4,1;1,22000	560	45876	56	0
13057	75	57	7660	10	4,1;1,22000	570	48174	57	0
13058	75	58	7900	10	4,1;1,22000	580	50544	58	0
13059	75	59	8140	10	4,1;1,22000	590	52986	59	0
13060	75	60	8380	10	4,1;1,22000	600	55500	60	0
13061	75	61	8660	10	4,1;1,22000	610	58098	61	0
13062	75	62	8940	10	4,1;1,22000	620	60780	61	0
13063	75	63	9220	10	4,1;1,22000	630	63546	61	0
13064	75	64	9500	10	4,1;1,22000	640	66396	61	0
13065	75	65	9780	10	4,1;1,22000	650	69330	61	0
13066	75	66	10060	10	4,1;1,22000	660	72348	61	0
13067	75	67	10340	10	4,1;1,22000	670	75450	61	0
13068	75	68	10620	10	4,1;1,22000	680	78636	61	0
13069	75	69	10900	10	4,1;1,22000	690	81906	61	0
13070	75	70	11180	10	4,1;1,22000	700	85260	61	0
14001	70	1	20	10	4,1;1,1000	10	0	1	0
14002	70	2	60	10	4,1;1,1000	20	0	1	0
14003	70	3	100	10	4,1;1,1000	30	0	1	0
14004	70	4	140	10	4,1;1,1000	40	0	1	0
14005	70	5	180	10	4,1;1,1000	50	0	1	0
14006	70	6	220	10	4,1;1,1500	60	0	1	0
14007	70	7	260	10	4,1;1,1500	70	0	1	0
14008	70	8	300	10	4,1;1,1500	80	0	1	0
14009	70	9	340	10	4,1;1,1500	90	0	1	0
14010	70	10	380	10	4,1;1,1500	100	0	1	0
14011	70	11	460	10	4,1;1,3000	110	0	1	0
14012	70	12	540	10	4,1;1,3000	120	0	1	0
14013	70	13	620	10	4,1;1,3000	130	0	1	0
14014	70	14	700	10	4,1;1,3000	140	0	1	0
14015	70	15	780	10	4,1;1,3000	150	0	1	0
14016	70	16	860	10	4,1;1,6000	160	0	1	0
14017	70	17	940	10	4,1;1,6000	170	0	1	0
14018	70	18	1020	10	4,1;1,6000	180	0	1	0
14019	70	19	1100	10	4,1;1,6000	190	0	1	0
14020	70	20	1180	10	4,1;1,6000	200	3060	20	0
14021	70	21	1300	10	4,1;1,8000	210	3450	21	0
14022	70	22	1420	10	4,1;1,8000	220	3876	22	0
14023	70	23	1540	10	4,1;1,8000	230	4338	23	0
14024	70	24	1660	10	4,1;1,8000	240	4836	24	0
14025	70	25	1780	10	4,1;1,8000	250	5370	25	0
14026	70	26	1900	10	4,1;1,10000	260	5940	26	0
14027	70	27	2020	10	4,1;1,10000	270	6546	27	0
14028	70	28	2140	10	4,1;1,10000	280	7188	28	0
14029	70	29	2260	10	4,1;1,10000	290	7866	29	0
14030	70	30	2380	10	4,1;1,10000	300	8580	30	0
14031	70	31	2540	10	4,1;1,12000	310	9342	31	0
14032	70	32	2700	10	4,1;1,12000	320	10152	32	0
14033	70	33	2860	10	4,1;1,12000	330	11010	33	0
14034	70	34	3020	10	4,1;1,12000	340	11916	34	0
14035	70	35	3180	10	4,1;1,12000	350	12870	35	0
14036	70	36	3340	10	4,1;1,14000	360	13872	36	0
14037	70	37	3500	10	4,1;1,14000	370	14922	37	0
14038	70	38	3660	10	4,1;1,14000	380	16020	38	0
14039	70	39	3820	10	4,1;1,14000	390	17166	39	0
14040	70	40	3980	10	4,1;1,14000	400	18360	40	0
14041	70	41	4180	10	4,1;1,16000	410	19614	41	0
14042	70	42	4380	10	4,1;1,16000	420	20928	42	0
14043	70	43	4580	10	4,1;1,16000	430	22302	43	0
14044	70	44	4780	10	4,1;1,16000	440	23736	44	0
14045	70	45	4980	10	4,1;1,16000	450	25230	45	0
14046	70	46	5180	10	4,1;1,18000	460	26784	46	0
14047	70	47	5380	10	4,1;1,18000	470	28398	47	0
14048	70	48	5580	10	4,1;1,18000	480	30072	48	0
14049	70	49	5780	10	4,1;1,18000	490	31806	49	0
14050	70	50	5980	10	4,1;1,18000	500	33600	50	0
14051	70	51	6220	10	4,1;1,20000	510	35466	51	0
14052	70	52	6460	10	4,1;1,20000	520	37404	52	0
14053	70	53	6700	10	4,1;1,20000	530	39414	53	0
14054	70	54	6940	10	4,1;1,20000	540	41496	54	0
14055	70	55	7180	10	4,1;1,20000	550	43650	55	0
14056	70	56	7420	10	4,1;1,22000	560	45876	56	0
14057	70	57	7660	10	4,1;1,22000	570	48174	57	0
14058	70	58	7900	10	4,1;1,22000	580	50544	58	0
14059	70	59	8140	10	4,1;1,22000	590	52986	59	0
14060	70	60	8380	10	4,1;1,22000	600	55500	60	0
14061	70	61	8660	10	4,1;1,22000	610	58098	61	0
14062	70	62	8940	10	4,1;1,22000	620	60780	61	0
14063	70	63	9220	10	4,1;1,22000	630	63546	61	0
14064	70	64	9500	10	4,1;1,22000	640	66396	61	0
14065	70	65	9780	10	4,1;1,22000	650	69330	61	0
14066	70	66	10060	10	4,1;1,22000	660	72348	61	0
14067	70	67	10340	10	4,1;1,22000	670	75450	61	0
14068	70	68	10620	10	4,1;1,22000	680	78636	61	0
14069	70	69	10900	10	4,1;1,22000	690	81906	61	0
14070	70	70	11180	10	4,1;1,22000	700	85260	61	0
15001	84	1	20	10	4,1;1,1000	10	0	1	0
15002	84	2	60	10	4,1;1,1000	20	0	1	0
15003	84	3	100	10	4,1;1,1000	30	0	1	0
15004	84	4	140	10	4,1;1,1000	40	0	1	0
15005	84	5	180	10	4,1;1,1000	50	0	1	0
15006	84	6	220	10	4,1;1,1500	60	0	1	0
15007	84	7	260	10	4,1;1,1500	70	0	1	0
15008	84	8	300	10	4,1;1,1500	80	0	1	0
15009	84	9	340	10	4,1;1,1500	90	0	1	0
15010	84	10	380	10	4,1;1,1500	100	0	1	0
15011	84	11	460	10	4,1;1,3000	110	0	1	0
15012	84	12	540	10	4,1;1,3000	120	0	1	0
15013	84	13	620	10	4,1;1,3000	130	0	1	0
15014	84	14	700	10	4,1;1,3000	140	0	1	0
15015	84	15	780	10	4,1;1,3000	150	0	1	0
15016	84	16	860	10	4,1;1,6000	160	0	1	0
15017	84	17	940	10	4,1;1,6000	170	0	1	0
15018	84	18	1020	10	4,1;1,6000	180	0	1	0
15019	84	19	1100	10	4,1;1,6000	190	0	1	0
15020	84	20	1180	10	4,1;1,6000	200	3060	20	0
15021	84	21	1300	10	4,1;1,8000	210	3450	21	0
15022	84	22	1420	10	4,1;1,8000	220	3876	22	0
15023	84	23	1540	10	4,1;1,8000	230	4338	23	0
15024	84	24	1660	10	4,1;1,8000	240	4836	24	0
15025	84	25	1780	10	4,1;1,8000	250	5370	25	0
15026	84	26	1900	10	4,1;1,10000	260	5940	26	0
15027	84	27	2020	10	4,1;1,10000	270	6546	27	0
15028	84	28	2140	10	4,1;1,10000	280	7188	28	0
15029	84	29	2260	10	4,1;1,10000	290	7866	29	0
15030	84	30	2380	10	4,1;1,10000	300	8580	30	0
15031	84	31	2540	10	4,1;1,12000	310	9342	31	0
15032	84	32	2700	10	4,1;1,12000	320	10152	32	0
15033	84	33	2860	10	4,1;1,12000	330	11010	33	0
15034	84	34	3020	10	4,1;1,12000	340	11916	34	0
15035	84	35	3180	10	4,1;1,12000	350	12870	35	0
15036	84	36	3340	10	4,1;1,14000	360	13872	36	0
15037	84	37	3500	10	4,1;1,14000	370	14922	37	0
15038	84	38	3660	10	4,1;1,14000	380	16020	38	0
15039	84	39	3820	10	4,1;1,14000	390	17166	39	0
15040	84	40	3980	10	4,1;1,14000	400	18360	40	0
15041	84	41	4180	10	4,1;1,16000	410	19614	41	0
15042	84	42	4380	10	4,1;1,16000	420	20928	42	0
15043	84	43	4580	10	4,1;1,16000	430	22302	43	0
15044	84	44	4780	10	4,1;1,16000	440	23736	44	0
15045	84	45	4980	10	4,1;1,16000	450	25230	45	0
15046	84	46	5180	10	4,1;1,18000	460	26784	46	0
15047	84	47	5380	10	4,1;1,18000	470	28398	47	0
15048	84	48	5580	10	4,1;1,18000	480	30072	48	0
15049	84	49	5780	10	4,1;1,18000	490	31806	49	0
15050	84	50	5980	10	4,1;1,18000	500	33600	50	0
15051	84	51	6220	10	4,1;1,20000	510	35466	51	0
15052	84	52	6460	10	4,1;1,20000	520	37404	52	0
15053	84	53	6700	10	4,1;1,20000	530	39414	53	0
15054	84	54	6940	10	4,1;1,20000	540	41496	54	0
15055	84	55	7180	10	4,1;1,20000	550	43650	55	0
15056	84	56	7420	10	4,1;1,22000	560	45876	56	0
15057	84	57	7660	10	4,1;1,22000	570	48174	57	0
15058	84	58	7900	10	4,1;1,22000	580	50544	58	0
15059	84	59	8140	10	4,1;1,22000	590	52986	59	0
15060	84	60	8380	10	4,1;1,22000	600	55500	60	0
15061	84	61	8660	10	4,1;1,22000	610	58098	61	0
15062	84	62	8940	10	4,1;1,22000	620	60780	61	0
15063	84	63	9220	10	4,1;1,22000	630	63546	61	0
15064	84	64	9500	10	4,1;1,22000	640	66396	61	0
15065	84	65	9780	10	4,1;1,22000	650	69330	61	0
15066	84	66	10060	10	4,1;1,22000	660	72348	61	0
15067	84	67	10340	10	4,1;1,22000	670	75450	61	0
15068	84	68	10620	10	4,1;1,22000	680	78636	61	0
15069	84	69	10900	10	4,1;1,22000	690	81906	61	0
15070	84	70	11180	10	4,1;1,22000	700	85260	61	0
16001	69	1	20	10	4,1;1,1000	10	0	1	0
16002	69	2	60	10	4,1;1,1000	20	0	1	0
16003	69	3	100	10	4,1;1,1000	30	0	1	0
16004	69	4	140	10	4,1;1,1000	40	0	1	0
16005	69	5	180	10	4,1;1,1000	50	0	1	0
16006	69	6	220	10	4,1;1,1500	60	0	1	0
16007	69	7	260	10	4,1;1,1500	70	0	1	0
16008	69	8	300	10	4,1;1,1500	80	0	1	0
16009	69	9	340	10	4,1;1,1500	90	0	1	0
16010	69	10	380	10	4,1;1,1500	100	0	1	0
16011	69	11	460	10	4,1;1,3000	110	0	1	0
16012	69	12	540	10	4,1;1,3000	120	0	1	0
16013	69	13	620	10	4,1;1,3000	130	0	1	0
16014	69	14	700	10	4,1;1,3000	140	0	1	0
16015	69	15	780	10	4,1;1,3000	150	0	1	0
16016	69	16	860	10	4,1;1,6000	160	0	1	0
16017	69	17	940	10	4,1;1,6000	170	0	1	0
16018	69	18	1020	10	4,1;1,6000	180	0	1	0
16019	69	19	1100	10	4,1;1,6000	190	0	1	0
16020	69	20	1180	10	4,1;1,6000	200	3060	20	0
16021	69	21	1300	10	4,1;1,8000	210	3450	21	0
16022	69	22	1420	10	4,1;1,8000	220	3876	22	0
16023	69	23	1540	10	4,1;1,8000	230	4338	23	0
16024	69	24	1660	10	4,1;1,8000	240	4836	24	0
16025	69	25	1780	10	4,1;1,8000	250	5370	25	0
16026	69	26	1900	10	4,1;1,10000	260	5940	26	0
16027	69	27	2020	10	4,1;1,10000	270	6546	27	0
16028	69	28	2140	10	4,1;1,10000	280	7188	28	0
16029	69	29	2260	10	4,1;1,10000	290	7866	29	0
16030	69	30	2380	10	4,1;1,10000	300	8580	30	0
16031	69	31	2540	10	4,1;1,12000	310	9342	31	0
16032	69	32	2700	10	4,1;1,12000	320	10152	32	0
16033	69	33	2860	10	4,1;1,12000	330	11010	33	0
16034	69	34	3020	10	4,1;1,12000	340	11916	34	0
16035	69	35	3180	10	4,1;1,12000	350	12870	35	0
16036	69	36	3340	10	4,1;1,14000	360	13872	36	0
16037	69	37	3500	10	4,1;1,14000	370	14922	37	0
16038	69	38	3660	10	4,1;1,14000	380	16020	38	0
16039	69	39	3820	10	4,1;1,14000	390	17166	39	0
16040	69	40	3980	10	4,1;1,14000	400	18360	40	0
16041	69	41	4180	10	4,1;1,16000	410	19614	41	0
16042	69	42	4380	10	4,1;1,16000	420	20928	42	0
16043	69	43	4580	10	4,1;1,16000	430	22302	43	0
16044	69	44	4780	10	4,1;1,16000	440	23736	44	0
16045	69	45	4980	10	4,1;1,16000	450	25230	45	0
16046	69	46	5180	10	4,1;1,18000	460	26784	46	0
16047	69	47	5380	10	4,1;1,18000	470	28398	47	0
16048	69	48	5580	10	4,1;1,18000	480	30072	48	0
16049	69	49	5780	10	4,1;1,18000	490	31806	49	0
16050	69	50	5980	10	4,1;1,18000	500	33600	50	0
16051	69	51	6220	10	4,1;1,20000	510	35466	51	0
16052	69	52	6460	10	4,1;1,20000	520	37404	52	0
16053	69	53	6700	10	4,1;1,20000	530	39414	53	0
16054	69	54	6940	10	4,1;1,20000	540	41496	54	0
16055	69	55	7180	10	4,1;1,20000	550	43650	55	0
16056	69	56	7420	10	4,1;1,22000	560	45876	56	0
16057	69	57	7660	10	4,1;1,22000	570	48174	57	0
16058	69	58	7900	10	4,1;1,22000	580	50544	58	0
16059	69	59	8140	10	4,1;1,22000	590	52986	59	0
16060	69	60	8380	10	4,1;1,22000	600	55500	60	0
16061	69	61	8660	10	4,1;1,22000	610	58098	61	0
16062	69	62	8940	10	4,1;1,22000	620	60780	61	0
16063	69	63	9220	10	4,1;1,22000	630	63546	61	0
16064	69	64	9500	10	4,1;1,22000	640	66396	61	0
16065	69	65	9780	10	4,1;1,22000	650	69330	61	0
16066	69	66	10060	10	4,1;1,22000	660	72348	61	0
16067	69	67	10340	10	4,1;1,22000	670	75450	61	0
16068	69	68	10620	10	4,1;1,22000	680	78636	61	0
16069	69	69	10900	10	4,1;1,22000	690	81906	61	0
16070	69	70	11180	10	4,1;1,22000	700	85260	61	0
17001	80	1	20	10	4,1;1,1000	10	0	1	0
17002	80	2	60	10	4,1;1,1000	20	0	1	0
17003	80	3	100	10	4,1;1,1000	30	0	1	0
17004	80	4	140	10	4,1;1,1000	40	0	1	0
17005	80	5	180	10	4,1;1,1000	50	0	1	0
17006	80	6	220	10	4,1;1,1500	60	0	1	0
17007	80	7	260	10	4,1;1,1500	70	0	1	0
17008	80	8	300	10	4,1;1,1500	80	0	1	0
17009	80	9	340	10	4,1;1,1500	90	0	1	0
17010	80	10	380	10	4,1;1,1500	100	0	1	0
17011	80	11	460	10	4,1;1,3000	110	0	1	0
17012	80	12	540	10	4,1;1,3000	120	0	1	0
17013	80	13	620	10	4,1;1,3000	130	0	1	0
17014	80	14	700	10	4,1;1,3000	140	0	1	0
17015	80	15	780	10	4,1;1,3000	150	0	1	0
17016	80	16	860	10	4,1;1,6000	160	0	1	0
17017	80	17	940	10	4,1;1,6000	170	0	1	0
17018	80	18	1020	10	4,1;1,6000	180	0	1	0
17019	80	19	1100	10	4,1;1,6000	190	0	1	0
17020	80	20	1180	10	4,1;1,6000	200	3060	20	0
17021	80	21	1300	10	4,1;1,8000	210	3450	21	0
17022	80	22	1420	10	4,1;1,8000	220	3876	22	0
17023	80	23	1540	10	4,1;1,8000	230	4338	23	0
17024	80	24	1660	10	4,1;1,8000	240	4836	24	0
17025	80	25	1780	10	4,1;1,8000	250	5370	25	0
17026	80	26	1900	10	4,1;1,10000	260	5940	26	0
17027	80	27	2020	10	4,1;1,10000	270	6546	27	0
17028	80	28	2140	10	4,1;1,10000	280	7188	28	0
17029	80	29	2260	10	4,1;1,10000	290	7866	29	0
17030	80	30	2380	10	4,1;1,10000	300	8580	30	0
17031	80	31	2540	10	4,1;1,12000	310	9342	31	0
17032	80	32	2700	10	4,1;1,12000	320	10152	32	0
17033	80	33	2860	10	4,1;1,12000	330	11010	33	0
17034	80	34	3020	10	4,1;1,12000	340	11916	34	0
17035	80	35	3180	10	4,1;1,12000	350	12870	35	0
17036	80	36	3340	10	4,1;1,14000	360	13872	36	0
17037	80	37	3500	10	4,1;1,14000	370	14922	37	0
17038	80	38	3660	10	4,1;1,14000	380	16020	38	0
17039	80	39	3820	10	4,1;1,14000	390	17166	39	0
17040	80	40	3980	10	4,1;1,14000	400	18360	40	0
17041	80	41	4180	10	4,1;1,16000	410	19614	41	0
17042	80	42	4380	10	4,1;1,16000	420	20928	42	0
17043	80	43	4580	10	4,1;1,16000	430	22302	43	0
17044	80	44	4780	10	4,1;1,16000	440	23736	44	0
17045	80	45	4980	10	4,1;1,16000	450	25230	45	0
17046	80	46	5180	10	4,1;1,18000	460	26784	46	0
17047	80	47	5380	10	4,1;1,18000	470	28398	47	0
17048	80	48	5580	10	4,1;1,18000	480	30072	48	0
17049	80	49	5780	10	4,1;1,18000	490	31806	49	0
17050	80	50	5980	10	4,1;1,18000	500	33600	50	0
17051	80	51	6220	10	4,1;1,20000	510	35466	51	0
17052	80	52	6460	10	4,1;1,20000	520	37404	52	0
17053	80	53	6700	10	4,1;1,20000	530	39414	53	0
17054	80	54	6940	10	4,1;1,20000	540	41496	54	0
17055	80	55	7180	10	4,1;1,20000	550	43650	55	0
17056	80	56	7420	10	4,1;1,22000	560	45876	56	0
17057	80	57	7660	10	4,1;1,22000	570	48174	57	0
17058	80	58	7900	10	4,1;1,22000	580	50544	58	0
17059	80	59	8140	10	4,1;1,22000	590	52986	59	0
17060	80	60	8380	10	4,1;1,22000	600	55500	60	0
17061	80	61	8660	10	4,1;1,22000	610	58098	61	0
17062	80	62	8940	10	4,1;1,22000	620	60780	61	0
17063	80	63	9220	10	4,1;1,22000	630	63546	61	0
17064	80	64	9500	10	4,1;1,22000	640	66396	61	0
17065	80	65	9780	10	4,1;1,22000	650	69330	61	0
17066	80	66	10060	10	4,1;1,22000	660	72348	61	0
17067	80	67	10340	10	4,1;1,22000	670	75450	61	0
17068	80	68	10620	10	4,1;1,22000	680	78636	61	0
17069	80	69	10900	10	4,1;1,22000	690	81906	61	0
17070	80	70	11180	10	4,1;1,22000	700	85260	61	0
18001	76	1	20	10	4,1;1,1000	10	0	1	0
18002	76	2	60	10	4,1;1,1000	20	0	1	0
18003	76	3	100	10	4,1;1,1000	30	0	1	0
18004	76	4	140	10	4,1;1,1000	40	0	1	0
18005	76	5	180	10	4,1;1,1000	50	0	1	0
18006	76	6	220	10	4,1;1,1500	60	0	1	0
18007	76	7	260	10	4,1;1,1500	70	0	1	0
18008	76	8	300	10	4,1;1,1500	80	0	1	0
18009	76	9	340	10	4,1;1,1500	90	0	1	0
18010	76	10	380	10	4,1;1,1500	100	0	1	0
18011	76	11	460	10	4,1;1,3000	110	0	1	0
18012	76	12	540	10	4,1;1,3000	120	0	1	0
18013	76	13	620	10	4,1;1,3000	130	0	1	0
18014	76	14	700	10	4,1;1,3000	140	0	1	0
18015	76	15	780	10	4,1;1,3000	150	0	1	0
18016	76	16	860	10	4,1;1,6000	160	0	1	0
18017	76	17	940	10	4,1;1,6000	170	0	1	0
18018	76	18	1020	10	4,1;1,6000	180	0	1	0
18019	76	19	1100	10	4,1;1,6000	190	0	1	0
18020	76	20	1180	10	4,1;1,6000	200	3060	20	0
18021	76	21	1300	10	4,1;1,8000	210	3450	21	0
18022	76	22	1420	10	4,1;1,8000	220	3876	22	0
18023	76	23	1540	10	4,1;1,8000	230	4338	23	0
18024	76	24	1660	10	4,1;1,8000	240	4836	24	0
18025	76	25	1780	10	4,1;1,8000	250	5370	25	0
18026	76	26	1900	10	4,1;1,10000	260	5940	26	0
18027	76	27	2020	10	4,1;1,10000	270	6546	27	0
18028	76	28	2140	10	4,1;1,10000	280	7188	28	0
18029	76	29	2260	10	4,1;1,10000	290	7866	29	0
18030	76	30	2380	10	4,1;1,10000	300	8580	30	0
18031	76	31	2540	10	4,1;1,12000	310	9342	31	0
18032	76	32	2700	10	4,1;1,12000	320	10152	32	0
18033	76	33	2860	10	4,1;1,12000	330	11010	33	0
18034	76	34	3020	10	4,1;1,12000	340	11916	34	0
18035	76	35	3180	10	4,1;1,12000	350	12870	35	0
18036	76	36	3340	10	4,1;1,14000	360	13872	36	0
18037	76	37	3500	10	4,1;1,14000	370	14922	37	0
18038	76	38	3660	10	4,1;1,14000	380	16020	38	0
18039	76	39	3820	10	4,1;1,14000	390	17166	39	0
18040	76	40	3980	10	4,1;1,14000	400	18360	40	0
18041	76	41	4180	10	4,1;1,16000	410	19614	41	0
18042	76	42	4380	10	4,1;1,16000	420	20928	42	0
18043	76	43	4580	10	4,1;1,16000	430	22302	43	0
18044	76	44	4780	10	4,1;1,16000	440	23736	44	0
18045	76	45	4980	10	4,1;1,16000	450	25230	45	0
18046	76	46	5180	10	4,1;1,18000	460	26784	46	0
18047	76	47	5380	10	4,1;1,18000	470	28398	47	0
18048	76	48	5580	10	4,1;1,18000	480	30072	48	0
18049	76	49	5780	10	4,1;1,18000	490	31806	49	0
18050	76	50	5980	10	4,1;1,18000	500	33600	50	0
18051	76	51	6220	10	4,1;1,20000	510	35466	51	0
18052	76	52	6460	10	4,1;1,20000	520	37404	52	0
18053	76	53	6700	10	4,1;1,20000	530	39414	53	0
18054	76	54	6940	10	4,1;1,20000	540	41496	54	0
18055	76	55	7180	10	4,1;1,20000	550	43650	55	0
18056	76	56	7420	10	4,1;1,22000	560	45876	56	0
18057	76	57	7660	10	4,1;1,22000	570	48174	57	0
18058	76	58	7900	10	4,1;1,22000	580	50544	58	0
18059	76	59	8140	10	4,1;1,22000	590	52986	59	0
18060	76	60	8380	10	4,1;1,22000	600	55500	60	0
18061	76	61	8660	10	4,1;1,22000	610	58098	61	0
18062	76	62	8940	10	4,1;1,22000	620	60780	61	0
18063	76	63	9220	10	4,1;1,22000	630	63546	61	0
18064	76	64	9500	10	4,1;1,22000	640	66396	61	0
18065	76	65	9780	10	4,1;1,22000	650	69330	61	0
18066	76	66	10060	10	4,1;1,22000	660	72348	61	0
18067	76	67	10340	10	4,1;1,22000	670	75450	61	0
18068	76	68	10620	10	4,1;1,22000	680	78636	61	0
18069	76	69	10900	10	4,1;1,22000	690	81906	61	0
18070	76	70	11180	10	4,1;1,22000	700	85260	61	0
50001	11	1	30	10	4,1;1,0	10	0	50	2
50002	11	2	90	10	4,1;1,0	20	0	50	2
50003	11	3	150	10	4,1;1,0	30	0	50	2
50004	11	4	210	10	4,1;1,0	40	0	50	2
50005	11	5	270	10	4,1;1,0	50	0	50	2
50006	11	6	330	10	4,1;1,0	60	0	50	2
50007	11	7	390	10	4,1;1,0	70	0	50	2
50008	11	8	450	10	4,1;1,0	80	0	50	2
50009	11	9	510	10	4,1;1,0	90	0	50	2
50010	11	10	570	10	4,1;1,0	100	0	50	2
50011	11	11	750	10	4,1;1,0	110	0	50	2
50012	11	12	890	10	4,1;1,0	120	0	50	2
50013	11	13	1020	10	4,1;1,0	130	0	50	2
50014	11	14	1150	10	4,1;1,0	140	0	50	2
50015	11	15	1280	10	4,1;1,0	150	0	50	2
50016	11	16	1410	10	4,1;1,0	160	0	50	2
50017	11	17	1550	10	4,1;1,0	170	0	50	2
50018	11	18	1680	10	4,1;1,0	180	0	50	2
50019	11	19	1810	10	4,1;1,0	190	0	50	2
50020	11	20	1940	10	4,1;1,0	200	3060	50	2
50021	11	21	2140	10	4,1;1,0	210	3450	50	2
50022	11	22	2340	10	4,1;1,0	220	3876	50	2
50023	11	23	2540	10	4,1;1,0	230	4338	50	2
50024	11	24	2730	10	4,1;1,0	240	4836	50	2
50025	11	25	2930	10	4,1;1,0	250	5370	50	2
50026	11	26	3130	10	4,1;1,0	260	5940	50	2
50027	11	27	3330	10	4,1;1,0	270	6546	50	2
50028	11	28	3530	10	4,1;1,0	280	7188	50	2
50029	11	29	3720	10	4,1;1,0	290	7866	50	2
50030	11	30	3920	10	4,1;1,0	300	8580	50	2
50031	11	31	4760	10	4,1;1,0	310	9342	50	2
50032	11	32	5060	10	4,1;1,0	320	10152	50	2
50033	11	33	5360	10	4,1;1,0	330	11010	50	2
50034	11	34	5660	10	4,1;1,0	340	11916	50	2
50035	11	35	5960	10	4,1;1,0	350	12870	50	2
50036	11	36	6260	10	4,1;1,0	360	13872	50	2
50037	11	37	6560	10	4,1;1,0	370	14922	50	2
50038	11	38	6860	10	4,1;1,0	380	16020	50	2
50039	11	39	7160	10	4,1;1,0	390	17166	50	2
50040	11	40	7460	10	4,1;1,0	400	18360	50	2
50041	11	41	9400	10	4,1;1,0	410	19614	50	2
50042	11	42	9850	10	4,1;1,0	420	20928	50	2
50043	11	43	10300	10	4,1;1,0	430	22302	50	2
50044	11	44	10750	10	4,1;1,0	440	23736	50	2
50045	11	45	11200	10	4,1;1,0	450	25230	50	2
50046	11	46	11650	10	4,1;1,0	460	26784	50	2
50047	11	47	12100	10	4,1;1,0	470	28398	50	2
50048	11	48	12550	10	4,1;1,0	480	30072	50	2
50049	11	49	13000	10	4,1;1,0	490	31806	50	2
50050	11	50	13450	10	4,1;1,0	500	33600	50	2
50051	11	51	18660	10	4,1;1,0	510	35466	51	2
50052	11	52	19380	10	4,1;1,0	520	38850	52	2
50053	11	53	20100	10	4,1;1,0	530	41865	53	2
50054	11	54	20820	10	4,1;1,0	540	44988	54	2
50055	11	55	21540	10	4,1;1,0	550	48219	55	2
50056	11	56	22260	10	4,1;1,0	560	51558	56	2
50057	11	57	22980	10	4,1;1,0	570	55005	57	2
50058	11	58	23700	10	4,1;1,0	580	58560	58	2
50059	11	59	24420	10	4,1;1,0	590	62223	59	2
50060	11	60	25140	10	4,1;1,0	600	65994	60	2
50061	11	61	32470	10	4,1;1,0	610	70864	61	2
50062	11	62	33520	10	4,1;1,0	620	75892	61	2
50063	11	63	34570	10	4,1;1,0	630	81078	61	2
50064	11	64	35620	10	4,1;1,0	640	86421	61	2
50065	11	65	36670	10	4,1;1,0	650	91921	61	2
50066	11	66	37720	10	4,1;1,0	660	97579	61	2
50067	11	67	38770	10	4,1;1,0	670	103395	61	2
50068	11	68	39820	10	4,1;1,0	680	109368	61	2
50069	11	69	40870	10	4,1;1,0	690	115498	61	2
50070	11	70	41920	10	4,1;1,0	700	121786	61	2
51001	13	1	30	10	4,1;1,0	10	0	50	3
51002	13	2	90	10	4,1;1,0	20	0	50	3
51003	13	3	150	10	4,1;1,0	30	0	50	3
51004	13	4	210	10	4,1;1,0	40	0	50	3
51005	13	5	270	10	4,1;1,0	50	0	50	3
51006	13	6	330	10	4,1;1,0	60	0	50	3
51007	13	7	390	10	4,1;1,0	70	0	50	3
51008	13	8	450	10	4,1;1,0	80	0	50	3
51009	13	9	510	10	4,1;1,0	90	0	50	3
51010	13	10	570	10	4,1;1,0	100	0	50	3
51011	13	11	750	10	4,1;1,0	110	0	50	3
51012	13	12	890	10	4,1;1,0	120	0	50	3
51013	13	13	1020	10	4,1;1,0	130	0	50	3
51014	13	14	1150	10	4,1;1,0	140	0	50	3
51015	13	15	1280	10	4,1;1,0	150	0	50	3
51016	13	16	1410	10	4,1;1,0	160	0	50	3
51017	13	17	1550	10	4,1;1,0	170	0	50	3
51018	13	18	1680	10	4,1;1,0	180	0	50	3
51019	13	19	1810	10	4,1;1,0	190	0	50	3
51020	13	20	1940	10	4,1;1,0	200	3060	50	3
51021	13	21	2140	10	4,1;1,0	210	3450	50	3
51022	13	22	2340	10	4,1;1,0	220	3876	50	3
51023	13	23	2540	10	4,1;1,0	230	4338	50	3
51024	13	24	2730	10	4,1;1,0	240	4836	50	3
51025	13	25	2930	10	4,1;1,0	250	5370	50	3
51026	13	26	3130	10	4,1;1,0	260	5940	50	3
51027	13	27	3330	10	4,1;1,0	270	6546	50	3
51028	13	28	3530	10	4,1;1,0	280	7188	50	3
51029	13	29	3720	10	4,1;1,0	290	7866	50	3
51030	13	30	3920	10	4,1;1,0	300	8580	50	3
51031	13	31	4760	10	4,1;1,0	310	9342	50	3
51032	13	32	5060	10	4,1;1,0	320	10152	50	3
51033	13	33	5360	10	4,1;1,0	330	11010	50	3
51034	13	34	5660	10	4,1;1,0	340	11916	50	3
51035	13	35	5960	10	4,1;1,0	350	12870	50	3
51036	13	36	6260	10	4,1;1,0	360	13872	50	3
51037	13	37	6560	10	4,1;1,0	370	14922	50	3
51038	13	38	6860	10	4,1;1,0	380	16020	50	3
51039	13	39	7160	10	4,1;1,0	390	17166	50	3
51040	13	40	7460	10	4,1;1,0	400	18360	50	3
51041	13	41	9400	10	4,1;1,0	410	19614	50	3
51042	13	42	9850	10	4,1;1,0	420	20928	50	3
51043	13	43	10300	10	4,1;1,0	430	22302	50	3
51044	13	44	10750	10	4,1;1,0	440	23736	50	3
51045	13	45	11200	10	4,1;1,0	450	25230	50	3
51046	13	46	11650	10	4,1;1,0	460	26784	50	3
51047	13	47	12100	10	4,1;1,0	470	28398	50	3
51048	13	48	12550	10	4,1;1,0	480	30072	50	3
51049	13	49	13000	10	4,1;1,0	490	31806	50	3
51050	13	50	13450	10	4,1;1,0	500	33600	50	3
51051	13	51	18660	10	4,1;1,0	510	35466	51	3
51052	13	52	19380	10	4,1;1,0	520	38850	52	3
51053	13	53	20100	10	4,1;1,0	530	41865	53	3
51054	13	54	20820	10	4,1;1,0	540	44988	54	3
51055	13	55	21540	10	4,1;1,0	550	48219	55	3
51056	13	56	22260	10	4,1;1,0	560	51558	56	3
51057	13	57	22980	10	4,1;1,0	570	55005	57	3
51058	13	58	23700	10	4,1;1,0	580	58560	58	3
51059	13	59	24420	10	4,1;1,0	590	62223	59	3
51060	13	60	25140	10	4,1;1,0	600	65994	60	3
51061	13	61	32470	10	4,1;1,0	610	70864	61	3
51062	13	62	33520	10	4,1;1,0	620	75892	61	3
51063	13	63	34570	10	4,1;1,0	630	81078	61	3
51064	13	64	35620	10	4,1;1,0	640	86421	61	3
51065	13	65	36670	10	4,1;1,0	650	91921	61	3
51066	13	66	37720	10	4,1;1,0	660	97579	61	3
51067	13	67	38770	10	4,1;1,0	670	103395	61	3
51068	13	68	39820	10	4,1;1,0	680	109368	61	3
51069	13	69	40870	10	4,1;1,0	690	115498	61	3
51070	13	70	41920	10	4,1;1,0	700	121786	61	3
52001	12	1	30	10	4,1;1,0	10	0	50	4
52002	12	2	90	10	4,1;1,0	20	0	50	4
52003	12	3	150	10	4,1;1,0	30	0	50	4
52004	12	4	210	10	4,1;1,0	40	0	50	4
52005	12	5	270	10	4,1;1,0	50	0	50	4
52006	12	6	330	10	4,1;1,0	60	0	50	4
52007	12	7	390	10	4,1;1,0	70	0	50	4
52008	12	8	450	10	4,1;1,0	80	0	50	4
52009	12	9	510	10	4,1;1,0	90	0	50	4
52010	12	10	570	10	4,1;1,0	100	0	50	4
52011	12	11	750	10	4,1;1,0	110	0	50	4
52012	12	12	890	10	4,1;1,0	120	0	50	4
52013	12	13	1020	10	4,1;1,0	130	0	50	4
52014	12	14	1150	10	4,1;1,0	140	0	50	4
52015	12	15	1280	10	4,1;1,0	150	0	50	4
52016	12	16	1410	10	4,1;1,0	160	0	50	4
52017	12	17	1550	10	4,1;1,0	170	0	50	4
52018	12	18	1680	10	4,1;1,0	180	0	50	4
52019	12	19	1810	10	4,1;1,0	190	0	50	4
52020	12	20	1940	10	4,1;1,0	200	3060	50	4
52021	12	21	2140	10	4,1;1,0	210	3450	50	4
52022	12	22	2340	10	4,1;1,0	220	3876	50	4
52023	12	23	2540	10	4,1;1,0	230	4338	50	4
52024	12	24	2730	10	4,1;1,0	240	4836	50	4
52025	12	25	2930	10	4,1;1,0	250	5370	50	4
52026	12	26	3130	10	4,1;1,0	260	5940	50	4
52027	12	27	3330	10	4,1;1,0	270	6546	50	4
52028	12	28	3530	10	4,1;1,0	280	7188	50	4
52029	12	29	3720	10	4,1;1,0	290	7866	50	4
52030	12	30	3920	10	4,1;1,0	300	8580	50	4
52031	12	31	4760	10	4,1;1,0	310	9342	50	4
52032	12	32	5060	10	4,1;1,0	320	10152	50	4
52033	12	33	5360	10	4,1;1,0	330	11010	50	4
52034	12	34	5660	10	4,1;1,0	340	11916	50	4
52035	12	35	5960	10	4,1;1,0	350	12870	50	4
52036	12	36	6260	10	4,1;1,0	360	13872	50	4
52037	12	37	6560	10	4,1;1,0	370	14922	50	4
52038	12	38	6860	10	4,1;1,0	380	16020	50	4
52039	12	39	7160	10	4,1;1,0	390	17166	50	4
52040	12	40	7460	10	4,1;1,0	400	18360	50	4
52041	12	41	9400	10	4,1;1,0	410	19614	50	4
52042	12	42	9850	10	4,1;1,0	420	20928	50	4
52043	12	43	10300	10	4,1;1,0	430	22302	50	4
52044	12	44	10750	10	4,1;1,0	440	23736	50	4
52045	12	45	11200	10	4,1;1,0	450	25230	50	4
52046	12	46	11650	10	4,1;1,0	460	26784	50	4
52047	12	47	12100	10	4,1;1,0	470	28398	50	4
52048	12	48	12550	10	4,1;1,0	480	30072	50	4
52049	12	49	13000	10	4,1;1,0	490	31806	50	4
52050	12	50	13450	10	4,1;1,0	500	33600	50	4
52051	12	51	18660	10	4,1;1,0	510	35466	51	4
52052	12	52	19380	10	4,1;1,0	520	38850	52	4
52053	12	53	20100	10	4,1;1,0	530	41865	53	4
52054	12	54	20820	10	4,1;1,0	540	44988	54	4
52055	12	55	21540	10	4,1;1,0	550	48219	55	4
52056	12	56	22260	10	4,1;1,0	560	51558	56	4
52057	12	57	22980	10	4,1;1,0	570	55005	57	4
52058	12	58	23700	10	4,1;1,0	580	58560	58	4
52059	12	59	24420	10	4,1;1,0	590	62223	59	4
52060	12	60	25140	10	4,1;1,0	600	65994	60	4
52061	12	61	32470	10	4,1;1,0	610	70864	61	4
52062	12	62	33520	10	4,1;1,0	620	75892	61	4
52063	12	63	34570	10	4,1;1,0	630	81078	61	4
52064	12	64	35620	10	4,1;1,0	640	86421	61	4
52065	12	65	36670	10	4,1;1,0	650	91921	61	4
52066	12	66	37720	10	4,1;1,0	660	97579	61	4
52067	12	67	38770	10	4,1;1,0	670	103395	61	4
52068	12	68	39820	10	4,1;1,0	680	109368	61	4
52069	12	69	40870	10	4,1;1,0	690	115498	61	4
52070	12	70	41920	10	4,1;1,0	700	121786	61	4
53001	54	1	30	10	4,1;1,0	1	0	50	5
53002	54	2	90	10	4,1;1,0	2	0	50	5
53003	54	3	150	10	4,1;1,0	3	0	50	5
53004	54	4	210	10	4,1;1,0	4	0	50	5
53005	54	5	270	10	4,1;1,0	5	0	50	5
53006	54	6	330	10	4,1;1,0	6	0	50	5
53007	54	7	390	10	4,1;1,0	7	0	50	5
53008	54	8	450	10	4,1;1,0	8	0	50	5
53009	54	9	510	10	4,1;1,0	9	0	50	5
53010	54	10	570	10	4,1;1,0	10	0	50	5
53011	54	11	750	10	4,1;1,0	11	0	50	5
53012	54	12	890	10	4,1;1,0	12	0	50	5
53013	54	13	1020	10	4,1;1,0	13	0	50	5
53014	54	14	1150	10	4,1;1,0	14	0	50	5
53015	54	15	1280	10	4,1;1,0	15	0	50	5
53016	54	16	1410	10	4,1;1,0	16	0	50	5
53017	54	17	1550	10	4,1;1,0	17	0	50	5
53018	54	18	1680	10	4,1;1,0	18	0	50	5
53019	54	19	1810	10	4,1;1,0	19	0	50	5
53020	54	20	1940	10	4,1;1,0	20	3060	50	5
53021	54	21	2140	10	4,1;1,0	21	3450	50	5
53022	54	22	2340	10	4,1;1,0	22	3876	50	5
53023	54	23	2540	10	4,1;1,0	23	4338	50	5
53024	54	24	2730	10	4,1;1,0	24	4836	50	5
53025	54	25	2930	10	4,1;1,0	25	5370	50	5
53026	54	26	3130	10	4,1;1,0	26	5940	50	5
53027	54	27	3330	10	4,1;1,0	27	6546	50	5
53028	54	28	3530	10	4,1;1,0	28	7188	50	5
53029	54	29	3720	10	4,1;1,0	29	7866	50	5
53030	54	30	3920	10	4,1;1,0	30	8580	50	5
53031	54	31	4760	10	4,1;1,0	31	9342	50	5
53032	54	32	5060	10	4,1;1,0	32	10152	50	5
53033	54	33	5360	10	4,1;1,0	33	11010	50	5
53034	54	34	5660	10	4,1;1,0	34	11916	50	5
53035	54	35	5960	10	4,1;1,0	35	12870	50	5
53036	54	36	6260	10	4,1;1,0	36	13872	50	5
53037	54	37	6560	10	4,1;1,0	37	14922	50	5
53038	54	38	6860	10	4,1;1,0	38	16020	50	5
53039	54	39	7160	10	4,1;1,0	39	17166	50	5
53040	54	40	7460	10	4,1;1,0	40	18360	50	5
53041	54	41	9400	10	4,1;1,0	41	19614	50	5
53042	54	42	9850	10	4,1;1,0	42	20928	50	5
53043	54	43	10300	10	4,1;1,0	43	22302	50	5
53044	54	44	10750	10	4,1;1,0	44	23736	50	5
53045	54	45	11200	10	4,1;1,0	45	25230	50	5
53046	54	46	11650	10	4,1;1,0	46	26784	50	5
53047	54	47	12100	10	4,1;1,0	47	28398	50	5
53048	54	48	12550	10	4,1;1,0	48	30072	50	5
53049	54	49	13000	10	4,1;1,0	49	31806	50	5
53050	54	50	13450	10	4,1;1,0	50	33600	50	5
53051	54	51	18660	10	4,1;1,0	51	35466	51	5
53052	54	52	19380	10	4,1;1,0	52	38850	52	5
53053	54	53	20100	10	4,1;1,0	53	41865	53	5
53054	54	54	20820	10	4,1;1,0	54	44988	54	5
53055	54	55	21540	10	4,1;1,0	55	48219	55	5
53056	54	56	22260	10	4,1;1,0	56	51558	56	5
53057	54	57	22980	10	4,1;1,0	57	55005	57	5
53058	54	58	23700	10	4,1;1,0	58	58560	58	5
53059	54	59	24420	10	4,1;1,0	59	62223	59	5
53060	54	60	25140	10	4,1;1,0	60	65994	60	5
53061	54	61	32470	10	4,1;1,0	61	70864	61	5
53062	54	62	33520	10	4,1;1,0	62	75892	61	5
53063	54	63	34570	10	4,1;1,0	63	81078	61	5
53064	54	64	35620	10	4,1;1,0	64	86421	61	5
53065	54	65	36670	10	4,1;1,0	65	91921	61	5
53066	54	66	37720	10	4,1;1,0	66	97579	61	5
53067	54	67	38770	10	4,1;1,0	67	103395	61	5
53068	54	68	39820	10	4,1;1,0	68	109368	61	5
53069	54	69	40870	10	4,1;1,0	69	115498	61	5
53070	54	70	41920	10	4,1;1,0	70	121786	61	5
54001	58	1	30	10	4,1;1,0	1	0	50	6
54002	58	2	90	10	4,1;1,0	2	0	50	6
54003	58	3	150	10	4,1;1,0	3	0	50	6
54004	58	4	210	10	4,1;1,0	4	0	50	6
54005	58	5	270	10	4,1;1,0	5	0	50	6
54006	58	6	330	10	4,1;1,0	6	0	50	6
54007	58	7	390	10	4,1;1,0	7	0	50	6
54008	58	8	450	10	4,1;1,0	8	0	50	6
54009	58	9	510	10	4,1;1,0	9	0	50	6
54010	58	10	570	10	4,1;1,0	10	0	50	6
54011	58	11	750	10	4,1;1,0	11	0	50	6
54012	58	12	890	10	4,1;1,0	12	0	50	6
54013	58	13	1020	10	4,1;1,0	13	0	50	6
54014	58	14	1150	10	4,1;1,0	14	0	50	6
54015	58	15	1280	10	4,1;1,0	15	0	50	6
54016	58	16	1410	10	4,1;1,0	16	0	50	6
54017	58	17	1550	10	4,1;1,0	17	0	50	6
54018	58	18	1680	10	4,1;1,0	18	0	50	6
54019	58	19	1810	10	4,1;1,0	19	0	50	6
54020	58	20	1940	10	4,1;1,0	20	3060	50	6
54021	58	21	2140	10	4,1;1,0	21	3450	50	6
54022	58	22	2340	10	4,1;1,0	22	3876	50	6
54023	58	23	2540	10	4,1;1,0	23	4338	50	6
54024	58	24	2730	10	4,1;1,0	24	4836	50	6
54025	58	25	2930	10	4,1;1,0	25	5370	50	6
54026	58	26	3130	10	4,1;1,0	26	5940	50	6
54027	58	27	3330	10	4,1;1,0	27	6546	50	6
54028	58	28	3530	10	4,1;1,0	28	7188	50	6
54029	58	29	3720	10	4,1;1,0	29	7866	50	6
54030	58	30	3920	10	4,1;1,0	30	8580	50	6
54031	58	31	4760	10	4,1;1,0	31	9342	50	6
54032	58	32	5060	10	4,1;1,0	32	10152	50	6
54033	58	33	5360	10	4,1;1,0	33	11010	50	6
54034	58	34	5660	10	4,1;1,0	34	11916	50	6
54035	58	35	5960	10	4,1;1,0	35	12870	50	6
54036	58	36	6260	10	4,1;1,0	36	13872	50	6
54037	58	37	6560	10	4,1;1,0	37	14922	50	6
54038	58	38	6860	10	4,1;1,0	38	16020	50	6
54039	58	39	7160	10	4,1;1,0	39	17166	50	6
54040	58	40	7460	10	4,1;1,0	40	18360	50	6
54041	58	41	9400	10	4,1;1,0	41	19614	50	6
54042	58	42	9850	10	4,1;1,0	42	20928	50	6
54043	58	43	10300	10	4,1;1,0	43	22302	50	6
54044	58	44	10750	10	4,1;1,0	44	23736	50	6
54045	58	45	11200	10	4,1;1,0	45	25230	50	6
54046	58	46	11650	10	4,1;1,0	46	26784	50	6
54047	58	47	12100	10	4,1;1,0	47	28398	50	6
54048	58	48	12550	10	4,1;1,0	48	30072	50	6
54049	58	49	13000	10	4,1;1,0	49	31806	50	6
54050	58	50	13450	10	4,1;1,0	50	33600	50	6
54051	58	51	18660	10	4,1;1,0	51	35466	51	6
54052	58	52	19380	10	4,1;1,0	52	38850	52	6
54053	58	53	20100	10	4,1;1,0	53	41865	53	6
54054	58	54	20820	10	4,1;1,0	54	44988	54	6
54055	58	55	21540	10	4,1;1,0	55	48219	55	6
54056	58	56	22260	10	4,1;1,0	56	51558	56	6
54057	58	57	22980	10	4,1;1,0	57	55005	57	6
54058	58	58	23700	10	4,1;1,0	58	58560	58	6
54059	58	59	24420	10	4,1;1,0	59	62223	59	6
54060	58	60	25140	10	4,1;1,0	60	65994	60	6
54061	58	61	32470	10	4,1;1,0	61	70864	61	6
54062	58	62	33520	10	4,1;1,0	62	75892	61	6
54063	58	63	34570	10	4,1;1,0	63	81078	61	6
54064	58	64	35620	10	4,1;1,0	64	86421	61	6
54065	58	65	36670	10	4,1;1,0	65	91921	61	6
54066	58	66	37720	10	4,1;1,0	66	97579	61	6
54067	58	67	38770	10	4,1;1,0	67	103395	61	6
54068	58	68	39820	10	4,1;1,0	68	109368	61	6
54069	58	69	40870	10	4,1;1,0	69	115498	61	6
54070	58	70	41920	10	4,1;1,0	70	121786	61	6
55001	64	1	30	10	4,1;1,0	1	0	50	7
55002	64	2	90	10	4,1;1,0	2	0	50	7
55003	64	3	150	10	4,1;1,0	3	0	50	7
55004	64	4	210	10	4,1;1,0	4	0	50	7
55005	64	5	270	10	4,1;1,0	5	0	50	7
55006	64	6	330	10	4,1;1,0	6	0	50	7
55007	64	7	390	10	4,1;1,0	7	0	50	7
55008	64	8	450	10	4,1;1,0	8	0	50	7
55009	64	9	510	10	4,1;1,0	9	0	50	7
55010	64	10	570	10	4,1;1,0	10	0	50	7
55011	64	11	750	10	4,1;1,0	11	0	50	7
55012	64	12	890	10	4,1;1,0	12	0	50	7
55013	64	13	1020	10	4,1;1,0	13	0	50	7
55014	64	14	1150	10	4,1;1,0	14	0	50	7
55015	64	15	1280	10	4,1;1,0	15	0	50	7
55016	64	16	1410	10	4,1;1,0	16	0	50	7
55017	64	17	1550	10	4,1;1,0	17	0	50	7
55018	64	18	1680	10	4,1;1,0	18	0	50	7
55019	64	19	1810	10	4,1;1,0	19	0	50	7
55020	64	20	1940	10	4,1;1,0	20	3060	50	7
55021	64	21	2140	10	4,1;1,0	21	3450	50	7
55022	64	22	2340	10	4,1;1,0	22	3876	50	7
55023	64	23	2540	10	4,1;1,0	23	4338	50	7
55024	64	24	2730	10	4,1;1,0	24	4836	50	7
55025	64	25	2930	10	4,1;1,0	25	5370	50	7
55026	64	26	3130	10	4,1;1,0	26	5940	50	7
55027	64	27	3330	10	4,1;1,0	27	6546	50	7
55028	64	28	3530	10	4,1;1,0	28	7188	50	7
55029	64	29	3720	10	4,1;1,0	29	7866	50	7
55030	64	30	3920	10	4,1;1,0	30	8580	50	7
55031	64	31	4760	10	4,1;1,0	31	9342	50	7
55032	64	32	5060	10	4,1;1,0	32	10152	50	7
55033	64	33	5360	10	4,1;1,0	33	11010	50	7
55034	64	34	5660	10	4,1;1,0	34	11916	50	7
55035	64	35	5960	10	4,1;1,0	35	12870	50	7
55036	64	36	6260	10	4,1;1,0	36	13872	50	7
55037	64	37	6560	10	4,1;1,0	37	14922	50	7
55038	64	38	6860	10	4,1;1,0	38	16020	50	7
55039	64	39	7160	10	4,1;1,0	39	17166	50	7
55040	64	40	7460	10	4,1;1,0	40	18360	50	7
55041	64	41	9400	10	4,1;1,0	41	19614	50	7
55042	64	42	9850	10	4,1;1,0	42	20928	50	7
55043	64	43	10300	10	4,1;1,0	43	22302	50	7
55044	64	44	10750	10	4,1;1,0	44	23736	50	7
55045	64	45	11200	10	4,1;1,0	45	25230	50	7
55046	64	46	11650	10	4,1;1,0	46	26784	50	7
55047	64	47	12100	10	4,1;1,0	47	28398	50	7
55048	64	48	12550	10	4,1;1,0	48	30072	50	7
55049	64	49	13000	10	4,1;1,0	49	31806	50	7
55050	64	50	13450	10	4,1;1,0	50	33600	50	7
55051	64	51	18660	10	4,1;1,0	51	35466	51	7
55052	64	52	19380	10	4,1;1,0	52	38850	52	7
55053	64	53	20100	10	4,1;1,0	53	41865	53	7
55054	64	54	20820	10	4,1;1,0	54	44988	54	7
55055	64	55	21540	10	4,1;1,0	55	48219	55	7
55056	64	56	22260	10	4,1;1,0	56	51558	56	7
55057	64	57	22980	10	4,1;1,0	57	55005	57	7
55058	64	58	23700	10	4,1;1,0	58	58560	58	7
55059	64	59	24420	10	4,1;1,0	59	62223	59	7
55060	64	60	25140	10	4,1;1,0	60	65994	60	7
55061	64	61	32470	10	4,1;1,0	61	70864	61	7
55062	64	62	33520	10	4,1;1,0	62	75892	61	7
55063	64	63	34570	10	4,1;1,0	63	81078	61	7
55064	64	64	35620	10	4,1;1,0	64	86421	61	7
55065	64	65	36670	10	4,1;1,0	65	91921	61	7
55066	64	66	37720	10	4,1;1,0	66	97579	61	7
55067	64	67	38770	10	4,1;1,0	67	103395	61	7
55068	64	68	39820	10	4,1;1,0	68	109368	61	7
55069	64	69	40870	10	4,1;1,0	69	115498	61	7
55070	64	70	41920	10	4,1;1,0	70	121786	61	7
