渔场id
int
FishingId
10010101
10010102
10010103
10010201
10010202
10010301
10010302
10010303
10010101
10010102
10010103
10010201
10010202
10010301
10010302
10010303
10010101
10010102
10010103
10010201
10010202
10010301
10010302
10010303
10010101
10010102
10010103
10010201
10010202
10010301
10010302
10010303
10010101
10010102
10010103
10010201
10010202
10010301
10010302
10010303
10010101
10010102
10010103
10010201
10010202
10010301
10010302
10010303
10010101
10010102
10010103
10010201
10010202
10010301
10010302
10010303
10010101
10010102
10010103
10010201
10010202
10010301
10010302
10010303
10010101
10010102
10010103
10010201
10010202
10010301
10010302
10010303
10010101
10010102
10010103
10010201
10010202
10010301
10010302
10010303
10010101
10010102
10010103
10010201
10010202
10010301
10010302
10010303
10010101
10010101
10010101
