ID	属性id	等级下限	等级上限	属性1类型	属性1下限	属性1上限	属性2类型	属性2下限	属性2上限	属性3类型	属性3下限	属性3上限	属性4类型	属性4下限	属性4上限	属性5类型	属性5下限	属性5上限	评分类型	评分数值
int	int	int	int	int	int	int	int	int	int	int	int	int	int	int	int	int	int	int	int	int
Id	AttId	MinLv	MaxLv	Att1Type	Att1MinValue	Att1MaxValue	Att2Type	Att2MinValue	Att2MaxValue	Att3Type	Att3MinValue	Att3MaxValue	Att4Type	Att4MinValue	Att4MaxValue	Att5Type	Att5MinValue	Att5MaxValue	CPType	CPValue
1	1011	30	9999	3	25	50	0	0	0	0	0	0	0	0	0	0	0	0	1	6
2	1021	30	9999	1	250	500	0	0	0	0	0	0	0	0	0	0	0	0	1	6
3	1031	30	9999	4	25	50	0	0	0	0	0	0	0	0	0	0	0	0	1	6
4	1041	30	9999	23	62	125	0	0	0	0	0	0	0	0	0	0	0	0	1	6
5	1051	30	9999	1	250	500	0	0	0	0	0	0	0	0	0	0	0	0	1	6
6	1061	30	9999	24	62	125	0	0	0	0	0	0	0	0	0	0	0	0	1	6
7	1071	30	9999	272	100	100	0	0	0	0	0	0	0	0	0	0	0	0	0	0
8	5011	40	9999	3	50	100	0	0	0	0	0	0	0	0	0	0	0	0	1	6
9	5021	40	9999	1	500	1000	0	0	0	0	0	0	0	0	0	0	0	0	1	6
10	5031	40	9999	4	50	100	0	0	0	0	0	0	0	0	0	0	0	0	1	6
11	5041	40	9999	23	125	250	0	0	0	0	0	0	0	0	0	0	0	0	1	6
12	5051	40	9999	1	500	1000	0	0	0	0	0	0	0	0	0	0	0	0	1	6
13	5061	40	9999	24	125	250	0	0	0	0	0	0	0	0	0	0	0	0	1	6
14	5071	40	9999	25	125	250	0	0	0	0	0	0	0	0	0	0	0	0	1	6
15	5081	40	9999	1	500	1000	0	0	0	0	0	0	0	0	0	0	0	0	1	6
16	5091	40	9999	26	125	250	0	0	0	0	0	0	0	0	0	0	0	0	1	6
17	5101	40	9999	273	1	1	0	0	0	0	0	0	0	0	0	0	0	0	0	0
18	10011	50	9999	3	75	200	32	50	100	0	0	0	0	0	0	0	0	0	1	6
19	10021	50	9999	1	750	2000	11	75	200	0	0	0	0	0	0	0	0	0	1	6
20	10031	50	9999	4	75	200	33	50	100	0	0	0	0	0	0	0	0	0	1	6
21	10041	50	9999	3	75	200	51	50	100	0	0	0	0	0	0	0	0	0	1	6
22	10051	50	9999	1	750	2000	11	75	200	0	0	0	0	0	0	0	0	0	1	6
23	10061	50	9999	4	75	200	35	50	100	0	0	0	0	0	0	0	0	0	1	6
24	10071	50	9999	3	75	200	34	50	100	0	0	0	0	0	0	0	0	0	1	6
25	10081	50	9999	1	750	2000	11	75	200	0	0	0	0	0	0	0	0	0	1	6
26	10091	50	9999	4	75	200	35	50	100	0	0	0	0	0	0	0	0	0	1	6
27	10101	50	9999	3	75	200	51	50	100	0	0	0	0	0	0	0	0	0	1	6
28	10111	50	9999	1	750	2000	11	75	200	0	0	0	0	0	0	0	0	0	1	6
29	10121	50	9999	4	75	200	52	50	100	0	0	0	0	0	0	0	0	0	1	6
30	10131	50	9999	272	100	100	0	0	0	0	0	0	0	0	0	0	0	0	0	0
31	10141	50	9999	272	100	200	0	0	0	0	0	0	0	0	0	0	0	0	0	0
32	10151	50	9999	3	75	200	12	50	100	0	0	0	0	0	0	0	0	0	1	6
33	10161	50	9999	1	750	2000	11	75	200	0	0	0	0	0	0	0	0	0	1	6
34	10171	50	9999	4	75	200	35	50	100	0	0	0	0	0	0	0	0	0	1	6
35	15011	60	9999	3	200	400	12	100	200	0	0	0	0	0	0	0	0	0	1	6
36	15021	60	9999	1	2000	4000	11	200	300	0	0	0	0	0	0	0	0	0	1	6
37	15031	60	9999	4	200	400	13	100	200	0	0	0	0	0	0	0	0	0	1	6
38	15041	60	9999	3	200	400	32	100	200	0	0	0	0	0	0	0	0	0	1	6
39	15051	60	9999	1	2000	4000	11	200	300	0	0	0	0	0	0	0	0	0	1	6
40	15061	60	9999	4	200	400	52	100	200	0	0	0	0	0	0	0	0	0	1	6
41	15071	60	9999	3	200	400	34	100	200	0	0	0	0	0	0	0	0	0	1	6
42	15081	60	9999	1	2000	4000	11	200	300	0	0	0	0	0	0	0	0	0	1	6
43	15091	60	9999	4	200	400	35	100	200	0	0	0	0	0	0	0	0	0	1	6
44	15101	60	9999	3	200	400	51	100	200	0	0	0	0	0	0	0	0	0	1	6
45	15111	60	9999	1	2000	4000	11	200	300	0	0	0	0	0	0	0	0	0	1	6
46	15121	60	9999	3	200	400	32	100	200	0	0	0	0	0	0	0	0	0	1	6
47	15131	60	9999	1	2000	4000	11	200	300	0	0	0	0	0	0	0	0	0	1	6
48	15141	60	9999	4	200	400	52	100	200	0	0	0	0	0	0	0	0	0	1	6
49	15151	60	9999	4	200	400	33	100	200	0	0	0	0	0	0	0	0	0	1	6
50	15161	60	9999	273	1	1	0	0	0	0	0	0	0	0	0	0	0	0	1	6
51	20011	70	9999	3	400	600	12	200	300	0	0	0	0	0	0	0	0	0	1	6
52	20021	70	9999	3	400	600	34	200	300	0	0	0	0	0	0	0	0	0	1	6
53	20031	70	9999	1	4000	6000	11	350	500	0	0	0	0	0	0	0	0	0	1	6
54	20041	70	9999	4	400	600	13	200	300	0	0	0	0	0	0	0	0	0	1	6
55	20051	70	9999	3	400	600	51	200	300	0	0	0	0	0	0	0	0	0	1	6
56	20061	70	9999	1	4000	6000	11	350	500	0	0	0	0	0	0	0	0	0	1	6
57	20071	70	9999	4	400	600	35	200	300	0	0	0	0	0	0	0	0	0	1	6
58	20081	70	9999	3	400	600	51	200	300	0	0	0	0	0	0	0	0	0	1	6
59	20091	70	9999	1	4000	6000	11	350	500	0	0	0	0	0	0	0	0	0	1	6
60	20101	70	9999	4	400	600	33	200	300	0	0	0	0	0	0	0	0	0	1	6
61	20111	70	9999	3	400	600	34	200	300	0	0	0	0	0	0	0	0	0	1	6
62	20121	70	9999	1	4000	6000	11	350	500	0	0	0	0	0	0	0	0	0	1	6
63	20131	70	9999	4	400	600	52	200	300	0	0	0	0	0	0	0	0	0	1	6
64	20141	70	9999	1	4000	6000	11	350	500	0	0	0	0	0	0	0	0	0	1	6
65	20151	70	9999	4	400	600	33	200	300	0	0	0	0	0	0	0	0	0	1	6
66	20161	70	9999	3	400	600	12	200	300	0	0	0	0	0	0	0	0	0	1	6
67	20171	70	9999	1	4000	6000	11	350	500	0	0	0	0	0	0	0	0	0	1	6
68	20181	70	9999	4	400	600	52	200	300	0	0	0	0	0	0	0	0	0	1	6
69	20191	70	9999	272	100	300	0	0	0	0	0	0	0	0	0	0	0	0	0	0
70	1012	30	9999	3	40	80	0	0	0	0	0	0	0	0	0	0	0	0	1	6
71	1022	30	9999	1	400	800	0	0	0	0	0	0	0	0	0	0	0	0	1	6
72	1032	30	9999	4	40	80	0	0	0	0	0	0	0	0	0	0	0	0	1	6
73	1042	30	9999	23	100	200	0	0	0	0	0	0	0	0	0	0	0	0	1	6
74	1052	30	9999	1	400	800	0	0	0	0	0	0	0	0	0	0	0	0	1	6
75	1062	30	9999	24	100	200	0	0	0	0	0	0	0	0	0	0	0	0	1	6
76	1072	30	9999	272	200	300	0	0	0	0	0	0	0	0	0	0	0	0	0	0
77	5012	40	9999	3	80	160	0	0	0	0	0	0	0	0	0	0	0	0	1	6
78	5022	40	9999	1	800	1600	0	0	0	0	0	0	0	0	0	0	0	0	1	6
79	5032	40	9999	4	80	160	0	0	0	0	0	0	0	0	0	0	0	0	1	6
80	5042	40	9999	23	200	400	0	0	0	0	0	0	0	0	0	0	0	0	1	6
81	5052	40	9999	1	800	1600	0	0	0	0	0	0	0	0	0	0	0	0	1	6
82	5062	40	9999	24	200	400	0	0	0	0	0	0	0	0	0	0	0	0	1	6
83	5072	40	9999	25	200	400	0	0	0	0	0	0	0	0	0	0	0	0	1	6
84	5082	40	9999	1	800	1600	0	0	0	0	0	0	0	0	0	0	0	0	1	6
85	5092	40	9999	26	200	400	0	0	0	0	0	0	0	0	0	0	0	0	1	6
86	5102	40	9999	273	1	1	0	0	0	0	0	0	0	0	0	0	0	0	1	6
87	10012	50	9999	3	120	320	32	80	160	0	0	0	0	0	0	0	0	0	1	6
88	10022	50	9999	1	1200	3200	11	120	320	0	0	0	0	0	0	0	0	0	1	6
89	10032	50	9999	4	120	320	33	80	160	0	0	0	0	0	0	0	0	0	1	6
90	10042	50	9999	3	120	320	51	80	160	0	0	0	0	0	0	0	0	0	1	6
91	10052	50	9999	1	1200	3200	11	120	320	0	0	0	0	0	0	0	0	0	1	6
92	10062	50	9999	4	120	320	35	80	160	0	0	0	0	0	0	0	0	0	1	6
93	10072	50	9999	3	120	320	34	80	160	0	0	0	0	0	0	0	0	0	1	6
94	10082	50	9999	1	1200	3200	11	120	320	0	0	0	0	0	0	0	0	0	1	6
95	10092	50	9999	4	120	320	35	80	160	0	0	0	0	0	0	0	0	0	1	6
96	10102	50	9999	3	120	320	51	80	160	0	0	0	0	0	0	0	0	0	1	6
97	10112	50	9999	1	1200	3200	11	120	320	0	0	0	0	0	0	0	0	0	1	6
98	10122	50	9999	4	120	320	52	80	160	0	0	0	0	0	0	0	0	0	1	6
99	10132	50	9999	272	200	300	0	0	0	0	0	0	0	0	0	0	0	0	0	0
100	10142	50	9999	272	300	400	0	0	0	0	0	0	0	0	0	0	0	0	0	0
101	10152	50	9999	3	120	320	12	80	160	0	0	0	0	0	0	0	0	0	1	6
102	10162	50	9999	1	1200	3200	11	120	320	0	0	0	0	0	0	0	0	0	1	6
103	10172	50	9999	4	120	320	35	80	160	0	0	0	0	0	0	0	0	0	1	6
104	15012	60	9999	3	320	640	12	160	320	0	0	0	0	0	0	0	0	0	1	6
105	15022	60	9999	1	3200	6400	11	320	480	0	0	0	0	0	0	0	0	0	1	6
106	15032	60	9999	4	320	640	13	160	320	0	0	0	0	0	0	0	0	0	1	6
107	15042	60	9999	3	320	640	32	160	320	0	0	0	0	0	0	0	0	0	1	6
108	15052	60	9999	1	3200	6400	11	320	480	0	0	0	0	0	0	0	0	0	1	6
109	15062	60	9999	4	320	640	52	160	320	0	0	0	0	0	0	0	0	0	1	6
110	15072	60	9999	3	320	640	34	160	320	0	0	0	0	0	0	0	0	0	1	6
111	15082	60	9999	1	3200	6400	11	320	480	0	0	0	0	0	0	0	0	0	1	6
112	15092	60	9999	4	320	640	35	160	320	0	0	0	0	0	0	0	0	0	1	6
113	15102	60	9999	3	320	640	51	160	320	0	0	0	0	0	0	0	0	0	1	6
114	15112	60	9999	1	3200	6400	11	320	480	0	0	0	0	0	0	0	0	0	1	6
115	15122	60	9999	3	320	640	32	160	320	0	0	0	0	0	0	0	0	0	1	6
116	15132	60	9999	1	3200	6400	11	320	480	0	0	0	0	0	0	0	0	0	1	6
117	15142	60	9999	4	320	640	52	160	320	0	0	0	0	0	0	0	0	0	1	6
118	15152	60	9999	4	320	640	33	160	320	0	0	0	0	0	0	0	0	0	1	6
119	15162	60	9999	273	1	2	0	0	0	0	0	0	0	0	0	0	0	0	0	0
120	20012	70	9999	3	640	960	12	320	480	0	0	0	0	0	0	0	0	0	1	6
121	20022	70	9999	3	640	960	34	320	480	0	0	0	0	0	0	0	0	0	1	6
122	20032	70	9999	1	6400	9600	11	560	800	0	0	0	0	0	0	0	0	0	1	6
123	20042	70	9999	4	640	960	13	320	480	0	0	0	0	0	0	0	0	0	1	6
124	20052	70	9999	3	640	960	51	320	480	0	0	0	0	0	0	0	0	0	1	6
125	20062	70	9999	1	6400	9600	11	560	800	0	0	0	0	0	0	0	0	0	1	6
126	20072	70	9999	4	640	960	35	320	480	0	0	0	0	0	0	0	0	0	1	6
127	20082	70	9999	3	640	960	51	320	480	0	0	0	0	0	0	0	0	0	1	6
128	20092	70	9999	1	6400	9600	11	560	800	0	0	0	0	0	0	0	0	0	1	6
129	20102	70	9999	4	640	960	33	320	480	0	0	0	0	0	0	0	0	0	1	6
130	20112	70	9999	3	640	960	34	320	480	0	0	0	0	0	0	0	0	0	1	6
131	20122	70	9999	1	6400	9600	11	560	800	0	0	0	0	0	0	0	0	0	1	6
132	20132	70	9999	4	640	960	52	320	480	0	0	0	0	0	0	0	0	0	1	6
133	20142	70	9999	1	6400	9600	11	560	800	0	0	0	0	0	0	0	0	0	1	6
134	20152	70	9999	4	640	960	33	320	480	0	0	0	0	0	0	0	0	0	1	6
135	20162	70	9999	3	640	960	12	320	480	0	0	0	0	0	0	0	0	0	1	6
136	20172	70	9999	1	6400	9600	11	560	800	0	0	0	0	0	0	0	0	0	1	6
137	20182	70	9999	4	640	960	52	320	480	0	0	0	0	0	0	0	0	0	1	6
138	20192	70	9999	272	400	800	0	0	0	0	0	0	0	0	0	0	0	0	0	0
139	1013	30	9999	3	50	100	0	0	0	0	0	0	0	0	0	0	0	0	1	6
140	1023	30	9999	1	500	1000	0	0	0	0	0	0	0	0	0	0	0	0	1	6
141	1033	30	9999	4	50	100	0	0	0	0	0	0	0	0	0	0	0	0	1	6
142	1043	30	9999	23	125	250	0	0	0	0	0	0	0	0	0	0	0	0	1	6
143	1053	30	9999	1	500	1000	0	0	0	0	0	0	0	0	0	0	0	0	1	6
144	1063	30	9999	24	125	250	0	0	0	0	0	0	0	0	0	0	0	0	1	6
145	1073	30	9999	272	300	500	0	0	0	0	0	0	0	0	0	0	0	0	0	0
146	5013	40	9999	3	100	200	0	0	0	0	0	0	0	0	0	0	0	0	1	6
147	5023	40	9999	1	1000	2000	0	0	0	0	0	0	0	0	0	0	0	0	1	6
148	5033	40	9999	4	100	200	0	0	0	0	0	0	0	0	0	0	0	0	1	6
149	5043	40	9999	23	250	500	0	0	0	0	0	0	0	0	0	0	0	0	1	6
150	5053	40	9999	1	1000	2000	0	0	0	0	0	0	0	0	0	0	0	0	1	6
151	5063	40	9999	24	250	500	0	0	0	0	0	0	0	0	0	0	0	0	1	6
152	5073	40	9999	25	250	500	0	0	0	0	0	0	0	0	0	0	0	0	1	6
153	5083	40	9999	1	1000	2000	0	0	0	0	0	0	0	0	0	0	0	0	1	6
154	5093	40	9999	26	250	500	0	0	0	0	0	0	0	0	0	0	0	0	1	6
155	5103	40	9999	273	2	2	0	0	0	0	0	0	0	0	0	0	0	0	0	0
156	10013	50	9999	3	150	400	32	100	200	0	0	0	0	0	0	0	0	0	1	6
157	10023	50	9999	1	1500	4000	11	150	400	0	0	0	0	0	0	0	0	0	1	6
158	10033	50	9999	4	150	400	33	100	200	0	0	0	0	0	0	0	0	0	1	6
159	10043	50	9999	3	150	400	51	100	200	0	0	0	0	0	0	0	0	0	1	6
160	10053	50	9999	1	1500	4000	11	150	400	0	0	0	0	0	0	0	0	0	1	6
161	10063	50	9999	4	150	400	35	100	200	0	0	0	0	0	0	0	0	0	1	6
162	10073	50	9999	3	150	400	34	100	200	0	0	0	0	0	0	0	0	0	1	6
163	10083	50	9999	1	1500	4000	11	150	400	0	0	0	0	0	0	0	0	0	1	6
164	10093	50	9999	4	150	400	35	100	200	0	0	0	0	0	0	0	0	0	1	6
165	10103	50	9999	3	150	400	51	100	200	0	0	0	0	0	0	0	0	0	1	6
166	10113	50	9999	1	1500	4000	11	150	400	0	0	0	0	0	0	0	0	0	1	6
167	10123	50	9999	4	150	400	52	100	200	0	0	0	0	0	0	0	0	0	1	6
168	10133	50	9999	272	300	800	0	0	0	0	0	0	0	0	0	0	0	0	0	0
169	10143	50	9999	272	400	500	0	0	0	0	0	0	0	0	0	0	0	0	0	0
170	10153	50	9999	3	150	400	12	100	200	0	0	0	0	0	0	0	0	0	1	6
171	10163	50	9999	1	1500	4000	11	150	400	0	0	0	0	0	0	0	0	0	1	6
172	10173	50	9999	4	150	400	35	100	200	0	0	0	0	0	0	0	0	0	1	6
173	15013	60	9999	3	400	800	12	200	400	0	0	0	0	0	0	0	0	0	1	6
174	15023	60	9999	1	4000	8000	11	400	600	0	0	0	0	0	0	0	0	0	1	6
175	15033	60	9999	4	400	800	13	200	400	0	0	0	0	0	0	0	0	0	1	6
176	15043	60	9999	3	400	800	32	200	400	0	0	0	0	0	0	0	0	0	1	6
177	15053	60	9999	1	4000	8000	11	400	600	0	0	0	0	0	0	0	0	0	1	6
178	15063	60	9999	4	400	800	52	200	400	0	0	0	0	0	0	0	0	0	1	6
179	15073	60	9999	3	400	800	34	200	400	0	0	0	0	0	0	0	0	0	1	6
180	15083	60	9999	1	4000	8000	11	400	600	0	0	0	0	0	0	0	0	0	1	6
181	15093	60	9999	4	400	800	35	200	400	0	0	0	0	0	0	0	0	0	1	6
182	15103	60	9999	3	400	800	51	200	400	0	0	0	0	0	0	0	0	0	1	6
183	15113	60	9999	1	4000	8000	11	400	600	0	0	0	0	0	0	0	0	0	1	6
184	15123	60	9999	3	400	800	32	200	400	0	0	0	0	0	0	0	0	0	1	6
185	15133	60	9999	1	4000	8000	11	400	600	0	0	0	0	0	0	0	0	0	1	6
186	15143	60	9999	4	400	800	52	200	400	0	0	0	0	0	0	0	0	0	1	6
187	15153	60	9999	4	400	800	33	200	400	0	0	0	0	0	0	0	0	0	1	6
188	15163	60	9999	273	2	3	0	0	0	0	0	0	0	0	0	0	0	0	0	0
189	20013	70	9999	3	800	1200	12	400	600	0	0	0	0	0	0	0	0	0	1	6
190	20023	70	9999	3	800	1200	34	400	600	0	0	0	0	0	0	0	0	0	1	6
191	20033	70	9999	1	8000	12000	11	700	1000	0	0	0	0	0	0	0	0	0	1	6
192	20043	70	9999	4	800	1200	13	400	600	0	0	0	0	0	0	0	0	0	1	6
193	20053	70	9999	3	800	1200	51	400	600	0	0	0	0	0	0	0	0	0	1	6
194	20063	70	9999	1	8000	12000	11	700	1000	0	0	0	0	0	0	0	0	0	1	6
195	20073	70	9999	4	800	1200	35	400	600	0	0	0	0	0	0	0	0	0	1	6
196	20083	70	9999	3	800	1200	51	400	600	0	0	0	0	0	0	0	0	0	1	6
197	20093	70	9999	1	8000	12000	11	700	1000	0	0	0	0	0	0	0	0	0	1	6
198	20103	70	9999	4	800	1200	33	400	600	0	0	0	0	0	0	0	0	0	1	6
199	20113	70	9999	3	800	1200	34	400	600	0	0	0	0	0	0	0	0	0	1	6
200	20123	70	9999	1	8000	12000	11	700	1000	0	0	0	0	0	0	0	0	0	1	6
201	20133	70	9999	4	800	1200	52	400	600	0	0	0	0	0	0	0	0	0	1	6
202	20143	70	9999	1	8000	12000	11	700	1000	0	0	0	0	0	0	0	0	0	1	6
203	20153	70	9999	4	800	1200	33	400	600	0	0	0	0	0	0	0	0	0	1	6
204	20163	70	9999	3	800	1200	12	400	600	0	0	0	0	0	0	0	0	0	1	6
205	20173	70	9999	1	8000	12000	11	700	1000	0	0	0	0	0	0	0	0	0	1	6
206	20183	70	9999	4	800	1200	52	400	600	0	0	0	0	0	0	0	0	0	1	6
207	20193	70	9999	272	900	1000	0	0	0	0	0	0	0	0	0	0	0	0	0	0
208	5010	30	9999	3	200	200	23	500	500	0	0	0	0	0	0	0	0	0	1	6
209	5010	20	29	3	33	33	23	83	83	0	0	0	0	0	0	0	0	0	1	6
210	5010	10	19	3	16	16	23	41	41	0	0	0	0	0	0	0	0	0	1	6
211	5010	1	9	3	0	0	23	0	0	0	0	0	0	0	0	0	0	0	1	6
212	5020	30	9999	4	200	200	24	500	500	0	0	0	0	0	0	0	0	0	1	6
213	5020	20	29	4	33	33	24	83	83	0	0	0	0	0	0	0	0	0	1	6
214	5020	10	19	4	16	16	24	41	41	0	0	0	0	0	0	0	0	0	1	6
215	5020	1	9	4	0	0	24	0	0	0	0	0	0	0	0	0	0	0	1	6
216	5030	30	9999	1	2000	2000	4	200	200	0	0	0	0	0	0	0	0	0	1	6
217	5030	20	29	1	333	333	4	33	33	0	0	0	0	0	0	0	0	0	1	6
218	5030	10	19	1	166	166	4	16	16	0	0	0	0	0	0	0	0	0	1	6
219	5030	1	9	1	0	0	4	0	0	0	0	0	0	0	0	0	0	0	1	6
220	10010	40	9999	3	400	400	32	200	200	34	200	200	0	0	0	0	0	0	1	6
221	10010	30	39	3	92	92	32	46	46	34	46	46	0	0	0	0	0	0	1	6
222	10010	20	29	3	61	61	32	30	30	34	30	30	0	0	0	0	0	0	1	6
223	10010	10	19	3	30	30	32	15	15	34	15	15	0	0	0	0	0	0	1	6
224	10010	1	9	3	0	0	32	0	0	34	0	0	0	0	0	0	0	0	1	6
225	10020	50	9999	4	400	400	52	200	200	33	200	200	0	0	0	0	0	0	1	6
226	10020	40	49	4	123	123	52	61	61	33	61	61	0	0	0	0	0	0	1	6
227	10020	30	39	4	92	92	52	46	46	33	46	46	0	0	0	0	0	0	1	6
228	10020	20	29	4	61	61	52	30	30	33	30	30	0	0	0	0	0	0	1	6
229	10020	10	19	4	30	30	52	15	15	33	15	15	0	0	0	0	0	0	1	6
230	10020	1	9	4	0	0	52	0	0	33	0	0	0	0	0	0	0	0	1	6
231	10030	50	9999	1	4000	4000	11	400	400	13	200	200	0	0	0	0	0	0	1	6
232	10030	40	49	1	1230	1230	11	123	123	11	61	61	0	0	0	0	0	0	1	6
233	10030	30	39	1	923	923	11	92	92	11	46	46	0	0	0	0	0	0	1	6
234	10030	20	29	1	615	615	11	61	61	11	30	30	0	0	0	0	0	0	1	6
235	10030	10	19	1	307	307	11	30	30	11	15	15	0	0	0	0	0	0	1	6
236	10030	1	9	1	0	0	11	0	0	11	0	0	0	0	0	0	0	0	1	6
237	15010	60	9999	3	800	800	12	400	400	32	400	400	0	0	0	0	0	0	1	6
238	15010	50	59	3	285	285	12	142	142	32	142	142	0	0	0	0	0	0	1	6
239	15010	40	49	3	228	228	12	114	114	32	114	114	0	0	0	0	0	0	1	6
240	15010	30	39	3	171	171	12	85	85	32	85	85	0	0	0	0	0	0	1	6
241	15010	20	29	3	114	114	12	57	57	32	57	57	0	0	0	0	0	0	1	6
242	15010	10	19	3	57	57	12	28	28	32	28	28	0	0	0	0	0	0	1	6
243	15010	1	9	3	0	0	12	0	0	32	0	0	0	0	0	0	0	0	1	6
244	15020	60	9999	4	800	800	52	400	400	33	400	400	0	0	0	0	0	0	1	6
245	15020	50	59	4	285	285	52	142	142	33	142	142	0	0	0	0	0	0	1	6
246	15020	40	49	4	228	228	52	114	114	33	114	114	0	0	0	0	0	0	1	6
247	15020	30	39	4	171	171	52	85	85	33	85	85	0	0	0	0	0	0	1	6
248	15020	20	29	4	114	114	52	57	57	33	57	57	0	0	0	0	0	0	1	6
249	15020	10	19	4	57	57	52	28	28	33	28	28	0	0	0	0	0	0	1	6
250	15020	1	9	4	0	0	52	0	0	33	0	0	0	0	0	0	0	0	1	6
251	15030	60	9999	1	8000	8000	13	400	400	11	600	600	0	0	0	0	0	0	1	6
252	15030	50	59	1	2857	2857	13	142	142	11	214	214	0	0	0	0	0	0	1	6
253	15030	40	49	1	2285	2285	13	114	114	11	171	171	0	0	0	0	0	0	1	6
254	15030	30	39	1	1714	1714	13	85	85	11	128	128	0	0	0	0	0	0	1	6
255	15030	20	29	1	1142	1142	13	57	57	11	85	85	0	0	0	0	0	0	1	6
256	15030	10	19	1	571	571	13	28	28	11	42	42	0	0	0	0	0	0	1	6
257	15030	1	9	1	0	0	13	0	0	11	0	0	0	0	0	0	0	0	1	6
258	20010	70	9999	3	1200	1200	32	600	600	34	600	600	0	0	0	0	0	0	1	6
259	20010	60	69	3	480	480	32	240	240	34	240	240	0	0	0	0	0	0	1	6
260	20010	50	59	3	400	400	32	200	200	34	200	200	0	0	0	0	0	0	1	6
261	20010	40	49	3	320	320	32	160	160	34	160	160	0	0	0	0	0	0	1	6
262	20010	30	39	3	240	240	32	120	120	34	120	120	0	0	0	0	0	0	1	6
263	20010	20	29	3	160	160	32	80	80	34	80	80	0	0	0	0	0	0	1	6
264	20010	10	19	3	80	80	32	40	40	34	40	40	0	0	0	0	0	0	1	6
265	20010	1	9	3	0	0	32	0	0	34	0	0	0	0	0	0	0	0	1	6
266	20020	70	9999	4	1200	1200	33	600	600	35	600	600	0	0	0	0	0	0	1	6
267	20020	60	69	4	480	480	33	240	240	35	240	240	0	0	0	0	0	0	1	6
268	20020	50	59	4	400	400	33	200	200	35	200	200	0	0	0	0	0	0	1	6
269	20020	40	49	4	320	320	33	160	160	35	160	160	0	0	0	0	0	0	1	6
270	20020	30	39	4	240	240	33	120	120	35	120	120	0	0	0	0	0	0	1	6
271	20020	20	29	4	160	160	33	80	80	35	80	80	0	0	0	0	0	0	1	6
272	20020	10	19	4	80	80	33	40	40	35	40	40	0	0	0	0	0	0	1	6
273	20020	1	9	4	0	0	33	0	0	35	0	0	0	0	0	0	0	0	1	6
274	20030	70	9999	1	12000	12000	13	600	600	11	1000	1000	0	0	0	0	0	0	1	6
275	20030	60	69	1	4800	4800	13	240	240	11	400	400	0	0	0	0	0	0	1	6
276	20030	50	59	1	4000	4000	13	200	200	11	333	333	0	0	0	0	0	0	1	6
277	20030	40	49	1	3200	3200	13	160	160	11	266	266	0	0	0	0	0	0	1	6
278	20030	30	39	1	2400	2400	13	120	120	11	200	200	0	0	0	0	0	0	1	6
279	20030	20	29	1	1600	1600	13	80	80	11	133	133	0	0	0	0	0	0	1	6
280	20030	10	19	1	800	800	13	40	40	11	66	66	0	0	0	0	0	0	1	6
281	20030	1	9	1	0	0	13	0	0	11	0	0	0	0	0	0	0	0	1	6
282	20040	1	9999	273	3	3	0	0	0	0	0	0	0	0	0	0	0	0	0	0
283	20050	70	9999	3	1500	1500	12	600	600	34	600	600	0	0	0	0	0	0	1	6
284	20050	60	69	3	600	600	12	240	240	34	240	240	0	0	0	0	0	0	1	6
285	20050	50	59	3	500	500	12	200	200	34	200	200	0	0	0	0	0	0	1	6
286	20050	40	49	3	400	400	12	160	160	34	160	160	0	0	0	0	0	0	1	6
287	20050	30	39	3	300	300	12	120	120	34	120	120	0	0	0	0	0	0	1	6
288	20050	20	29	3	200	200	12	80	80	34	80	80	0	0	0	0	0	0	1	6
289	20050	10	19	3	100	100	12	40	40	34	40	40	0	0	0	0	0	0	1	6
290	20050	1	9	3	0	0	12	0	0	34	0	0	0	0	0	0	0	0	1	6
291	20060	70	9999	4	1500	1500	52	600	600	13	600	600	0	0	0	0	0	0	1	6
292	20060	60	69	4	600	600	52	240	240	13	240	240	0	0	0	0	0	0	1	6
293	20060	50	59	4	500	500	52	200	200	13	200	200	0	0	0	0	0	0	1	6
294	20060	40	49	4	400	400	52	160	160	13	160	160	0	0	0	0	0	0	1	6
295	20060	30	39	4	300	300	52	120	120	13	120	120	0	0	0	0	0	0	1	6
296	20060	20	29	4	200	200	52	80	80	13	80	80	0	0	0	0	0	0	1	6
297	20060	10	19	4	100	100	52	40	40	13	40	40	0	0	0	0	0	0	1	6
298	20060	1	9	4	0	0	52	0	0	13	0	0	0	0	0	0	0	0	1	6
299	20070	70	9999	1	12000	12000	13	600	600	11	1000	1000	0	0	0	0	0	0	1	6
300	20060	60	69	1	4800	4800	13	240	240	11	400	400	0	0	0	0	0	0	1	6
301	20060	50	59	1	4000	4000	13	200	200	11	333	333	0	0	0	0	0	0	1	6
302	20060	40	49	1	3200	3200	13	160	160	11	266	266	0	0	0	0	0	0	1	6
303	20060	30	39	1	2400	2400	13	120	120	11	200	200	0	0	0	0	0	0	1	6
304	20060	20	29	1	1600	1600	13	80	80	11	133	133	0	0	0	0	0	0	1	6
305	20060	10	19	1	800	800	13	40	40	11	66	66	0	0	0	0	0	0	1	6
306	20060	1	9	1	0	0	13	0	0	11	0	0	0	0	0	0	0	0	1	6
