合成前玩具ID	合成需要的数量	标题	合成后ID
int	int	string	int
Id	Numbers	Title	Result
1200101	2	Stn_Cmp_PetToy	1200102
1200102	2	Stn_Cmp_PetToy	1200103
1200103	2	Stn_Cmp_PetToy	1200104
1200104	2	Stn_Cmp_PetToy	1200105
1200201	2	Stn_Cmp_PetToy	1200202
1200202	2	Stn_Cmp_PetToy	1200203
1200203	2	Stn_Cmp_PetToy	1200204
1200204	2	Stn_Cmp_PetToy	1200205
1200301	2	Stn_Cmp_PetToy	1200302
1200302	2	Stn_Cmp_PetToy	1200303
1200303	2	Stn_Cmp_PetToy	1200304
1200304	2	Stn_Cmp_PetToy	1200305
1200401	2	Stn_Cmp_PetToy	1200402
1200402	2	Stn_Cmp_PetToy	1200403
1200403	2	Stn_Cmp_PetToy	1200404
1200404	2	Stn_Cmp_PetToy	1200405
1200501	2	Stn_Cmp_PetToy	1200502
1200502	2	Stn_Cmp_PetToy	1200503
1200503	2	Stn_Cmp_PetToy	1200504
1200504	2	Stn_Cmp_PetToy	1200505
1200601	2	Stn_Cmp_PetToy	1200602
1200602	2	Stn_Cmp_PetToy	1200603
1200603	2	Stn_Cmp_PetToy	1200604
1200604	2	Stn_Cmp_PetToy	1200605
1200701	2	Stn_Cmp_PetToy	1200702
1200702	2	Stn_Cmp_PetToy	1200703
1200703	2	Stn_Cmp_PetToy	1200704
1200704	2	Stn_Cmp_PetToy	1200705
1200801	2	Stn_Cmp_PetToy	1200802
1200802	2	Stn_Cmp_PetToy	1200803
1200803	2	Stn_Cmp_PetToy	1200804
1200804	2	Stn_Cmp_PetToy	1200805
1300101	2	Stn_Cmp_PetToy	1300102
1300102	2	Stn_Cmp_PetToy	1300103
1300103	2	Stn_Cmp_PetToy	1300104
1300104	2	Stn_Cmp_PetToy	1300105
1300201	2	Stn_Cmp_PetToy	1300202
1300202	2	Stn_Cmp_PetToy	1300203
1300203	2	Stn_Cmp_PetToy	1300204
1300204	2	Stn_Cmp_PetToy	1300205
1300301	2	Stn_Cmp_PetToy	1300302
1300302	2	Stn_Cmp_PetToy	1300303
1300303	2	Stn_Cmp_PetToy	1300304
1300304	2	Stn_Cmp_PetToy	1300305
1300401	2	Stn_Cmp_PetToy	1300402
1300402	2	Stn_Cmp_PetToy	1300403
1300403	2	Stn_Cmp_PetToy	1300404
1300404	2	Stn_Cmp_PetToy	1300405
1300501	2	Stn_Cmp_PetToy	1300502
1300502	2	Stn_Cmp_PetToy	1300503
1300503	2	Stn_Cmp_PetToy	1300504
1300504	2	Stn_Cmp_PetToy	1300505
1300601	2	Stn_Cmp_PetToy	1300602
1300602	2	Stn_Cmp_PetToy	1300603
1300603	2	Stn_Cmp_PetToy	1300604
1300604	2	Stn_Cmp_PetToy	1300605
1300701	2	Stn_Cmp_PetToy	1300702
1300702	2	Stn_Cmp_PetToy	1300703
1300703	2	Stn_Cmp_PetToy	1300704
1300704	2	Stn_Cmp_PetToy	1300705
1300801	2	Stn_Cmp_PetToy	1300802
1300802	2	Stn_Cmp_PetToy	1300803
1300803	2	Stn_Cmp_PetToy	1300804
1300804	2	Stn_Cmp_PetToy	1300805
1300901	2	Stn_Cmp_PetToy	1300902
1300902	2	Stn_Cmp_PetToy	1300903
1300903	2	Stn_Cmp_PetToy	1300904
1300904	2	Stn_Cmp_PetToy	1300905
1301001	2	Stn_Cmp_PetToy	1301002
1301002	2	Stn_Cmp_PetToy	1301003
1301003	2	Stn_Cmp_PetToy	1301004
1301004	2	Stn_Cmp_PetToy	1301005
1400101	2	Stn_Cmp_PetToy	1400102
1400102	2	Stn_Cmp_PetToy	1400103
1400103	2	Stn_Cmp_PetToy	1400104
1400104	2	Stn_Cmp_PetToy	1400105
1400201	2	Stn_Cmp_PetToy	1400202
1400202	2	Stn_Cmp_PetToy	1400203
1400203	2	Stn_Cmp_PetToy	1400204
1400204	2	Stn_Cmp_PetToy	1400205
1400301	2	Stn_Cmp_PetToy	1400302
1400302	2	Stn_Cmp_PetToy	1400303
1400303	2	Stn_Cmp_PetToy	1400304
1400304	2	Stn_Cmp_PetToy	1400305
1400401	2	Stn_Cmp_PetToy	1400402
1400402	2	Stn_Cmp_PetToy	1400403
1400403	2	Stn_Cmp_PetToy	1400404
1400404	2	Stn_Cmp_PetToy	1400405
1400501	2	Stn_Cmp_PetToy	1400502
1400502	2	Stn_Cmp_PetToy	1400503
1400503	2	Stn_Cmp_PetToy	1400504
1400504	2	Stn_Cmp_PetToy	1400505
1400601	2	Stn_Cmp_PetToy	1400602
1400602	2	Stn_Cmp_PetToy	1400603
1400603	2	Stn_Cmp_PetToy	1400604
1400604	2	Stn_Cmp_PetToy	1400605
1400701	2	Stn_Cmp_PetToy	1400702
1400702	2	Stn_Cmp_PetToy	1400703
1400703	2	Stn_Cmp_PetToy	1400704
1400704	2	Stn_Cmp_PetToy	1400705
1400801	2	Stn_Cmp_PetToy	1400802
1400802	2	Stn_Cmp_PetToy	1400803
1400803	2	Stn_Cmp_PetToy	1400804
1400804	2	Stn_Cmp_PetToy	1400805
1400901	2	Stn_Cmp_PetToy	1400902
1400902	2	Stn_Cmp_PetToy	1400903
1400903	2	Stn_Cmp_PetToy	1400904
1400904	2	Stn_Cmp_PetToy	1400905
1401001	2	Stn_Cmp_PetToy	1401002
1401002	2	Stn_Cmp_PetToy	1401003
1401003	2	Stn_Cmp_PetToy	1401004
1401004	2	Stn_Cmp_PetToy	1401005
1401101	2	Stn_Cmp_PetToy	1401102
1401102	2	Stn_Cmp_PetToy	1401103
1401103	2	Stn_Cmp_PetToy	1401104
1401104	2	Stn_Cmp_PetToy	1401105
1401201	2	Stn_Cmp_PetToy	1401202
1401202	2	Stn_Cmp_PetToy	1401203
1401203	2	Stn_Cmp_PetToy	1401204
1401204	2	Stn_Cmp_PetToy	1401205
1401301	2	Stn_Cmp_PetToy	1401302
1401302	2	Stn_Cmp_PetToy	1401303
1401303	2	Stn_Cmp_PetToy	1401304
1401304	2	Stn_Cmp_PetToy	1401305
1401401	2	Stn_Cmp_PetToy	1401402
1401402	2	Stn_Cmp_PetToy	1401403
1401403	2	Stn_Cmp_PetToy	1401404
1401404	2	Stn_Cmp_PetToy	1401405
1401501	2	Stn_Cmp_PetToy	1401502
1401502	2	Stn_Cmp_PetToy	1401503
1401503	2	Stn_Cmp_PetToy	1401504
1401504	2	Stn_Cmp_PetToy	1401505
1500101	2	Stn_Cmp_PetToy	1500102
1500102	2	Stn_Cmp_PetToy	1500103
1500103	2	Stn_Cmp_PetToy	1500104
1500104	2	Stn_Cmp_PetToy	1500105
1500201	2	Stn_Cmp_PetToy	1500202
1500202	2	Stn_Cmp_PetToy	1500203
1500203	2	Stn_Cmp_PetToy	1500204
1500204	2	Stn_Cmp_PetToy	1500205
1500301	2	Stn_Cmp_PetToy	1500302
1500302	2	Stn_Cmp_PetToy	1500303
1500303	2	Stn_Cmp_PetToy	1500304
1500304	2	Stn_Cmp_PetToy	1500305
1500401	2	Stn_Cmp_PetToy	1500402
1500402	2	Stn_Cmp_PetToy	1500403
1500403	2	Stn_Cmp_PetToy	1500404
1500404	2	Stn_Cmp_PetToy	1500405
1500501	2	Stn_Cmp_PetToy	1500502
1500502	2	Stn_Cmp_PetToy	1500503
1500503	2	Stn_Cmp_PetToy	1500504
1500504	2	Stn_Cmp_PetToy	1500505
1500601	2	Stn_Cmp_PetToy	1500602
1500602	2	Stn_Cmp_PetToy	1500603
1500603	2	Stn_Cmp_PetToy	1500604
1500604	2	Stn_Cmp_PetToy	1500605
1500701	2	Stn_Cmp_PetToy	1500702
1500702	2	Stn_Cmp_PetToy	1500703
1500703	2	Stn_Cmp_PetToy	1500704
1500704	2	Stn_Cmp_PetToy	1500705
1500801	2	Stn_Cmp_PetToy	1500802
1500802	2	Stn_Cmp_PetToy	1500803
1500803	2	Stn_Cmp_PetToy	1500804
1500804	2	Stn_Cmp_PetToy	1500805
1500901	2	Stn_Cmp_PetToy	1500902
1500902	2	Stn_Cmp_PetToy	1500903
1500903	2	Stn_Cmp_PetToy	1500904
1500904	2	Stn_Cmp_PetToy	1500905
1501001	2	Stn_Cmp_PetToy	1501002
1501002	2	Stn_Cmp_PetToy	1501003
1501003	2	Stn_Cmp_PetToy	1501004
1501004	2	Stn_Cmp_PetToy	1501005
1501101	2	Stn_Cmp_PetToy	1501102
1501102	2	Stn_Cmp_PetToy	1501103
1501103	2	Stn_Cmp_PetToy	1501104
1501104	2	Stn_Cmp_PetToy	1501105
1501201	2	Stn_Cmp_PetToy	1501202
1501202	2	Stn_Cmp_PetToy	1501203
1501203	2	Stn_Cmp_PetToy	1501204
1501204	2	Stn_Cmp_PetToy	1501205
1501301	2	Stn_Cmp_PetToy	1501302
1501302	2	Stn_Cmp_PetToy	1501303
1501303	2	Stn_Cmp_PetToy	1501304
1501304	2	Stn_Cmp_PetToy	1501305
1501401	2	Stn_Cmp_PetToy	1501402
1501402	2	Stn_Cmp_PetToy	1501403
1501403	2	Stn_Cmp_PetToy	1501404
1501404	2	Stn_Cmp_PetToy	1501405
1501501	2	Stn_Cmp_PetToy	1501502
1501502	2	Stn_Cmp_PetToy	1501503
1501503	2	Stn_Cmp_PetToy	1501504
1501504	2	Stn_Cmp_PetToy	1501505
1501601	2	Stn_Cmp_PetToy	1501602
1501602	2	Stn_Cmp_PetToy	1501603
1501603	2	Stn_Cmp_PetToy	1501604
1501604	2	Stn_Cmp_PetToy	1501605
1501701	2	Stn_Cmp_PetToy	1501702
1501702	2	Stn_Cmp_PetToy	1501703
1501703	2	Stn_Cmp_PetToy	1501704
1501704	2	Stn_Cmp_PetToy	1501705
1501801	2	Stn_Cmp_PetToy	1501802
1501802	2	Stn_Cmp_PetToy	1501803
1501803	2	Stn_Cmp_PetToy	1501804
1501804	2	Stn_Cmp_PetToy	1501805
1501901	2	Stn_Cmp_PetToy	1501902
1501902	2	Stn_Cmp_PetToy	1501903
1501903	2	Stn_Cmp_PetToy	1501904
1501904	2	Stn_Cmp_PetToy	1501905
1502001	2	Stn_Cmp_PetToy	1502002
1502002	2	Stn_Cmp_PetToy	1502003
1502003	2	Stn_Cmp_PetToy	1502004
1502004	2	Stn_Cmp_PetToy	1502005
1502101	2	Stn_Cmp_PetToy	1502102
1502102	2	Stn_Cmp_PetToy	1502103
1502103	2	Stn_Cmp_PetToy	1502104
1502104	2	Stn_Cmp_PetToy	1502105
1502201	2	Stn_Cmp_PetToy	1502202
1502202	2	Stn_Cmp_PetToy	1502203
1502203	2	Stn_Cmp_PetToy	1502204
1502204	2	Stn_Cmp_PetToy	1502205
1401601	2	Stn_Cmp_PetToy	1401602
1401602	2	Stn_Cmp_PetToy	1401603
1401603	2	Stn_Cmp_PetToy	1401604
1401604	2	Stn_Cmp_PetToy	1401605
1502301	2	Stn_Cmp_PetToy	1502302
1502302	2	Stn_Cmp_PetToy	1502303
1502303	2	Stn_Cmp_PetToy	1502304
1502304	2	Stn_Cmp_PetToy	1502305
1502401	2	Stn_Cmp_PetToy	1502402
1502402	2	Stn_Cmp_PetToy	1502403
1502403	2	Stn_Cmp_PetToy	1502404
1502404	2	Stn_Cmp_PetToy	1502405
1502501	2	Stn_Cmp_PetToy	1502502
1502502	2	Stn_Cmp_PetToy	1502503
1502503	2	Stn_Cmp_PetToy	1502504
1502504	2	Stn_Cmp_PetToy	1502505
1502506	2	Stn_Cmp_PetToy	1502507
1502507	2	Stn_Cmp_PetToy	1502508
1502508	2	Stn_Cmp_PetToy	1502509
1502509	2	Stn_Cmp_PetToy	1502510
1502511	2	Stn_Cmp_PetToy	1502512
1502512	2	Stn_Cmp_PetToy	1502513
1502513	2	Stn_Cmp_PetToy	1502514
1502514	2	Stn_Cmp_PetToy	1502515
1502516	2	Stn_Cmp_PetToy	1502517
1502517	2	Stn_Cmp_PetToy	1502518
1502518	2	Stn_Cmp_PetToy	1502519
1502519	2	Stn_Cmp_PetToy	1502520
1502521	2	Stn_Cmp_PetToy	1502522
1502522	2	Stn_Cmp_PetToy	1502523
1502523	2	Stn_Cmp_PetToy	1502524
1502524	2	Stn_Cmp_PetToy	1502525
1502526	2	Stn_Cmp_PetToy	1502527
1502527	2	Stn_Cmp_PetToy	1502528
1502528	2	Stn_Cmp_PetToy	1502529
1502529	2	Stn_Cmp_PetToy	1502530
1502531	2	Stn_Cmp_PetToy	1502532
1502532	2	Stn_Cmp_PetToy	1502533
1502533	2	Stn_Cmp_PetToy	1502534
1502534	2	Stn_Cmp_PetToy	1502535
1502601	2	Stn_Cmp_PetToy	1502602
1502602	2	Stn_Cmp_PetToy	1502603
1502603	2	Stn_Cmp_PetToy	1502604
1502604	2	Stn_Cmp_PetToy	1502605
1502701	2	Stn_Cmp_PetToy	1502702
1502702	2	Stn_Cmp_PetToy	1502703
1502703	2	Stn_Cmp_PetToy	1502704
1502704	2	Stn_Cmp_PetToy	1502705
1502801	2	Stn_Cmp_PetToy	1502802
1502802	2	Stn_Cmp_PetToy	1502803
1502803	2	Stn_Cmp_PetToy	1502804
1502804	2	Stn_Cmp_PetToy	1502805
1502901	2	Stn_Cmp_PetToy	1502902
1502902	2	Stn_Cmp_PetToy	1502903
1502903	2	Stn_Cmp_PetToy	1502904
1502904	2	Stn_Cmp_PetToy	1502905
1503001	2	Stn_Cmp_PetToy	1503002
1503002	2	Stn_Cmp_PetToy	1503003
1503003	2	Stn_Cmp_PetToy	1503004
1503004	2	Stn_Cmp_PetToy	1503005
1503101	2	Stn_Cmp_PetToy	1503102
1503102	2	Stn_Cmp_PetToy	1503103
1503103	2	Stn_Cmp_PetToy	1503104
1503104	2	Stn_Cmp_PetToy	1503105
1503201	2	Stn_Cmp_PetToy	1503202
1503202	2	Stn_Cmp_PetToy	1503203
1503203	2	Stn_Cmp_PetToy	1503204
1503204	2	Stn_Cmp_PetToy	1503205
1503301	2	Stn_Cmp_PetToy	1503302
1503302	2	Stn_Cmp_PetToy	1503303
1503303	2	Stn_Cmp_PetToy	1503304
1503304	2	Stn_Cmp_PetToy	1503305
1503401	2	Stn_Cmp_PetToy	1503402
1503402	2	Stn_Cmp_PetToy	1503403
1503403	2	Stn_Cmp_PetToy	1503404
1503404	2	Stn_Cmp_PetToy	1503405
1503501	2	Stn_Cmp_PetToy	1503502
1503502	2	Stn_Cmp_PetToy	1503503
1503503	2	Stn_Cmp_PetToy	1503504
1503504	2	Stn_Cmp_PetToy	1503505
1503601	2	Stn_Cmp_PetToy	1503602
1503602	2	Stn_Cmp_PetToy	1503603
1503603	2	Stn_Cmp_PetToy	1503604
1503604	2	Stn_Cmp_PetToy	1503605
1503701	2	Stn_Cmp_PetToy	1503702
1503702	2	Stn_Cmp_PetToy	1503703
1503703	2	Stn_Cmp_PetToy	1503704
1503704	2	Stn_Cmp_PetToy	1503705
1503801	2	Stn_Cmp_PetToy	1503802
1503802	2	Stn_Cmp_PetToy	1503803
1503803	2	Stn_Cmp_PetToy	1503804
1503804	2	Stn_Cmp_PetToy	1503805
1503901	2	Stn_Cmp_PetToy	1503902
1503902	2	Stn_Cmp_PetToy	1503903
1503903	2	Stn_Cmp_PetToy	1503904
1503904	2	Stn_Cmp_PetToy	1503905
1504001	2	Stn_Cmp_PetToy	1504002
1504002	2	Stn_Cmp_PetToy	1504003
1504003	2	Stn_Cmp_PetToy	1504004
1504004	2	Stn_Cmp_PetToy	1504005
1504101	2	Stn_Cmp_PetToy	1504102
1504102	2	Stn_Cmp_PetToy	1504103
1504103	2	Stn_Cmp_PetToy	1504104
1504104	2	Stn_Cmp_PetToy	1504105
1504201	2	Stn_Cmp_PetToy	1504202
1504202	2	Stn_Cmp_PetToy	1504203
1504203	2	Stn_Cmp_PetToy	1504204
1504204	2	Stn_Cmp_PetToy	1504205
1504301	2	Stn_Cmp_PetToy	1504302
1504302	2	Stn_Cmp_PetToy	1504303
1504303	2	Stn_Cmp_PetToy	1504304
1504304	2	Stn_Cmp_PetToy	1504305
1504401	2	Stn_Cmp_PetToy	1504402
1504402	2	Stn_Cmp_PetToy	1504403
1504403	2	Stn_Cmp_PetToy	1504404
1504404	2	Stn_Cmp_PetToy	1504405
1504501	2	Stn_Cmp_PetToy	1504502
1504502	2	Stn_Cmp_PetToy	1504503
1504503	2	Stn_Cmp_PetToy	1504504
1504504	2	Stn_Cmp_PetToy	1504505
1504601	2	Stn_Cmp_PetToy	1504602
1504602	2	Stn_Cmp_PetToy	1504603
1504603	2	Stn_Cmp_PetToy	1504604
1504604	2	Stn_Cmp_PetToy	1504605
1504701	2	Stn_Cmp_PetToy	1504702
1504702	2	Stn_Cmp_PetToy	1504703
1504703	2	Stn_Cmp_PetToy	1504704
1504704	2	Stn_Cmp_PetToy	1504705
1504801	2	Stn_Cmp_PetToy	1504802
1504802	2	Stn_Cmp_PetToy	1504803
1504803	2	Stn_Cmp_PetToy	1504804
1504804	2	Stn_Cmp_PetToy	1504805
1504901	2	Stn_Cmp_PetToy	1504902
1504902	2	Stn_Cmp_PetToy	1504903
1504903	2	Stn_Cmp_PetToy	1504904
1504904	2	Stn_Cmp_PetToy	1504905
1505001	2	Stn_Cmp_PetToy	1505002
1505002	2	Stn_Cmp_PetToy	1505003
1505003	2	Stn_Cmp_PetToy	1505004
1505004	2	Stn_Cmp_PetToy	1505005
1505101	2	Stn_Cmp_PetToy	1505102
1505102	2	Stn_Cmp_PetToy	1505103
1505103	2	Stn_Cmp_PetToy	1505104
1505104	2	Stn_Cmp_PetToy	1505105
2201101	2	Stn_Cmp_PetToy	2201102
2201102	2	Stn_Cmp_PetToy	2201103
2201103	2	Stn_Cmp_PetToy	2201104
2201104	2	Stn_Cmp_PetToy	2201105
2201201	2	Stn_Cmp_PetToy	2201202
2201202	2	Stn_Cmp_PetToy	2201203
2201203	2	Stn_Cmp_PetToy	2201204
2201204	2	Stn_Cmp_PetToy	2201205
2201301	2	Stn_Cmp_PetToy	2201302
2201302	2	Stn_Cmp_PetToy	2201303
2201303	2	Stn_Cmp_PetToy	2201304
2201304	2	Stn_Cmp_PetToy	2201305
2202101	2	Stn_Cmp_PetToy	2202102
2202102	2	Stn_Cmp_PetToy	2202103
2202103	2	Stn_Cmp_PetToy	2202104
2202104	2	Stn_Cmp_PetToy	2202105
2202201	2	Stn_Cmp_PetToy	2202202
2202202	2	Stn_Cmp_PetToy	2202203
2202203	2	Stn_Cmp_PetToy	2202204
2202204	2	Stn_Cmp_PetToy	2202205
2202301	2	Stn_Cmp_PetToy	2202302
2202302	2	Stn_Cmp_PetToy	2202303
2202303	2	Stn_Cmp_PetToy	2202304
2202304	2	Stn_Cmp_PetToy	2202305
2203101	2	Stn_Cmp_PetToy	2203102
2203102	2	Stn_Cmp_PetToy	2203103
2203103	2	Stn_Cmp_PetToy	2203104
2203104	2	Stn_Cmp_PetToy	2203105
2203201	2	Stn_Cmp_PetToy	2203202
2203202	2	Stn_Cmp_PetToy	2203203
2203203	2	Stn_Cmp_PetToy	2203204
2203204	2	Stn_Cmp_PetToy	2203205
2203301	2	Stn_Cmp_PetToy	2203302
2203302	2	Stn_Cmp_PetToy	2203303
2203303	2	Stn_Cmp_PetToy	2203304
2203304	2	Stn_Cmp_PetToy	2203305
2301101	2	Stn_Cmp_PetToy	2301102
2301102	2	Stn_Cmp_PetToy	2301103
2301103	2	Stn_Cmp_PetToy	2301104
2301104	2	Stn_Cmp_PetToy	2301105
2301201	2	Stn_Cmp_PetToy	2301202
2301202	2	Stn_Cmp_PetToy	2301203
2301203	2	Stn_Cmp_PetToy	2301204
2301204	2	Stn_Cmp_PetToy	2301205
2301301	2	Stn_Cmp_PetToy	2301302
2301302	2	Stn_Cmp_PetToy	2301303
2301303	2	Stn_Cmp_PetToy	2301304
2301304	2	Stn_Cmp_PetToy	2301305
2301401	2	Stn_Cmp_PetToy	2301402
2301402	2	Stn_Cmp_PetToy	2301403
2301403	2	Stn_Cmp_PetToy	2301404
2301404	2	Stn_Cmp_PetToy	2301405
2302101	2	Stn_Cmp_PetToy	2302102
2302102	2	Stn_Cmp_PetToy	2302103
2302103	2	Stn_Cmp_PetToy	2302104
2302104	2	Stn_Cmp_PetToy	2302105
2302201	2	Stn_Cmp_PetToy	2302202
2302202	2	Stn_Cmp_PetToy	2302203
2302203	2	Stn_Cmp_PetToy	2302204
2302204	2	Stn_Cmp_PetToy	2302205
2302301	2	Stn_Cmp_PetToy	2302302
2302302	2	Stn_Cmp_PetToy	2302303
2302303	2	Stn_Cmp_PetToy	2302304
2302304	2	Stn_Cmp_PetToy	2302305
2302401	2	Stn_Cmp_PetToy	2302402
2302402	2	Stn_Cmp_PetToy	2302403
2302403	2	Stn_Cmp_PetToy	2302404
2302404	2	Stn_Cmp_PetToy	2302405
2303101	2	Stn_Cmp_PetToy	2303102
2303102	2	Stn_Cmp_PetToy	2303103
2303103	2	Stn_Cmp_PetToy	2303104
2303104	2	Stn_Cmp_PetToy	2303105
2303201	2	Stn_Cmp_PetToy	2303202
2303202	2	Stn_Cmp_PetToy	2303203
2303203	2	Stn_Cmp_PetToy	2303204
2303204	2	Stn_Cmp_PetToy	2303205
2303301	2	Stn_Cmp_PetToy	2303302
2303302	2	Stn_Cmp_PetToy	2303303
2303303	2	Stn_Cmp_PetToy	2303304
2303304	2	Stn_Cmp_PetToy	2303305
2303401	2	Stn_Cmp_PetToy	2303402
2303402	2	Stn_Cmp_PetToy	2303403
2303403	2	Stn_Cmp_PetToy	2303404
2303404	2	Stn_Cmp_PetToy	2303405
2401101	2	Stn_Cmp_PetToy	2401102
2401102	2	Stn_Cmp_PetToy	2401103
2401103	2	Stn_Cmp_PetToy	2401104
2401104	2	Stn_Cmp_PetToy	2401105
2401201	2	Stn_Cmp_PetToy	2401202
2401202	2	Stn_Cmp_PetToy	2401203
2401203	2	Stn_Cmp_PetToy	2401204
2401204	2	Stn_Cmp_PetToy	2401205
2401301	2	Stn_Cmp_PetToy	2401302
2401302	2	Stn_Cmp_PetToy	2401303
2401303	2	Stn_Cmp_PetToy	2401304
2401304	2	Stn_Cmp_PetToy	2401305
2401401	2	Stn_Cmp_PetToy	2401402
2401402	2	Stn_Cmp_PetToy	2401403
2401403	2	Stn_Cmp_PetToy	2401404
2401404	2	Stn_Cmp_PetToy	2401405
2401501	2	Stn_Cmp_PetToy	2401502
2401502	2	Stn_Cmp_PetToy	2401503
2401503	2	Stn_Cmp_PetToy	2401504
2401504	2	Stn_Cmp_PetToy	2401505
2402101	2	Stn_Cmp_PetToy	2402102
2402102	2	Stn_Cmp_PetToy	2402103
2402103	2	Stn_Cmp_PetToy	2402104
2402104	2	Stn_Cmp_PetToy	2402105
2402201	2	Stn_Cmp_PetToy	2402202
2402202	2	Stn_Cmp_PetToy	2402203
2402203	2	Stn_Cmp_PetToy	2402204
2402204	2	Stn_Cmp_PetToy	2402205
2402301	2	Stn_Cmp_PetToy	2402302
2402302	2	Stn_Cmp_PetToy	2402303
2402303	2	Stn_Cmp_PetToy	2402304
2402304	2	Stn_Cmp_PetToy	2402305
2402401	2	Stn_Cmp_PetToy	2402402
2402402	2	Stn_Cmp_PetToy	2402403
2402403	2	Stn_Cmp_PetToy	2402404
2402404	2	Stn_Cmp_PetToy	2402405
2402501	2	Stn_Cmp_PetToy	2402502
2402502	2	Stn_Cmp_PetToy	2402503
2402503	2	Stn_Cmp_PetToy	2402504
2402504	2	Stn_Cmp_PetToy	2402505
2403101	2	Stn_Cmp_PetToy	2403102
2403102	2	Stn_Cmp_PetToy	2403103
2403103	2	Stn_Cmp_PetToy	2403104
2403104	2	Stn_Cmp_PetToy	2403105
2403201	2	Stn_Cmp_PetToy	2403202
2403202	2	Stn_Cmp_PetToy	2403203
2403203	2	Stn_Cmp_PetToy	2403204
2403204	2	Stn_Cmp_PetToy	2403205
2403301	2	Stn_Cmp_PetToy	2403302
2403302	2	Stn_Cmp_PetToy	2403303
2403303	2	Stn_Cmp_PetToy	2403304
2403304	2	Stn_Cmp_PetToy	2403305
2403401	2	Stn_Cmp_PetToy	2403402
2403402	2	Stn_Cmp_PetToy	2403403
2403403	2	Stn_Cmp_PetToy	2403404
2403404	2	Stn_Cmp_PetToy	2403405
2403501	2	Stn_Cmp_PetToy	2403502
2403502	2	Stn_Cmp_PetToy	2403503
2403503	2	Stn_Cmp_PetToy	2403504
2403504	2	Stn_Cmp_PetToy	2403505
2404101	2	Stn_Cmp_PetToy	2404102
2404102	2	Stn_Cmp_PetToy	2404103
2404103	2	Stn_Cmp_PetToy	2404104
2404104	2	Stn_Cmp_PetToy	2404105
2404201	2	Stn_Cmp_PetToy	2404202
2404202	2	Stn_Cmp_PetToy	2404203
2404203	2	Stn_Cmp_PetToy	2404204
2404204	2	Stn_Cmp_PetToy	2404205
2404301	2	Stn_Cmp_PetToy	2404302
2404302	2	Stn_Cmp_PetToy	2404303
2404303	2	Stn_Cmp_PetToy	2404304
2404304	2	Stn_Cmp_PetToy	2404305
2404401	2	Stn_Cmp_PetToy	2404402
2404402	2	Stn_Cmp_PetToy	2404403
2404403	2	Stn_Cmp_PetToy	2404404
2404404	2	Stn_Cmp_PetToy	2404405
2404501	2	Stn_Cmp_PetToy	2404502
2404502	2	Stn_Cmp_PetToy	2404503
2404503	2	Stn_Cmp_PetToy	2404504
2404504	2	Stn_Cmp_PetToy	2404505
1505201	2	Stn_Cmp_PetToy	1505202
1505202	2	Stn_Cmp_PetToy	1505203
1505203	2	Stn_Cmp_PetToy	1505204
1505204	2	Stn_Cmp_PetToy	1505205
1505301	2	Stn_Cmp_PetToy	1505302
1505302	2	Stn_Cmp_PetToy	1505303
1505303	2	Stn_Cmp_PetToy	1505304
1505304	2	Stn_Cmp_PetToy	1505305
1505401	2	Stn_Cmp_PetToy	1505402
1505402	2	Stn_Cmp_PetToy	1505403
1505403	2	Stn_Cmp_PetToy	1505404
1505404	2	Stn_Cmp_PetToy	1505405
1505501	2	Stn_Cmp_PetToy	1505502
1505502	2	Stn_Cmp_PetToy	1505503
1505503	2	Stn_Cmp_PetToy	1505504
1505504	2	Stn_Cmp_PetToy	1505505
1505601	2	Stn_Cmp_PetToy	1505602
1505602	2	Stn_Cmp_PetToy	1505603
1505603	2	Stn_Cmp_PetToy	1505604
1505604	2	Stn_Cmp_PetToy	1505605
1505701	2	Stn_Cmp_PetToy	1505702
1505702	2	Stn_Cmp_PetToy	1505703
1505703	2	Stn_Cmp_PetToy	1505704
1505704	2	Stn_Cmp_PetToy	1505705
1505801	2	Stn_Cmp_PetToy	1505802
1505802	2	Stn_Cmp_PetToy	1505803
1505803	2	Stn_Cmp_PetToy	1505804
1505804	2	Stn_Cmp_PetToy	1505805
1505901	2	Stn_Cmp_PetToy	1505902
1505902	2	Stn_Cmp_PetToy	1505903
1505903	2	Stn_Cmp_PetToy	1505904
1505904	2	Stn_Cmp_PetToy	1505905
1506001	2	Stn_Cmp_PetToy	1506002
1506002	2	Stn_Cmp_PetToy	1506003
1506003	2	Stn_Cmp_PetToy	1506004
1506004	2	Stn_Cmp_PetToy	1506005
1506101	2	Stn_Cmp_PetToy	1506102
1506102	2	Stn_Cmp_PetToy	1506103
1506103	2	Stn_Cmp_PetToy	1506104
1506104	2	Stn_Cmp_PetToy	1506105
1506201	2	Stn_Cmp_PetToy	1506202
1506202	2	Stn_Cmp_PetToy	1506203
1506203	2	Stn_Cmp_PetToy	1506204
1506204	2	Stn_Cmp_PetToy	1506205
1506301	2	Stn_Cmp_PetToy	1506302
1506302	2	Stn_Cmp_PetToy	1506303
1506303	2	Stn_Cmp_PetToy	1506304
1506304	2	Stn_Cmp_PetToy	1506305
1506401	2	Stn_Cmp_PetToy	1506402
1506402	2	Stn_Cmp_PetToy	1506403
1506403	2	Stn_Cmp_PetToy	1506404
1506404	2	Stn_Cmp_PetToy	1506405
1506501	2	Stn_Cmp_PetToy	1506502
1506502	2	Stn_Cmp_PetToy	1506503
1506503	2	Stn_Cmp_PetToy	1506504
1506504	2	Stn_Cmp_PetToy	1506505
1506601	2	Stn_Cmp_PetToy	1506602
1506602	2	Stn_Cmp_PetToy	1506603
1506603	2	Stn_Cmp_PetToy	1506604
1506604	2	Stn_Cmp_PetToy	1506605
1506701	2	Stn_Cmp_PetToy	1506702
1506702	2	Stn_Cmp_PetToy	1506703
1506703	2	Stn_Cmp_PetToy	1506704
1506704	2	Stn_Cmp_PetToy	1506705
1506801	2	Stn_Cmp_PetToy	1506802
1506802	2	Stn_Cmp_PetToy	1506803
1506803	2	Stn_Cmp_PetToy	1506804
1506804	2	Stn_Cmp_PetToy	1506805
1506901	2	Stn_Cmp_PetToy	1506902
1506902	2	Stn_Cmp_PetToy	1506903
1506903	2	Stn_Cmp_PetToy	1506904
1506904	2	Stn_Cmp_PetToy	1506905
1507001	2	Stn_Cmp_PetToy	1507002
1507002	2	Stn_Cmp_PetToy	1507003
1507003	2	Stn_Cmp_PetToy	1507004
1507004	2	Stn_Cmp_PetToy	1507005
1507101	2	Stn_Cmp_PetToy	1507102
1507102	2	Stn_Cmp_PetToy	1507103
1507103	2	Stn_Cmp_PetToy	1507104
1507104	2	Stn_Cmp_PetToy	1507105
1507201	2	Stn_Cmp_PetToy	1507202
1507202	2	Stn_Cmp_PetToy	1507203
1507203	2	Stn_Cmp_PetToy	1507204
1507204	2	Stn_Cmp_PetToy	1507205
1507301	2	Stn_Cmp_PetToy	1507302
1507302	2	Stn_Cmp_PetToy	1507303
1507303	2	Stn_Cmp_PetToy	1507304
1507304	2	Stn_Cmp_PetToy	1507305
1507401	2	Stn_Cmp_PetToy	1507402
1507402	2	Stn_Cmp_PetToy	1507403
1507403	2	Stn_Cmp_PetToy	1507404
1507404	2	Stn_Cmp_PetToy	1507405
1507501	2	Stn_Cmp_PetToy	1507502
1507502	2	Stn_Cmp_PetToy	1507503
1507503	2	Stn_Cmp_PetToy	1507504
1507504	2	Stn_Cmp_PetToy	1507505
1507601	2	Stn_Cmp_PetToy	1507602
1507602	2	Stn_Cmp_PetToy	1507603
1507603	2	Stn_Cmp_PetToy	1507604
1507604	2	Stn_Cmp_PetToy	1507605
1507701	2	Stn_Cmp_PetToy	1507702
1507702	2	Stn_Cmp_PetToy	1507703
1507703	2	Stn_Cmp_PetToy	1507704
1507704	2	Stn_Cmp_PetToy	1507705
1507801	2	Stn_Cmp_PetToy	1507802
1507802	2	Stn_Cmp_PetToy	1507803
1507803	2	Stn_Cmp_PetToy	1507804
1507804	2	Stn_Cmp_PetToy	1507805
1507901	2	Stn_Cmp_PetToy	1507902
1507902	2	Stn_Cmp_PetToy	1507903
1507903	2	Stn_Cmp_PetToy	1507904
1507904	2	Stn_Cmp_PetToy	1507905
1508001	2	Stn_Cmp_PetToy	1508002
1508002	2	Stn_Cmp_PetToy	1508003
1508003	2	Stn_Cmp_PetToy	1508004
1508004	2	Stn_Cmp_PetToy	1508005
1508101	2	Stn_Cmp_PetToy	1508102
1508102	2	Stn_Cmp_PetToy	1508103
1508103	2	Stn_Cmp_PetToy	1508104
1508104	2	Stn_Cmp_PetToy	1508105
1508201	2	Stn_Cmp_PetToy	1508202
1508202	2	Stn_Cmp_PetToy	1508203
1508203	2	Stn_Cmp_PetToy	1508204
1508204	2	Stn_Cmp_PetToy	1508205
1508301	2	Stn_Cmp_PetToy	1508302
1508302	2	Stn_Cmp_PetToy	1508303
1508303	2	Stn_Cmp_PetToy	1508304
1508304	2	Stn_Cmp_PetToy	1508305
1508401	2	Stn_Cmp_PetToy	1508402
1508402	2	Stn_Cmp_PetToy	1508403
1508403	2	Stn_Cmp_PetToy	1508404
1508404	2	Stn_Cmp_PetToy	1508405
1508501	2	Stn_Cmp_PetToy	1508502
1508502	2	Stn_Cmp_PetToy	1508503
1508503	2	Stn_Cmp_PetToy	1508504
1508504	2	Stn_Cmp_PetToy	1508505
1508601	2	Stn_Cmp_PetToy	1508602
1508602	2	Stn_Cmp_PetToy	1508603
1508603	2	Stn_Cmp_PetToy	1508604
1508604	2	Stn_Cmp_PetToy	1508605
1508701	2	Stn_Cmp_PetToy	1508702
1508702	2	Stn_Cmp_PetToy	1508703
1508703	2	Stn_Cmp_PetToy	1508704
1508704	2	Stn_Cmp_PetToy	1508705
1508801	2	Stn_Cmp_PetToy	1508802
1508802	2	Stn_Cmp_PetToy	1508803
1508803	2	Stn_Cmp_PetToy	1508804
1508804	2	Stn_Cmp_PetToy	1508805
1508901	2	Stn_Cmp_PetToy	1508902
1508902	2	Stn_Cmp_PetToy	1508903
1508903	2	Stn_Cmp_PetToy	1508904
1508904	2	Stn_Cmp_PetToy	1508905
1509001	2	Stn_Cmp_PetToy	1509002
1509002	2	Stn_Cmp_PetToy	1509003
1509003	2	Stn_Cmp_PetToy	1509004
1509004	2	Stn_Cmp_PetToy	1509005
1509101	2	Stn_Cmp_PetToy	1509102
1509102	2	Stn_Cmp_PetToy	1509103
1509103	2	Stn_Cmp_PetToy	1509104
1509104	2	Stn_Cmp_PetToy	1509105
1509201	2	Stn_Cmp_PetToy	1509202
1509202	2	Stn_Cmp_PetToy	1509203
1509203	2	Stn_Cmp_PetToy	1509204
1509204	2	Stn_Cmp_PetToy	1509205
1509301	2	Stn_Cmp_PetToy	1509302
1509302	2	Stn_Cmp_PetToy	1509303
1509303	2	Stn_Cmp_PetToy	1509304
1509304	2	Stn_Cmp_PetToy	1509305
1509401	2	Stn_Cmp_PetToy	1509402
1509402	2	Stn_Cmp_PetToy	1509403
1509403	2	Stn_Cmp_PetToy	1509404
1509404	2	Stn_Cmp_PetToy	1509405
1509501	2	Stn_Cmp_PetToy	1509502
1509502	2	Stn_Cmp_PetToy	1509503
1509503	2	Stn_Cmp_PetToy	1509504
1509504	2	Stn_Cmp_PetToy	1509505
1509601	2	Stn_Cmp_PetToy	1509602
1509602	2	Stn_Cmp_PetToy	1509603
1509603	2	Stn_Cmp_PetToy	1509604
1509604	2	Stn_Cmp_PetToy	1509605
1509701	2	Stn_Cmp_PetToy	1509702
1509702	2	Stn_Cmp_PetToy	1509703
1509703	2	Stn_Cmp_PetToy	1509704
1509704	2	Stn_Cmp_PetToy	1509705
1509801	2	Stn_Cmp_PetToy	1509802
1509802	2	Stn_Cmp_PetToy	1509803
1509803	2	Stn_Cmp_PetToy	1509804
1509804	2	Stn_Cmp_PetToy	1509805
1509901	2	Stn_Cmp_PetToy	1509902
1509902	2	Stn_Cmp_PetToy	1509903
1509903	2	Stn_Cmp_PetToy	1509904
1509904	2	Stn_Cmp_PetToy	1509905
1510001	2	Stn_Cmp_PetToy	1510002
1510002	2	Stn_Cmp_PetToy	1510003
1510003	2	Stn_Cmp_PetToy	1510004
1510004	2	Stn_Cmp_PetToy	1510005
1510101	2	Stn_Cmp_PetToy	1510102
1510102	2	Stn_Cmp_PetToy	1510103
1510103	2	Stn_Cmp_PetToy	1510104
1510104	2	Stn_Cmp_PetToy	1510105
1510201	2	Stn_Cmp_PetToy	1510202
1510202	2	Stn_Cmp_PetToy	1510203
1510203	2	Stn_Cmp_PetToy	1510204
1510204	2	Stn_Cmp_PetToy	1510205
1510301	2	Stn_Cmp_PetToy	1510302
1510302	2	Stn_Cmp_PetToy	1510303
1510303	2	Stn_Cmp_PetToy	1510304
1510304	2	Stn_Cmp_PetToy	1510305
1510401	2	Stn_Cmp_PetToy	1510402
1510402	2	Stn_Cmp_PetToy	1510403
1510403	2	Stn_Cmp_PetToy	1510404
1510404	2	Stn_Cmp_PetToy	1510405
1510501	2	Stn_Cmp_PetToy	1510502
1510502	2	Stn_Cmp_PetToy	1510503
1510503	2	Stn_Cmp_PetToy	1510504
1510504	2	Stn_Cmp_PetToy	1510505
1510601	2	Stn_Cmp_PetToy	1510602
1510602	2	Stn_Cmp_PetToy	1510603
1510603	2	Stn_Cmp_PetToy	1510604
1510604	2	Stn_Cmp_PetToy	1510605
1510701	2	Stn_Cmp_PetToy	1510702
1510702	2	Stn_Cmp_PetToy	1510703
1510703	2	Stn_Cmp_PetToy	1510704
1510704	2	Stn_Cmp_PetToy	1510705
1510801	2	Stn_Cmp_PetToy	1510802
1510802	2	Stn_Cmp_PetToy	1510803
1510803	2	Stn_Cmp_PetToy	1510804
1510804	2	Stn_Cmp_PetToy	1510805
1510901	2	Stn_Cmp_PetToy	1510902
1510902	2	Stn_Cmp_PetToy	1510903
1510903	2	Stn_Cmp_PetToy	1510904
1510904	2	Stn_Cmp_PetToy	1510905
1511001	2	Stn_Cmp_PetToy	1511002
1511002	2	Stn_Cmp_PetToy	1511003
1511003	2	Stn_Cmp_PetToy	1511004
1511004	2	Stn_Cmp_PetToy	1511005
