符文id	符文道具id	符文道具id	符文类别	符文品阶	符文等阶	符文属性	升阶后符文Id	升阶消耗	符文星座	分解返还天赋经验	分解获得道具	道具消耗	货币消耗	第一条属性洗练库	第二条属性洗练库	第三条属性洗练库	符文底框
int	string	string	int	int	int	string	int	string	int	int	string	string	string	int	int	int	string
RuneId	UnBindItemId	UnidentifiedItemId	Type	Quality	Grade	Attribute	HigherRuneId	UpgradeCost	ConstellationType	Resolve	ResolveItem	CostItem	CurrencyCost	FirstDropBox	SecondDropBox	ThirdDropBox	RuneIconBase
110101	item160000110101	item162000110101	1	1	1	3,10;21,25	110102	1,10000	1	500		item160000000001,1	1,50000	11001	0	0	rune_atk2
110102	item160000110102	item162000110102	1	2	2	3,20;21,50	110103	1,15000	1	1000		item160000000001,1	1,50000	11002	0	0	rune_atk3
110103	item160000110103	item162000110103	1	2	3	3,30;21,75	110104	1,20000	1	2000		item160000000001,1	1,50000	11003	11003	0	rune_atk3
110104	item160000110104	item162000110104	1	3	4	3,40;21,100	110105	1,25000	1	4000		item160000000001,1	1,50000	11003	11003	13004	rune_atk4
110105	item160000110105	item162000110105	1	3	5	3,50;21,125	110106	1,30000	1	8000		item160000000001,1	1,50000	11003	11003	13004	rune_atk4
110106	item160000110106	item162000110106	1	3	6	3,60;21,150	110107	1,35000	1	16000		item160000000001,1	1,300000	911006	912006	913006	rune_atk4
110107	item160000110107	item162000110107	1	4	7	3,70;21,175	110108	1,40000	1	32000		item160000000001,1	1,400000	911006	912006	913006	rune_atk5
110108	item160000110108	item162000110108	1	4	8	3,80;21,200	110109	1,45000	1	64000		item160000000001,1	1,500000	911006	912006	913006	rune_atk5
110109	item160000110109	item162000110109	1	4	9	3,90;21,225	110110	1,50000	1	128000		item160000000001,1	1,600000	911006	912006	913006	rune_atk5
110110	item160000110110	item162000110110	1	4	10	3,100;21,250	0	1,55000	1	256000		item160000000001,1	1,700000	911006	912006	913006	rune_atk5
110201	item160000110201	item162000110201	1	1	1	3,10;24,25	110202	1,10000	2	500		item160000000001,1	1,50000	11001	0	0	rune_atk2
110202	item160000110202	item162000110202	1	2	2	3,20;24,50	110203	1,15000	2	1000		item160000000001,1	1,50000	11002	0	0	rune_atk3
110203	item160000110203	item162000110203	1	2	3	3,30;24,75	110204	1,20000	2	2000		item160000000001,1	1,50000	11003	11003	0	rune_atk3
110204	item160000110204	item162000110204	1	3	4	3,40;24,100	110205	1,25000	2	4000		item160000000001,1	1,50000	11003	11003	13004	rune_atk4
110205	item160000110205	item162000110205	1	3	5	3,50;24,125	110206	1,30000	2	8000		item160000000001,1	1,50000	11003	11003	13004	rune_atk4
110206	item160000110206	item162000110206	1	3	6	3,60;24,150	110207	1,35000	2	16000		item160000000001,1	1,300000	911006	912006	913006	rune_atk4
110207	item160000110207	item162000110207	1	4	7	3,70;24,175	110208	1,40000	2	32000		item160000000001,1	1,400000	911006	912006	913006	rune_atk5
110208	item160000110208	item162000110208	1	4	8	3,80;24,200	110209	1,45000	2	64000		item160000000001,1	1,500000	911006	912006	913006	rune_atk5
110209	item160000110209	item162000110209	1	4	9	3,90;24,225	110210	1,50000	2	128000		item160000000001,1	1,600000	911006	912006	913006	rune_atk5
110210	item160000110210	item162000110210	1	4	10	3,100;24,250	0	1,55000	2	256000		item160000000001,1	1,700000	911006	912006	913006	rune_atk5
120101	item160000120101	item162000120101	1	1	1	12,100;51,100	120102	1,10000	7	500	item160000000001,20	item160000000001,1	1,50000	11001	0	0	rune_atk2
120102	item160000120102	item162000120102	1	2	2	12,120;51,120	120103	1,15000	7	1000	item160000000001,20	item160000000001,1	1,50000	11002	0	0	rune_atk3
120103	item160000120103	item162000120103	1	2	3	12,140;51,140	120104	1,20000	7	2000	item160000000001,20	item160000000001,1	1,50000	11003	11003	0	rune_atk3
120104	item160000120104	item162000120104	1	3	4	12,160;51,160	120105	1,25000	7	4000	item160000000001,20	item160000000001,1	1,50000	11003	11003	13004	rune_atk4
120105	item160000120105	item162000120105	1	3	5	12,180;51,180	120106	1,30000	7	8000	item160000000001,20	item160000000001,1	1,50000	11003	11003	13004	rune_atk4
120106	item160000120106	item162000120106	1	3	6	12,200;51,200	120107	1,35000	7	16000	item160000000001,20	item160000000001,1	1,300000	911006	912006	913006	rune_atk4
120107	item160000120107	item162000120107	1	4	7	12,220;51,220	120108	1,40000	7	32000	item160000000001,20	item160000000001,1	1,400000	911006	912006	913006	rune_atk5
120108	item160000120108	item162000120108	1	4	8	12,240;51,240	120109	1,45000	7	64000	item160000000001,20	item160000000001,1	1,500000	911006	912006	913006	rune_atk5
120109	item160000120109	item162000120109	1	4	9	12,260;51,260	120110	1,50000	7	128000	item160000000001,20	item160000000001,1	1,600000	911006	912006	913006	rune_atk5
120110	item160000120110	item162000120110	1	4	10	12,280;51,280	0	1,55000	7	256000	item160000000001,20	item160000000001,1	1,700000	911006	912006	913006	rune_atk5
120201	item160000120201	item162000120201	1	1	1	28,100;30,100	120202	1,10000	8	500	item160000000001,200	item160000000001,1	1,50000	11001	0	0	rune_atk2
120202	item160000120202	item162000120202	1	2	2	28,120;30,120	120203	1,15000	8	1000	item160000000001,200	item160000000001,1	1,50000	11002	0	0	rune_atk3
120203	item160000120203	item162000120203	1	2	3	28,140;30,140	120204	1,20000	8	2000	item160000000001,200	item160000000001,1	1,50000	11003	11003	0	rune_atk3
120204	item160000120204	item162000120204	1	3	4	28,160;30,160	120205	1,25000	8	4000	item160000000001,200	item160000000001,1	1,50000	11003	11003	13004	rune_atk4
120205	item160000120205	item162000120205	1	3	5	28,180;30,180	120206	1,30000	8	8000	item160000000001,200	item160000000001,1	1,50000	11003	11003	13004	rune_atk4
120206	item160000120206	item162000120206	1	3	6	28,200;30,200	120207	1,35000	8	16000	item160000000001,200	item160000000001,1	1,300000	911006	912006	913006	rune_atk4
120207	item160000120207	item162000120207	1	4	7	28,220;30,220	120208	1,40000	8	32000	item160000000001,200	item160000000001,1	1,400000	911006	912006	913006	rune_atk5
120208	item160000120208	item162000120208	1	4	8	28,240;30,240	120209	1,45000	8	64000	item160000000001,200	item160000000001,1	1,500000	911006	912006	913006	rune_atk5
120209	item160000120209	item162000120209	1	4	9	28,260;30,260	120210	1,50000	8	128000	item160000000001,200	item160000000001,1	1,600000	911006	912006	913006	rune_atk5
120210	item160000120210	item162000120210	1	4	10	28,280;30,280	0	1,55000	8	256000	item160000000001,200	item160000000001,1	1,700000	911006	912006	913006	rune_atk5
120301	item160000120301	item162000120301	1	1	1	3,60;30,100	120302	1,10000	14	500	item160000000001,20	item160000000001,1	1,50000	11001	0	0	rune_atk2
120302	item160000120302	item162000120302	1	2	2	3,72;30,120	120303	1,15000	14	1000	item160000000001,20	item160000000001,1	1,50000	11002	0	0	rune_atk3
120303	item160000120303	item162000120303	1	2	3	3,84;30,140	120304	1,20000	14	2000	item160000000001,20	item160000000001,1	1,50000	11003	11003	0	rune_atk3
120304	item160000120304	item162000120304	1	3	4	3,96;30,160	120305	1,25000	14	4000	item160000000001,20	item160000000001,1	1,50000	11003	11003	13004	rune_atk4
120305	item160000120305	item162000120305	1	3	5	3,108;30,180	120306	1,30000	14	8000	item160000000001,20	item160000000001,1	1,50000	11003	11003	13004	rune_atk4
120306	item160000120306	item162000120306	1	3	6	3,120;30,200	120307	1,35000	14	16000	item160000000001,20	item160000000001,1	1,300000	911006	912006	913006	rune_atk4
120307	item160000120307	item162000120307	1	4	7	3,132;30,220	120308	1,40000	14	32000	item160000000001,20	item160000000001,1	1,400000	911006	912006	913006	rune_atk5
120308	item160000120308	item162000120308	1	4	8	3,144;30,240	120309	1,45000	14	64000	item160000000001,20	item160000000001,1	1,500000	911006	912006	913006	rune_atk5
120309	item160000120309	item162000120309	1	4	9	3,156;30,260	120310	1,50000	14	128000	item160000000001,20	item160000000001,1	1,600000	911006	912006	913006	rune_atk5
120310	item160000120310	item162000120310	1	4	10	3,168;30,280	0	1,55000	14	256000	item160000000001,20	item160000000001,1	1,700000	911006	912006	913006	rune_atk5
120401	item160000120401	item162000120401	1	1	1	3,60;33,100	120402	1,10000	15	500	item160000000001,20	item160000000001,1	1,50000	11001	0	0	rune_atk2
120402	item160000120402	item162000120402	1	2	2	3,72;33,120	120403	1,15000	15	1000	item160000000001,20	item160000000001,1	1,50000	11002	0	0	rune_atk3
120403	item160000120403	item162000120403	1	2	3	3,84;33,140	120404	1,20000	15	2000	item160000000001,20	item160000000001,1	1,50000	11003	11003	0	rune_atk3
120404	item160000120404	item162000120404	1	3	4	3,96;33,160	120405	1,25000	15	4000	item160000000001,20	item160000000001,1	1,50000	11003	11003	13004	rune_atk4
120405	item160000120405	item162000120405	1	3	5	3,108;33,180	120406	1,30000	15	8000	item160000000001,20	item160000000001,1	1,50000	11003	11003	13004	rune_atk4
120406	item160000120406	item162000120406	1	3	6	3,120;33,200	120407	1,35000	15	16000	item160000000001,20	item160000000001,1	1,300000	911006	912006	913006	rune_atk4
120407	item160000120407	item162000120407	1	4	7	3,132;33,220	120408	1,40000	15	32000	item160000000001,20	item160000000001,1	1,400000	911006	912006	913006	rune_atk5
120408	item160000120408	item162000120408	1	4	8	3,144;33,240	120409	1,45000	15	64000	item160000000001,20	item160000000001,1	1,500000	911006	912006	913006	rune_atk5
120409	item160000120409	item162000120409	1	4	9	3,156;33,260	120410	1,50000	15	128000	item160000000001,20	item160000000001,1	1,600000	911006	912006	913006	rune_atk5
120410	item160000120410	item162000120410	1	4	10	3,168;33,280	0	1,55000	15	256000	item160000000001,20	item160000000001,1	1,700000	911006	912006	913006	rune_atk5
120501	item160000120501	item162000120501	1	1	1	12,100;174,200	120502	1,10000	21	500	item160000000001,20	item160000000001,1	1,50000	11001	0	0	rune_atksp2
120502	item160000120502	item162000120502	1	2	2	12,120;174,235	120503	1,15000	21	1000	item160000000001,20	item160000000001,1	1,50000	11002	0	0	rune_atksp3
120503	item160000120503	item162000120503	1	2	3	12,140;174,270	120504	1,20000	21	2000	item160000000001,20	item160000000001,1	1,50000	11003	11003	0	rune_atksp3
120504	item160000120504	item162000120504	1	3	4	12,160;174,305	120505	1,25000	21	4000	item160000000001,20	item160000000001,1	1,50000	11003	11003	13004	rune_atksp4
120505	item160000120505	item162000120505	1	3	5	12,180;174,340	120506	1,30000	21	8000	item160000000001,20	item160000000001,1	1,50000	11003	11003	13004	rune_atksp4
120506	item160000120506	item162000120506	1	3	6	12,200;174,375	120507	1,35000	21	16000	item160000000001,20	item160000000001,1	1,300000	911006	912006	913006	rune_atksp4
120507	item160000120507	item162000120507	1	4	7	12,220;174,410	120508	1,40000	21	32000	item160000000001,20	item160000000001,1	1,400000	911006	912006	913006	rune_atksp5
120508	item160000120508	item162000120508	1	4	8	12,240;174,445	120509	1,45000	21	64000	item160000000001,20	item160000000001,1	1,500000	911006	912006	913006	rune_atksp5
120509	item160000120509	item162000120509	1	4	9	12,260;174,480	120510	1,50000	21	128000	item160000000001,20	item160000000001,1	1,600000	911006	912006	913006	rune_atksp5
120510	item160000120510	item162000120510	1	4	10	12,280;174,515	0	1,55000	21	256000	item160000000001,20	item160000000001,1	1,700000	911006	912006	913006	rune_atksp5
130101	item160000130101	item162000130101	1	1	1	32,100;51,100	130102	1,10000	13	500	item160000000001,20	item160000000001,1	1,50000	11001	0	0	rune_atk2
130102	item160000130102	item162000130102	1	2	2	32,120;51,120	130103	1,15000	13	1000	item160000000001,20	item160000000001,1	1,50000	11002	0	0	rune_atk3
130103	item160000130103	item162000130103	1	2	3	32,140;51,140	130104	1,20000	13	2000	item160000000001,20	item160000000001,1	1,50000	11003	11003	0	rune_atk3
130104	item160000130104	item162000130104	1	3	4	32,160;51,160	130105	1,25000	13	4000	item160000000001,20	item160000000001,1	1,50000	11003	11003	13004	rune_atk4
130105	item160000130105	item162000130105	1	3	5	32,180;51,180	130106	1,30000	13	8000	item160000000001,20	item160000000001,1	1,50000	11003	11003	13004	rune_atk4
130106	item160000130106	item162000130106	1	3	6	32,200;51,200	130107	1,35000	13	16000	item160000000001,20	item160000000001,1	1,300000	911006	912006	913006	rune_atk4
130107	item160000130107	item162000130107	1	4	7	32,220;51,220	130108	1,40000	13	32000	item160000000001,20	item160000000001,1	1,400000	911006	912006	913006	rune_atk5
130108	item160000130108	item162000130108	1	4	8	32,240;51,240	130109	1,45000	13	64000	item160000000001,20	item160000000001,1	1,500000	911006	912006	913006	rune_atk5
130109	item160000130109	item162000130109	1	4	9	32,260;51,260	130110	1,50000	13	128000	item160000000001,20	item160000000001,1	1,600000	911006	912006	913006	rune_atk5
130110	item160000130110	item162000130110	1	4	10	32,280;51,280	0	1,55000	13	256000	item160000000001,20	item160000000001,1	1,700000	911006	912006	913006	rune_atk5
210101	item160000210101	item162000210101	2	1	1	4,10;23,25	210102	1,10000	3	500		item160000000001,1	1,50000	11001	0	0	rune_def2
210102	item160000210102	item162000210102	2	2	2	4,20;23,50	210103	1,15000	3	1000		item160000000001,1	1,50000	11002	0	0	rune_def3
210103	item160000210103	item162000210103	2	2	3	4,30;23,75	210104	1,20000	3	2000		item160000000001,1	1,50000	11003	11003	0	rune_def3
210104	item160000210104	item162000210104	2	3	4	4,40;23,100	210105	1,25000	3	4000		item160000000001,1	1,50000	11003	11003	13004	rune_def4
210105	item160000210105	item162000210105	2	3	5	4,50;23,125	210106	1,30000	3	8000		item160000000001,1	1,50000	11003	11003	13004	rune_def4
210106	item160000210106	item162000210106	2	3	6	4,60;23,150	210107	1,35000	3	16000		item160000000001,1	1,300000	921006	922006	923006	rune_def4
210107	item160000210107	item162000210107	2	4	7	4,70;23,175	210108	1,40000	3	32000		item160000000001,1	1,400000	921006	922006	923006	rune_def5
210108	item160000210108	item162000210108	2	4	8	4,80;23,200	210109	1,45000	3	64000		item160000000001,1	1,500000	921006	922006	923006	rune_def5
210109	item160000210109	item162000210109	2	4	9	4,90;23,225	210110	1,50000	3	128000		item160000000001,1	1,600000	921006	922006	923006	rune_def5
210110	item160000210110	item162000210110	2	4	10	4,100;23,250	0	1,55000	3	256000		item160000000001,1	1,700000	921006	922006	923006	rune_def5
210201	item160000210201	item162000210201	2	1	1	4,10;26,25	210202	1,10000	4	500		item160000000001,1	1,50000	11001	0	0	rune_def2
210202	item160000210202	item162000210202	2	2	2	4,20;26,50	210203	1,15000	4	1000		item160000000001,1	1,50000	11002	0	0	rune_def3
210203	item160000210203	item162000210203	2	2	3	4,30;26,75	210204	1,20000	4	2000		item160000000001,1	1,50000	11003	11003	0	rune_def3
210204	item160000210204	item162000210204	2	3	4	4,40;26,100	210205	1,25000	4	4000		item160000000001,1	1,50000	11003	11003	13004	rune_def4
210205	item160000210205	item162000210205	2	3	5	4,50;26,125	210206	1,30000	4	8000		item160000000001,1	1,50000	11003	11003	13004	rune_def4
210206	item160000210206	item162000210206	2	3	6	4,60;26,150	210207	1,35000	4	16000		item160000000001,1	1,300000	921006	922006	923006	rune_def4
210207	item160000210207	item162000210207	2	4	7	4,70;26,175	210208	1,40000	4	32000		item160000000001,1	1,400000	921006	922006	923006	rune_def5
210208	item160000210208	item162000210208	2	4	8	4,80;26,200	210209	1,45000	4	64000		item160000000001,1	1,500000	921006	922006	923006	rune_def5
210209	item160000210209	item162000210209	2	4	9	4,90;26,225	210210	1,50000	4	128000		item160000000001,1	1,600000	921006	922006	923006	rune_def5
210210	item160000210210	item162000210210	2	4	10	4,100;26,250	0	1,55000	4	256000		item160000000001,1	1,700000	921006	922006	923006	rune_def5
220101	item160000220101	item162000220101	2	1	1	13,100;52,100	220102	1,10000	9	500	item160000000001,20	item160000000001,1	1,50000	11001	0	0	rune_def2
220102	item160000220102	item162000220102	2	2	2	13,120;52,120	220103	1,15000	9	1000	item160000000001,20	item160000000001,1	1,50000	11002	0	0	rune_def3
220103	item160000220103	item162000220103	2	2	3	13,140;52,140	220104	1,20000	9	2000	item160000000001,20	item160000000001,1	1,50000	11003	11003	0	rune_def3
220104	item160000220104	item162000220104	2	3	4	13,160;52,160	220105	1,25000	9	4000	item160000000001,20	item160000000001,1	1,50000	11003	11003	13004	rune_def4
220105	item160000220105	item162000220105	2	3	5	13,180;52,180	220106	1,30000	9	8000	item160000000001,20	item160000000001,1	1,50000	11003	11003	13004	rune_def4
220106	item160000220106	item162000220106	2	3	6	13,200;52,200	220107	1,35000	9	16000	item160000000001,20	item160000000001,1	1,300000	921006	922006	923006	rune_def4
220107	item160000220107	item162000220107	2	4	7	13,220;52,220	220108	1,40000	9	32000	item160000000001,20	item160000000001,1	1,400000	921006	922006	923006	rune_def5
220108	item160000220108	item162000220108	2	4	8	13,240;52,240	220109	1,45000	9	64000	item160000000001,20	item160000000001,1	1,500000	921006	922006	923006	rune_def5
220109	item160000220109	item162000220109	2	4	9	13,260;52,260	220110	1,50000	9	128000	item160000000001,20	item160000000001,1	1,600000	921006	922006	923006	rune_def5
220110	item160000220110	item162000220110	2	4	10	13,280;52,280	0	1,55000	9	256000	item160000000001,20	item160000000001,1	1,700000	921006	922006	923006	rune_def5
220201	item160000220201	item162000220201	2	1	1	33,100;35,100	220202	1,10000	10	500	item160000000001,20	item160000000001,1	1,50000	11001	0	0	rune_def2
220202	item160000220202	item162000220202	2	2	2	33,120;35,120	220203	1,15000	10	1000	item160000000001,20	item160000000001,1	1,50000	11002	0	0	rune_def3
220203	item160000220203	item162000220203	2	2	3	33,140;35,140	220204	1,20000	10	2000	item160000000001,20	item160000000001,1	1,50000	11003	11003	0	rune_def3
220204	item160000220204	item162000220204	2	3	4	33,160;35,160	220205	1,25000	10	4000	item160000000001,20	item160000000001,1	1,50000	11003	11003	13004	rune_def4
220205	item160000220205	item162000220205	2	3	5	33,180;35,180	220206	1,30000	10	8000	item160000000001,20	item160000000001,1	1,50000	11003	11003	13004	rune_def4
220206	item160000220206	item162000220206	2	3	6	33,200;35,200	220207	1,35000	10	16000	item160000000001,20	item160000000001,1	1,300000	921006	922006	923006	rune_def4
220207	item160000220207	item162000220207	2	4	7	33,220;35,220	220208	1,40000	10	32000	item160000000001,20	item160000000001,1	1,400000	921006	922006	923006	rune_def5
220208	item160000220208	item162000220208	2	4	8	33,240;35,240	220209	1,45000	10	64000	item160000000001,20	item160000000001,1	1,500000	921006	922006	923006	rune_def5
220209	item160000220209	item162000220209	2	4	9	33,260;35,260	220210	1,50000	10	128000	item160000000001,20	item160000000001,1	1,600000	921006	922006	923006	rune_def5
220210	item160000220210	item162000220210	2	4	10	33,280;35,280	0	1,55000	10	256000	item160000000001,20	item160000000001,1	1,700000	921006	922006	923006	rune_def5
220301	item160000220301	item162000220301	2	1	1	4,60;32,100	220302	1,10000	16	500	item160000000001,20	item160000000001,1	1,50000	11001	0	0	rune_def2
220302	item160000220302	item162000220302	2	2	2	4,72;32,120	220303	1,15000	16	1000	item160000000001,20	item160000000001,1	1,50000	11002	0	0	rune_def3
220303	item160000220303	item162000220303	2	2	3	4,84;32,140	220304	1,20000	16	2000	item160000000001,20	item160000000001,1	1,50000	11003	11003	0	rune_def3
220304	item160000220304	item162000220304	2	3	4	4,96;32,160	220305	1,25000	16	4000	item160000000001,20	item160000000001,1	1,50000	11003	11003	13004	rune_def4
220305	item160000220305	item162000220305	2	3	5	4,108;32,180	220306	1,30000	16	8000	item160000000001,20	item160000000001,1	1,50000	11003	11003	13004	rune_def4
220306	item160000220306	item162000220306	2	3	6	4,120;32,200	220307	1,35000	16	16000	item160000000001,20	item160000000001,1	1,300000	921006	922006	923006	rune_def4
220307	item160000220307	item162000220307	2	4	7	4,132;32,220	220308	1,40000	16	32000	item160000000001,20	item160000000001,1	1,400000	921006	922006	923006	rune_def5
220308	item160000220308	item162000220308	2	4	8	4,144;32,240	220309	1,45000	16	64000	item160000000001,20	item160000000001,1	1,500000	921006	922006	923006	rune_def5
220309	item160000220309	item162000220309	2	4	9	4,156;32,260	220310	1,50000	16	128000	item160000000001,20	item160000000001,1	1,600000	921006	922006	923006	rune_def5
220310	item160000220310	item162000220310	2	4	10	4,168;32,280	0	1,55000	16	256000	item160000000001,20	item160000000001,1	1,700000	921006	922006	923006	rune_def5
220401	item160000220401	item162000220401	2	1	1	4,60;35,100	220402	1,10000	17	500	item160000000001,20	item160000000001,1	1,50000	11001	0	0	rune_def2
220402	item160000220402	item162000220402	2	2	2	4,72;35,120	220403	1,15000	17	1000	item160000000001,20	item160000000001,1	1,50000	11002	0	0	rune_def3
220403	item160000220403	item162000220403	2	2	3	4,84;35,140	220404	1,20000	17	2000	item160000000001,20	item160000000001,1	1,50000	11003	11003	0	rune_def3
220404	item160000220404	item162000220404	2	3	4	4,96;35,160	220405	1,25000	17	4000	item160000000001,20	item160000000001,1	1,50000	11003	11003	13004	rune_def4
220405	item160000220405	item162000220405	2	3	5	4,108;35,180	220406	1,30000	17	8000	item160000000001,20	item160000000001,1	1,50000	11003	11003	13004	rune_def4
220406	item160000220406	item162000220406	2	3	6	4,120;35,200	220407	1,35000	17	16000	item160000000001,20	item160000000001,1	1,300000	921006	922006	923006	rune_def4
220407	item160000220407	item162000220407	2	4	7	4,132;35,220	220408	1,40000	17	32000	item160000000001,20	item160000000001,1	1,400000	921006	922006	923006	rune_def5
220408	item160000220408	item162000220408	2	4	8	4,144;35,240	220409	1,45000	17	64000	item160000000001,20	item160000000001,1	1,500000	921006	922006	923006	rune_def5
220409	item160000220409	item162000220409	2	4	9	4,156;35,260	220410	1,50000	17	128000	item160000000001,20	item160000000001,1	1,600000	921006	922006	923006	rune_def5
220410	item160000220410	item162000220410	2	4	10	4,168;35,280	0	1,55000	17	256000	item160000000001,20	item160000000001,1	1,700000	921006	922006	923006	rune_def5
310101	item160000310101	item162000310101	3	1	1	1,100;22,25	310102	1,10000	5	500		item160000000001,1	1,50000	11001	0	0	rune_hp2
310102	item160000310102	item162000310102	3	2	2	1,200;22,50	310103	1,15000	5	1000		item160000000001,1	1,50000	11002	0	0	rune_hp3
310103	item160000310103	item162000310103	3	2	3	1,300;22,75	310104	1,20000	5	2000		item160000000001,1	1,50000	11003	11003	0	rune_hp3
310104	item160000310104	item162000310104	3	3	4	1,400;22,100	310105	1,25000	5	4000		item160000000001,1	1,50000	11003	11003	13004	rune_hp4
310105	item160000310105	item162000310105	3	3	5	1,500;22,125	310106	1,30000	5	8000		item160000000001,1	1,50000	11003	11003	13004	rune_hp4
310106	item160000310106	item162000310106	3	3	6	1,600;22,150	310107	1,35000	5	16000		item160000000001,1	1,300000	931006	932006	933006	rune_hp4
310107	item160000310107	item162000310107	3	4	7	1,700;22,175	310108	1,40000	5	32000		item160000000001,1	1,400000	931006	932006	933006	rune_hp5
310108	item160000310108	item162000310108	3	4	8	1,800;22,200	310109	1,45000	5	64000		item160000000001,1	1,500000	931006	932006	933006	rune_hp5
310109	item160000310109	item162000310109	3	4	9	1,900;22,225	310110	1,50000	5	128000		item160000000001,1	1,600000	931006	932006	933006	rune_hp5
310110	item160000310110	item162000310110	3	4	10	1,1000;22,250	0	1,55000	5	256000		item160000000001,1	1,700000	931006	932006	933006	rune_hp5
310201	item160000310201	item162000310201	3	1	1	1,100;25,25	310202	1,10000	6	500		item160000000001,1	1,50000	11001	0	0	rune_hp2
310202	item160000310202	item162000310202	3	2	2	1,200;25,50	310203	1,15000	6	1000		item160000000001,1	1,50000	11002	0	0	rune_hp3
310203	item160000310203	item162000310203	3	2	3	1,300;25,75	310204	1,20000	6	2000		item160000000001,1	1,50000	11003	11003	0	rune_hp3
310204	item160000310204	item162000310204	3	3	4	1,400;25,100	310205	1,25000	6	4000		item160000000001,1	1,50000	11003	11003	13004	rune_hp4
310205	item160000310205	item162000310205	3	3	5	1,500;25,125	310206	1,30000	6	8000		item160000000001,1	1,50000	11003	11003	13004	rune_hp4
310206	item160000310206	item162000310206	3	3	6	1,600;25,150	310207	1,35000	6	16000		item160000000001,1	1,300000	931006	932006	933006	rune_hp4
310207	item160000310207	item162000310207	3	4	7	1,700;25,175	310208	1,40000	6	32000		item160000000001,1	1,400000	931006	932006	933006	rune_hp5
310208	item160000310208	item162000310208	3	4	8	1,800;25,200	310209	1,45000	6	64000		item160000000001,1	1,500000	931006	932006	933006	rune_hp5
310209	item160000310209	item162000310209	3	4	9	1,900;25,225	310210	1,50000	6	128000		item160000000001,1	1,600000	931006	932006	933006	rune_hp5
310210	item160000310210	item162000310210	3	4	10	1,1000;25,250	0	1,55000	6	256000		item160000000001,1	1,700000	931006	932006	933006	rune_hp5
320101	item160000320101	item162000320101	3	1	1	11,100;105,100	320102	1,10000	11	500	item160000000001,20	item160000000001,1	1,50000	11001	0	0	rune_hp2
320102	item160000320102	item162000320102	3	2	2	11,120;105,120	320103	1,15000	11	1000	item160000000001,20	item160000000001,1	1,50000	11002	0	0	rune_hp3
320103	item160000320103	item162000320103	3	2	3	11,140;105,140	320104	1,20000	11	2000	item160000000001,20	item160000000001,1	1,50000	11003	11003	0	rune_hp3
320104	item160000320104	item162000320104	3	3	4	11,160;105,160	320105	1,25000	11	4000	item160000000001,20	item160000000001,1	1,50000	11003	11003	13004	rune_hp4
320105	item160000320105	item162000320105	3	3	5	11,180;105,180	320106	1,30000	11	8000	item160000000001,20	item160000000001,1	1,50000	11003	11003	13004	rune_hp4
320106	item160000320106	item162000320106	3	3	6	11,200;105,200	320107	1,35000	11	16000	item160000000001,20	item160000000001,1	1,300000	931006	932006	933006	rune_hp4
320107	item160000320107	item162000320107	3	4	7	11,220;105,220	320108	1,40000	11	32000	item160000000001,20	item160000000001,1	1,400000	931006	932006	933006	rune_hp5
320108	item160000320108	item162000320108	3	4	8	11,240;105,240	320109	1,45000	11	64000	item160000000001,20	item160000000001,1	1,500000	931006	932006	933006	rune_hp5
320109	item160000320109	item162000320109	3	4	9	11,260;105,260	320110	1,50000	11	128000	item160000000001,20	item160000000001,1	1,600000	931006	932006	933006	rune_hp5
320110	item160000320110	item162000320110	3	4	10	11,280;105,280	0	1,55000	11	256000	item160000000001,20	item160000000001,1	1,700000	931006	932006	933006	rune_hp5
320201	item160000320201	item162000320201	3	1	1	31,100;108,200	320202	1,10000	12	500	item160000000001,20	item160000000001,1	1,50000	11001	0	0	rune_hp2
320202	item160000320202	item162000320202	3	2	2	31,120;108,240	320203	1,15000	12	1000	item160000000001,20	item160000000001,1	1,50000	11002	0	0	rune_hp3
320203	item160000320203	item162000320203	3	2	3	31,140;108,280	320204	1,20000	12	2000	item160000000001,20	item160000000001,1	1,50000	11003	11003	0	rune_hp3
320204	item160000320204	item162000320204	3	3	4	31,160;108,320	320205	1,25000	12	4000	item160000000001,20	item160000000001,1	1,50000	11003	11003	13004	rune_hp4
320205	item160000320205	item162000320205	3	3	5	31,180;108,360	320206	1,30000	12	8000	item160000000001,20	item160000000001,1	1,50000	11003	11003	13004	rune_hp4
320206	item160000320206	item162000320206	3	3	6	31,200;108,400	320207	1,35000	12	16000	item160000000001,20	item160000000001,1	1,300000	931006	932006	933006	rune_hp4
320207	item160000320207	item162000320207	3	4	7	31,220;108,440	320208	1,40000	12	32000	item160000000001,20	item160000000001,1	1,400000	931006	932006	933006	rune_hp5
320208	item160000320208	item162000320208	3	4	8	31,240;108,480	320209	1,45000	12	64000	item160000000001,20	item160000000001,1	1,500000	931006	932006	933006	rune_hp5
320209	item160000320209	item162000320209	3	4	9	31,260;108,520	320210	1,50000	12	128000	item160000000001,20	item160000000001,1	1,600000	931006	932006	933006	rune_hp5
320210	item160000320210	item162000320210	3	4	10	31,280;108,560	0	1,55000	12	256000	item160000000001,20	item160000000001,1	1,700000	931006	932006	933006	rune_hp5
320301	item160000320301	item162000320301	3	1	1	1,600;31,100	320302	1,10000	18	500	item160000000001,20	item160000000001,1	1,50000	11001	0	0	rune_hp2
320302	item160000320302	item162000320302	3	2	2	1,720;31,120	320303	1,15000	18	1000	item160000000001,20	item160000000001,1	1,50000	11002	0	0	rune_hp3
320303	item160000320303	item162000320303	3	2	3	1,840;31,140	320304	1,20000	18	2000	item160000000001,20	item160000000001,1	1,50000	11003	11003	0	rune_hp3
320304	item160000320304	item162000320304	3	3	4	1,960;31,160	320305	1,25000	18	4000	item160000000001,20	item160000000001,1	1,50000	11003	11003	13004	rune_hp4
320305	item160000320305	item162000320305	3	3	5	1,1080;31,180	320306	1,30000	18	8000	item160000000001,20	item160000000001,1	1,50000	11003	11003	13004	rune_hp4
320306	item160000320306	item162000320306	3	3	6	1,1200;31,200	320307	1,35000	18	16000	item160000000001,20	item160000000001,1	1,300000	931006	932006	933006	rune_hp4
320307	item160000320307	item162000320307	3	4	7	1,1320;31,220	320308	1,40000	18	32000	item160000000001,20	item160000000001,1	1,400000	931006	932006	933006	rune_hp5
320308	item160000320308	item162000320308	3	4	8	1,1440;31,240	320309	1,45000	18	64000	item160000000001,20	item160000000001,1	1,500000	931006	932006	933006	rune_hp5
320309	item160000320309	item162000320309	3	4	9	1,1560;31,260	320310	1,50000	18	128000	item160000000001,20	item160000000001,1	1,600000	931006	932006	933006	rune_hp5
320310	item160000320310	item162000320310	3	4	10	1,1680;31,280	0	1,55000	18	256000	item160000000001,20	item160000000001,1	1,700000	931006	932006	933006	rune_hp5
320401	item160000320401	item162000320401	3	1	1	1,600;34,100	320402	1,10000	19	500	item160000000001,20	item160000000001,1	1,50000	11001	0	0	rune_hp2
320402	item160000320402	item162000320402	3	2	2	1,720;34,120	320403	1,15000	19	1000	item160000000001,20	item160000000001,1	1,50000	11002	0	0	rune_hp3
320403	item160000320403	item162000320403	3	2	3	1,840;34,140	320404	1,20000	19	2000	item160000000001,20	item160000000001,1	1,50000	11003	11003	0	rune_hp3
320404	item160000320404	item162000320404	3	3	4	1,960;34,160	320405	1,25000	19	4000	item160000000001,20	item160000000001,1	1,50000	11003	11003	13004	rune_hp4
320405	item160000320405	item162000320405	3	3	5	1,1080;34,180	320406	1,30000	19	8000	item160000000001,20	item160000000001,1	1,50000	11003	11003	13004	rune_hp4
320406	item160000320406	item162000320406	3	3	6	1,1200;34,200	320407	1,35000	19	16000	item160000000001,20	item160000000001,1	1,300000	931006	932006	933006	rune_hp4
320407	item160000320407	item162000320407	3	4	7	1,1320;34,220	320408	1,40000	19	32000	item160000000001,20	item160000000001,1	1,400000	931006	932006	933006	rune_hp5
320408	item160000320408	item162000320408	3	4	8	1,1440;34,240	320409	1,45000	19	64000	item160000000001,20	item160000000001,1	1,500000	931006	932006	933006	rune_hp5
320409	item160000320409	item162000320409	3	4	9	1,1560;34,260	320410	1,50000	19	128000	item160000000001,20	item160000000001,1	1,600000	931006	932006	933006	rune_hp5
320410	item160000320410	item162000320410	3	4	10	1,1680;34,280	0	1,55000	19	256000	item160000000001,20	item160000000001,1	1,700000	931006	932006	933006	rune_hp5
320501	item160000320501	item162000320501	3	1	1	11,150;206,100	320502	1,10000	20	500	item160000000001,100	item160000000001,1	1,50000	11001	0	0	rune_hp2
320502	item160000320502	item162000320502	3	2	2	11,170;206,120	320503	1,15000	20	1000	item160000000001,100	item160000000001,1	1,50000	11002	0	0	rune_hp3
320503	item160000320503	item162000320503	3	2	3	11,190;206,140	320504	1,20000	20	2000	item160000000001,100	item160000000001,1	1,50000	11003	11003	0	rune_hp3
320504	item160000320504	item162000320504	3	3	4	11,210;206,160	320505	1,25000	20	4000	item160000000001,100	item160000000001,1	1,50000	11003	11003	13004	rune_hp4
320505	item160000320505	item162000320505	3	3	5	11,230;206,180	320506	1,30000	20	8000	item160000000001,100	item160000000001,1	1,50000	11003	11003	13004	rune_hp4
320506	item160000320506	item162000320506	3	3	6	11,250;206,200	320507	1,35000	20	16000	item160000000001,100	item160000000001,1	1,300000	931006	932006	933006	rune_hp4
320507	item160000320507	item162000320507	3	4	7	11,270;206,220	320508	1,40000	20	32000	item160000000001,100	item160000000001,1	1,400000	931006	932006	933006	rune_hp5
320508	item160000320508	item162000320508	3	4	8	11,290;206,240	320509	1,45000	20	64000	item160000000001,100	item160000000001,1	1,500000	931006	932006	933006	rune_hp5
320509	item160000320509	item162000320509	3	4	9	11,310;206,260	320510	1,50000	20	128000	item160000000001,100	item160000000001,1	1,600000	931006	932006	933006	rune_hp5
320510	item160000320510	item162000320510	3	4	10	11,330;206,280	0	1,55000	20	256000	item160000000001,100	item160000000001,1	1,700000	931006	932006	933006	rune_hp5
320601	item160000320601	item162000320601	3	1	1	11,100;52,120	320602	1,10000	22	500	item160000000001,20	item160000000001,1	1,50000	11001	0	0	rune_hpsp2
320602	item160000320602	item162000320602	3	2	2	11,120;52,140	320603	1,15000	22	1000	item160000000001,20	item160000000001,1	1,50000	11002	0	0	rune_hpsp3
320603	item160000320603	item162000320603	3	2	3	11,140;52,160	320604	1,20000	22	2000	item160000000001,20	item160000000001,1	1,50000	11003	11003	0	rune_hpsp3
320604	item160000320604	item162000320604	3	3	4	11,160;52,180	320605	1,25000	22	4000	item160000000001,20	item160000000001,1	1,50000	11003	11003	13004	rune_hpsp4
320605	item160000320605	item162000320605	3	3	5	11,180;52,200	320606	1,30000	22	8000	item160000000001,20	item160000000001,1	1,50000	11003	11003	13004	rune_hpsp4
320606	item160000320606	item162000320606	3	3	6	11,200;52,220	320607	1,35000	22	16000	item160000000001,20	item160000000001,1	1,300000	931006	932006	933006	rune_hpsp4
320607	item160000320607	item162000320607	3	4	7	11,220;52,240	320608	1,40000	22	32000	item160000000001,20	item160000000001,1	1,400000	931006	932006	933006	rune_hpsp5
320608	item160000320608	item162000320608	3	4	8	11,240;52,260	320609	1,45000	22	64000	item160000000001,20	item160000000001,1	1,500000	931006	932006	933006	rune_hpsp5
320609	item160000320609	item162000320609	3	4	9	11,260;52,280	320610	1,50000	22	128000	item160000000001,20	item160000000001,1	1,600000	931006	932006	933006	rune_hpsp5
320610	item160000320610	item162000320610	3	4	10	11,280;52,300	0	1,55000	22	256000	item160000000001,20	item160000000001,1	1,700000	931006	932006	933006	rune_hpsp5
120601	item160000120601	item162000120601	1	1	1	206,150;34,100	120602	1,10000	23	500	item160000000001,100	item160000000001,1	1,50000	11001	0	0	rune_atksp2
120602	item160000120602	item162000120602	1	2	2	206,200;34,200	120603	1,15000	23	1000	item160000000001,100	item160000000001,1	1,50000	11002	0	0	rune_atksp3
120603	item160000120603	item162000120603	1	2	3	206,250;34,300	120604	1,20000	23	2000	item160000000001,100	item160000000001,1	1,50000	11003	11003	0	rune_atksp3
120604	item160000120604	item162000120604	1	3	4	206,300;34,400	120605	1,25000	23	4000	item160000000001,100	item160000000001,1	1,50000	11003	11003	13004	rune_atksp4
120605	item160000120605	item162000120605	1	3	5	206,350;34,500	120606	1,30000	23	8000	item160000000001,100	item160000000001,1	1,50000	11003	11003	13004	rune_atksp4
120606	item160000120606	item162000120606	1	3	6	206,400;34,600	120607	1,35000	23	16000	item160000000001,100	item160000000001,1	1,300000	911006	912006	913006	rune_atksp4
120607	item160000120607	item162000120607	1	4	7	206,450;34,700	120608	1,40000	23	32000	item160000000001,100	item160000000001,1	1,400000	911006	912006	913006	rune_atksp5
120608	item160000120608	item162000120608	1	4	8	206,500;34,800	120609	1,45000	23	64000	item160000000001,100	item160000000001,1	1,500000	911006	912006	913006	rune_atksp5
120609	item160000120609	item162000120609	1	4	9	206,550;34,900	120610	1,50000	23	128000	item160000000001,100	item160000000001,1	1,600000	911006	912006	913006	rune_atksp5
120610	item160000120610	item162000120610	1	4	10	206,600;34,1000	0	1,55000	23	256000	item160000000001,100	item160000000001,1	1,700000	911006	912006	913006	rune_atksp5
120701	item160000120701	item162000120701	1	1	1	3,80;30,100;34,100	120702	1,10000	25	500	item160000000001,100	item160000000001,1	1,50000	11001	0	0	rune_atksp2
120702	item160000120702	item162000120702	1	2	2	3,100;30,130;34,130	120703	1,15000	25	1000	item160000000001,100	item160000000001,1	1,50000	11002	0	0	rune_atksp3
120703	item160000120703	item162000120703	1	2	3	3,120;30,160;34,160	120704	1,20000	25	2000	item160000000001,100	item160000000001,1	1,50000	11003	11003	0	rune_atksp3
120704	item160000120704	item162000120704	1	3	4	3,140;30,190;34,190	120705	1,25000	25	4000	item160000000001,100	item160000000001,1	1,50000	11003	11003	13004	rune_atksp4
120705	item160000120705	item162000120705	1	3	5	3,160;30,220;34,220	120706	1,30000	25	8000	item160000000001,100	item160000000001,1	1,50000	11003	11003	13004	rune_atksp4
120706	item160000120706	item162000120706	1	3	6	3,180;30,250;34,250	120707	1,35000	25	16000	item160000000001,100	item160000000001,1	1,300000	911006	912006	913006	rune_atksp4
120707	item160000120707	item162000120707	1	4	7	3,200;30,280;34,280	120708	1,40000	25	32000	item160000000001,100	item160000000001,1	1,400000	911006	912006	913006	rune_atksp5
120708	item160000120708	item162000120708	1	4	8	3,220;30,310;34,310	120709	1,45000	25	64000	item160000000001,100	item160000000001,1	1,500000	911006	912006	913006	rune_atksp5
120709	item160000120709	item162000120709	1	4	9	3,240;30,340;34,340	120710	1,50000	25	128000	item160000000001,100	item160000000001,1	1,600000	911006	912006	913006	rune_atksp5
120710	item160000120710	item162000120710	1	4	10	3,260;30,370;34,370	0	1,55000	25	256000	item160000000001,100	item160000000001,1	1,700000	911006	912006	913006	rune_atksp5
320701	item160000320701	item162000320701	3	1	1	131,100;132,100	320702	1,10000	24	500	item160000000001,100	item160000000001,1	1,50000	11001	0	0	rune_hpsp2
320702	item160000320702	item162000320702	3	2	2	131,180;132,200	320703	1,15000	24	1000	item160000000001,100	item160000000001,1	1,50000	11002	0	0	rune_hpsp3
320703	item160000320703	item162000320703	3	2	3	131,260;132,300	320704	1,20000	24	2000	item160000000001,100	item160000000001,1	1,50000	11003	11003	0	rune_hpsp3
320704	item160000320704	item162000320704	3	3	4	131,340;132,400	320705	1,25000	24	4000	item160000000001,100	item160000000001,1	1,50000	11003	11003	13004	rune_hpsp4
320705	item160000320705	item162000320705	3	3	5	131,420;132,500	320706	1,30000	24	8000	item160000000001,100	item160000000001,1	1,50000	11003	11003	13004	rune_hpsp4
320706	item160000320706	item162000320706	3	3	6	131,500;132,600	320707	1,35000	24	16000	item160000000001,100	item160000000001,1	1,300000	931006	932006	933006	rune_hpsp4
320707	item160000320707	item162000320707	3	4	7	131,580;132,700	320708	1,40000	24	32000	item160000000001,100	item160000000001,1	1,400000	931006	932006	933006	rune_hpsp5
320708	item160000320708	item162000320708	3	4	8	131,660;132,800	320709	1,45000	24	64000	item160000000001,100	item160000000001,1	1,500000	931006	932006	933006	rune_hpsp5
320709	item160000320709	item162000320709	3	4	9	131,740;132,900	320710	1,50000	24	128000	item160000000001,100	item160000000001,1	1,600000	931006	932006	933006	rune_hpsp5
320710	item160000320710	item162000320710	3	4	10	131,820;132,1000	0	1,55000	24	256000	item160000000001,100	item160000000001,1	1,700000	931006	932006	933006	rune_hpsp5
220501	item160000220501	item162000220501	2	1	1	3,80;31,100;52,100	220502	1,10000	26	500	item160000000001,100	item160000000001,1	1,50000	11001	0	0	rune_def2
220502	item160000220502	item162000220502	2	2	2	3,100;31,130;52,130	220503	1,15000	26	1000	item160000000001,100	item160000000001,1	1,50000	11002	0	0	rune_def3
220503	item160000220503	item162000220503	2	2	3	3,120;31,160;52,160	220504	1,20000	26	2000	item160000000001,100	item160000000001,1	1,50000	11003	11003	0	rune_def3
220504	item160000220504	item162000220504	2	3	4	3,140;31,190;52,190	220505	1,25000	26	4000	item160000000001,100	item160000000001,1	1,50000	11003	11003	13004	rune_def4
220505	item160000220505	item162000220505	2	3	5	3,160;31,220;52,220	220506	1,30000	26	8000	item160000000001,100	item160000000001,1	1,50000	11003	11003	13004	rune_def4
220506	item160000220506	item162000220506	2	3	6	3,180;31,250;52,250	220507	1,35000	26	16000	item160000000001,100	item160000000001,1	1,300000	921006	922006	923006	rune_def4
220507	item160000220507	item162000220507	2	4	7	3,200;31,280;52,280	220508	1,40000	26	32000	item160000000001,100	item160000000001,1	1,400000	921006	922006	923006	rune_def5
220508	item160000220508	item162000220508	2	4	8	3,220;31,310;52,310	220509	1,45000	26	64000	item160000000001,100	item160000000001,1	1,500000	921006	922006	923006	rune_def5
220509	item160000220509	item162000220509	2	4	9	3,240;31,340;52,340	220510	1,50000	26	128000	item160000000001,100	item160000000001,1	1,600000	921006	922006	923006	rune_def5
220510	item160000220510	item162000220510	2	4	10	3,260;31,370;52,370	0	1,55000	26	256000	item160000000001,100	item160000000001,1	1,700000	921006	922006	923006	rune_def5
330101	item160000330101	item162000330101	1	1	1	3,80;32,100;51,100	330102	1,10000	27	500	item160000000001,100	item160000000001,1	1,50000	11001	0	0	rune_atksp2
330102	item160000330102	item162000330102	1	2	2	3,100;32,130;51,130	330103	1,15000	27	1000	item160000000001,100	item160000000001,1	1,50000	11002	0	0	rune_atksp3
330103	item160000330103	item162000330103	1	2	3	3,120;32,160;51,160	330104	1,20000	27	2000	item160000000001,100	item160000000001,1	1,50000	11003	11003	0	rune_atksp3
330104	item160000330104	item162000330104	1	3	4	3,140;32,190;51,190	330105	1,25000	27	4000	item160000000001,100	item160000000001,1	1,50000	11003	11003	13004	rune_atksp4
330105	item160000330105	item162000330105	1	3	5	3,160;32,220;51,220	330106	1,30000	27	8000	item160000000001,100	item160000000001,1	1,50000	11003	11003	13004	rune_atksp4
330106	item160000330106	item162000330106	1	3	6	3,180;32,250;51,250	330107	1,35000	27	16000	item160000000001,100	item160000000001,1	1,300000	911006	912006	913006	rune_atksp4
330107	item160000330107	item162000330107	1	4	7	3,200;32,280;51,280	330108	1,40000	27	32000	item160000000001,100	item160000000001,1	1,400000	911006	912006	913006	rune_atksp5
330108	item160000330108	item162000330108	1	4	8	3,220;32,310;51,310	330109	1,45000	27	64000	item160000000001,100	item160000000001,1	1,500000	911006	912006	913006	rune_atksp5
330109	item160000330109	item162000330109	1	4	9	3,240;32,340;51,340	330110	1,50000	27	128000	item160000000001,100	item160000000001,1	1,600000	911006	912006	913006	rune_atksp5
330110	item160000330110	item162000330110	1	4	10	3,260;32,370;51,370	0	1,55000	27	256000	item160000000001,100	item160000000001,1	1,700000	911006	912006	913006	rune_atksp5
330201	item160000330201	item162000330201	2	1	1	3,80;185,60;33,110	330202	1,10000	28	500	item160000000001,100	item160000000001,1	1,50000	11001	0	0	rune_def2
330202	item160000330202	item162000330202	2	2	2	3,100;185,80;33,140	330203	1,15000	28	1000	item160000000001,100	item160000000001,1	1,50000	11002	0	0	rune_def3
330203	item160000330203	item162000330203	2	2	3	3,120;185,100;33,170	330204	1,20000	28	2000	item160000000001,100	item160000000001,1	1,50000	11003	11003	0	rune_def3
330204	item160000330204	item162000330204	2	3	4	3,140;185,120;33,200	330205	1,25000	28	4000	item160000000001,100	item160000000001,1	1,50000	11003	11003	13004	rune_def4
330205	item160000330205	item162000330205	2	3	5	3,160;185,140;33,230	330206	1,30000	28	8000	item160000000001,100	item160000000001,1	1,50000	11003	11003	13004	rune_def4
330206	item160000330206	item162000330206	2	3	6	3,180;185,160;33,260	330207	1,35000	28	16000	item160000000001,100	item160000000001,1	1,300000	921006	922006	923006	rune_def4
330207	item160000330207	item162000330207	2	4	7	3,200;185,180;33,290	330208	1,40000	28	32000	item160000000001,100	item160000000001,1	1,400000	921006	922006	923006	rune_def5
330208	item160000330208	item162000330208	2	4	8	3,220;185,200;33,320	330209	1,45000	28	64000	item160000000001,100	item160000000001,1	1,500000	921006	922006	923006	rune_def5
330209	item160000330209	item162000330209	2	4	9	3,240;185,220;33,350	330210	1,50000	28	128000	item160000000001,100	item160000000001,1	1,600000	921006	922006	923006	rune_def5
330210	item160000330210	item162000330210	2	4	10	3,260;185,240;33,380	0	1,55000	28	256000	item160000000001,100	item160000000001,1	1,700000	921006	922006	923006	rune_def5
330301	item160000330301	item162000330301	3	1	1	3,80;11,60;52,110	330302	1,10000	29	500	item160000000001,100	item160000000001,1	1,50000	11001	0	0	rune_hpsp2
330302	item160000330302	item162000330302	3	2	2	3,100;11,80;52,140	330303	1,15000	29	1000	item160000000001,100	item160000000001,1	1,50000	11002	0	0	rune_hpsp3
330303	item160000330303	item162000330303	3	2	3	3,120;11,100;52,170	330304	1,20000	29	2000	item160000000001,100	item160000000001,1	1,50000	11003	11003	0	rune_hpsp3
330304	item160000330304	item162000330304	3	3	4	3,140;11,120;52,200	330305	1,25000	29	4000	item160000000001,100	item160000000001,1	1,50000	11003	11003	13004	rune_hpsp4
330305	item160000330305	item162000330305	3	3	5	3,160;11,140;52,230	330306	1,30000	29	8000	item160000000001,100	item160000000001,1	1,50000	11003	11003	13004	rune_hpsp4
330306	item160000330306	item162000330306	3	3	6	3,180;11,160;52,260	330307	1,35000	29	16000	item160000000001,100	item160000000001,1	1,300000	931006	932006	933006	rune_hpsp4
330307	item160000330307	item162000330307	3	4	7	3,200;11,180;52,290	330308	1,40000	29	32000	item160000000001,100	item160000000001,1	1,400000	931006	932006	933006	rune_hpsp5
330308	item160000330308	item162000330308	3	4	8	3,220;11,200;52,320	330309	1,45000	29	64000	item160000000001,100	item160000000001,1	1,500000	931006	932006	933006	rune_hpsp5
330309	item160000330309	item162000330309	3	4	9	3,240;11,220;52,350	330310	1,50000	29	128000	item160000000001,100	item160000000001,1	1,600000	931006	932006	933006	rune_hpsp5
330310	item160000330310	item162000330310	3	4	10	3,260;11,240;52,380	0	1,55000	29	256000	item160000000001,100	item160000000001,1	1,700000	931006	932006	933006	rune_hpsp5
330401	item160000330401	item162000330401	1	1	1	12,120;32,100;206,140	330402	1,10000	30	500	item160000000001,100	item160000000001,1	1,50000	11001	0	0	rune_atksp2
330402	item160000330402	item162000330402	1	2	2	12,140;32,140;206,160	330403	1,15000	30	1000	item160000000001,100	item160000000001,1	1,50000	11002	0	0	rune_atksp3
330403	item160000330403	item162000330403	1	2	3	12,160;32,180;206,180	330404	1,20000	30	2000	item160000000001,100	item160000000001,1	1,50000	11003	11003	0	rune_atksp3
330404	item160000330404	item162000330404	1	3	4	12,180;32,220;206,200	330405	1,25000	30	4000	item160000000001,100	item160000000001,1	1,50000	11003	11003	13004	rune_atksp4
330405	item160000330405	item162000330405	1	3	5	12,200;32,260;206,220	330406	1,30000	30	8000	item160000000001,100	item160000000001,1	1,50000	11003	11003	13004	rune_atksp4
330406	item160000330406	item162000330406	1	3	6	12,220;32,300;206,240	330407	1,35000	30	16000	item160000000001,100	item160000000001,1	1,300000	911006	912006	913006	rune_atksp4
330407	item160000330407	item162000330407	1	4	7	12,240;32,340;206,260	330408	1,40000	30	32000	item160000000001,100	item160000000001,1	1,400000	911006	912006	913006	rune_atksp5
330408	item160000330408	item162000330408	1	4	8	12,260;32,380;206,280	330409	1,45000	30	64000	item160000000001,100	item160000000001,1	1,500000	911006	912006	913006	rune_atksp5
330409	item160000330409	item162000330409	1	4	9	12,280;32,420;206,300	330410	1,50000	30	128000	item160000000001,100	item160000000001,1	1,600000	911006	912006	913006	rune_atksp5
330410	item160000330410	item162000330410	1	4	10	12,300;32,460;206,320	0	1,55000	30	256000	item160000000001,100	item160000000001,1	1,700000	911006	912006	913006	rune_atksp5
330501	item160000330501	item162000330501	2	1	1	3,80;13,120;35,120	330502	1,10000	31	500	item160000000001,100	item160000000001,1	1,50000	11001	0	0	rune_def2
330502	item160000330502	item162000330502	2	2	2	3,100;13,140;35,140	330503	1,15000	31	1000	item160000000001,100	item160000000001,1	1,50000	11002	0	0	rune_def3
330503	item160000330503	item162000330503	2	2	3	3,120;13,160;35,160	330504	1,20000	31	2000	item160000000001,100	item160000000001,1	1,50000	11003	11003	0	rune_def3
330504	item160000330504	item162000330504	2	3	4	3,140;13,180;35,180	330505	1,25000	31	4000	item160000000001,100	item160000000001,1	1,50000	11003	11003	13004	rune_def4
330505	item160000330505	item162000330505	2	3	5	3,160;13,200;35,200	330506	1,30000	31	8000	item160000000001,100	item160000000001,1	1,50000	11003	11003	13004	rune_def4
330506	item160000330506	item162000330506	2	3	6	3,180;13,220;35,220	330507	1,35000	31	16000	item160000000001,100	item160000000001,1	1,300000	921006	922006	923006	rune_def4
330507	item160000330507	item162000330507	2	4	7	3,200;13,240;35,240	330508	1,40000	31	32000	item160000000001,100	item160000000001,1	1,400000	921006	922006	923006	rune_def5
330508	item160000330508	item162000330508	2	4	8	3,220;13,260;35,260	330509	1,45000	31	64000	item160000000001,100	item160000000001,1	1,500000	921006	922006	923006	rune_def5
330509	item160000330509	item162000330509	2	4	9	3,240;13,280;35,280	330510	1,50000	31	128000	item160000000001,100	item160000000001,1	1,600000	921006	922006	923006	rune_def5
330510	item160000330510	item162000330510	2	4	10	3,260;13,300;35,300	0	1,55000	31	256000	item160000000001,100	item160000000001,1	1,700000	921006	922006	923006	rune_def5
330601	item160000330601	item162000330601	3	1	1	11,130;32,100;185,100	330602	1,10000	32	500	item160000000001,100	item160000000001,1	1,50000	11001	0	0	rune_hpsp2
330602	item160000330602	item162000330602	3	2	2	11,150;32,130;185,130	330603	1,15000	32	1000	item160000000001,100	item160000000001,1	1,50000	11002	0	0	rune_hpsp3
330603	item160000330603	item162000330603	3	2	3	11,170;32,160;185,160	330604	1,20000	32	2000	item160000000001,100	item160000000001,1	1,50000	11003	11003	0	rune_hpsp3
330604	item160000330604	item162000330604	3	3	4	11,190;32,190;185,190	330605	1,25000	32	4000	item160000000001,100	item160000000001,1	1,50000	11003	11003	13004	rune_hpsp4
330605	item160000330605	item162000330605	3	3	5	11,210;32,220;185,220	330606	1,30000	32	8000	item160000000001,100	item160000000001,1	1,50000	11003	11003	13004	rune_hpsp4
330606	item160000330606	item162000330606	3	3	6	11,230;32,250;185,250	330607	1,35000	32	16000	item160000000001,100	item160000000001,1	1,300000	931006	932006	933006	rune_hpsp4
330607	item160000330607	item162000330607	3	4	7	11,250;32,280;185,280	330608	1,40000	32	32000	item160000000001,100	item160000000001,1	1,400000	931006	932006	933006	rune_hpsp5
330608	item160000330608	item162000330608	3	4	8	11,270;32,310;185,310	330609	1,45000	32	64000	item160000000001,100	item160000000001,1	1,500000	931006	932006	933006	rune_hpsp5
330609	item160000330609	item162000330609	3	4	9	11,290;32,340;185,340	330610	1,50000	32	128000	item160000000001,100	item160000000001,1	1,600000	931006	932006	933006	rune_hpsp5
330610	item160000330610	item162000330610	3	4	10	11,310;32,370;185,370	0	1,55000	32	256000	item160000000001,100	item160000000001,1	1,700000	931006	932006	933006	rune_hpsp5
330701	item160000330701	item160000330701	1	1	1	12,120;30,100;51,200	330702	1,10000	33	500	item160000000001,100	item160000000001,1	1,50000	11001	0	0	rune_atksp2
330702	item160000330702	item160000330702	1	2	2	12,140;30,140;51,230	330703	1,15000	33	1000	item160000000001,100	item160000000001,1	1,50000	11002	0	0	rune_atksp3
330703	item160000330703	item160000330703	1	2	3	12,160;30,180;51,260	330704	1,20000	33	2000	item160000000001,100	item160000000001,1	1,50000	11003	11003	0	rune_atksp3
330704	item160000330704	item160000330704	1	3	4	12,180;30,220;51,290	330705	1,25000	33	4000	item160000000001,100	item160000000001,1	1,50000	11003	11003	13004	rune_atksp4
330705	item160000330705	item160000330705	1	3	5	12,200;30,260;51,320	330706	1,30000	33	8000	item160000000001,100	item160000000001,1	1,50000	11003	11003	13004	rune_atksp4
330706	item160000330706	item160000330706	1	3	6	12,220;30,300;51,350	330707	1,35000	33	16000	item160000000001,100	item160000000001,1	1,300000	911006	912006	913006	rune_atksp4
330707	item160000330707	item160000330707	1	4	7	12,240;30,340;51,380	330708	1,40000	33	32000	item160000000001,100	item160000000001,1	1,400000	911006	912006	913006	rune_atksp5
330708	item160000330708	item160000330708	1	4	8	12,260;30,380;51,410	330709	1,45000	33	64000	item160000000001,100	item160000000001,1	1,500000	911006	912006	913006	rune_atksp5
330709	item160000330709	item160000330709	1	4	9	12,280;30,420;51,440	330710	1,50000	33	128000	item160000000001,100	item160000000001,1	1,600000	911006	912006	913006	rune_atksp5
330710	item160000330710	item160000330710	1	4	10	12,300;30,460;51,470	0	1,55000	33	256000	item160000000001,100	item160000000001,1	1,700000	911006	912006	913006	rune_atksp5
330801	item160000330801	item160000330801	2	1	1	13,120;30,100;132,200	330802	1,10000	34	500	item160000000001,100	item160000000001,1	1,50000	11001	0	0	rune_def2
330802	item160000330802	item160000330802	2	2	2	13,140;30,140;132,230	330803	1,15000	34	1000	item160000000001,100	item160000000001,1	1,50000	11002	0	0	rune_def3
330803	item160000330803	item160000330803	2	2	3	13,160;30,180;132,260	330804	1,20000	34	2000	item160000000001,100	item160000000001,1	1,50000	11003	11003	0	rune_def3
330804	item160000330804	item160000330804	2	3	4	13,180;30,220;132,290	330805	1,25000	34	4000	item160000000001,100	item160000000001,1	1,50000	11003	11003	13004	rune_def4
330805	item160000330805	item160000330805	2	3	5	13,200;30,260;132,320	330806	1,30000	34	8000	item160000000001,100	item160000000001,1	1,50000	11003	11003	13004	rune_def4
330806	item160000330806	item160000330806	2	3	6	13,220;30,300;132,350	330807	1,35000	34	16000	item160000000001,100	item160000000001,1	1,300000	921006	922006	923006	rune_def4
330807	item160000330807	item160000330807	2	4	7	13,240;30,340;132,380	330808	1,40000	34	32000	item160000000001,100	item160000000001,1	1,400000	921006	922006	923006	rune_def5
330808	item160000330808	item160000330808	2	4	8	13,260;30,380;132,410	330809	1,45000	34	64000	item160000000001,100	item160000000001,1	1,500000	921006	922006	923006	rune_def5
330809	item160000330809	item160000330809	2	4	9	13,280;30,420;132,440	330810	1,50000	34	128000	item160000000001,100	item160000000001,1	1,600000	921006	922006	923006	rune_def5
330810	item160000330810	item160000330810	2	4	10	13,300;30,460;132,470	0	1,55000	34	256000	item160000000001,100	item160000000001,1	1,700000	921006	922006	923006	rune_def5
330901	item160000330901	item160000330901	3	1	1	11,120;33,100;35,200	330902	1,10000	35	500	item160000000001,100	item160000000001,1	1,50000	11001	0	0	rune_hpsp2
330902	item160000330902	item160000330902	3	2	2	11,140;33,140;35,230	330903	1,15000	35	1000	item160000000001,100	item160000000001,1	1,50000	11002	0	0	rune_hpsp3
330903	item160000330903	item160000330903	3	2	3	11,160;33,180;35,260	330904	1,20000	35	2000	item160000000001,100	item160000000001,1	1,50000	11003	11003	0	rune_hpsp3
330904	item160000330904	item160000330904	3	3	4	11,180;33,220;35,290	330905	1,25000	35	4000	item160000000001,100	item160000000001,1	1,50000	11003	11003	13004	rune_hpsp4
330905	item160000330905	item160000330905	3	3	5	11,200;33,260;35,320	330906	1,30000	35	8000	item160000000001,100	item160000000001,1	1,50000	11003	11003	13004	rune_hpsp4
330906	item160000330906	item160000330906	3	3	6	11,220;33,300;35,350	330907	1,35000	35	16000	item160000000001,100	item160000000001,1	1,300000	931006	932006	933006	rune_hpsp4
330907	item160000330907	item160000330907	3	4	7	11,240;33,340;35,380	330908	1,40000	35	32000	item160000000001,100	item160000000001,1	1,400000	931006	932006	933006	rune_hpsp5
330908	item160000330908	item160000330908	3	4	8	11,260;33,380;35,410	330909	1,45000	35	64000	item160000000001,100	item160000000001,1	1,500000	931006	932006	933006	rune_hpsp5
330909	item160000330909	item160000330909	3	4	9	11,280;33,420;35,440	330910	1,50000	35	128000	item160000000001,100	item160000000001,1	1,600000	931006	932006	933006	rune_hpsp5
330910	item160000330910	item160000330910	3	4	10	11,300;33,460;35,470	0	1,55000	35	256000	item160000000001,100	item160000000001,1	1,700000	931006	932006	933006	rune_hpsp5
