流水	属性库id	共鸣属性id
int	int	int
Id	DropBoxId	ResonatePropId
1	101011	10001
2	101011	10002
3	101012	10001
4	101012	10002
5	101021	10003
6	101021	10004
7	101022	10003
8	101022	10004
9	102011	10001
10	102011	10002
11	102012	10001
12	102012	10002
13	102021	10005
14	102021	10006
15	102022	10005
16	102022	10006
17	103011	10001
18	103011	10002
19	103012	10001
20	103012	10002
21	103021	10003
22	103021	10004
23	103022	10003
24	103022	10004
25	201011	10007
26	201011	10008
27	201012	10007
28	201012	10008
29	201013	10013
30	201013	10014
31	201013	10015
32	201013	10016
33	201013	10017
34	201021	10007
35	201021	10008
36	201022	10007
37	201022	10008
38	201023	10013
39	201023	10014
40	201023	10015
41	201023	10016
42	201023	10017
43	201031	10011
44	201031	10012
45	201032	10011
46	201032	10012
47	201033	10023
48	201033	10024
49	201033	10025
50	201033	10026
51	201033	10027
52	202011	10007
53	202011	10008
54	202012	10007
55	202012	10008
56	202013	10013
57	202013	10014
58	202013	10015
59	202013	10016
60	202013	10017
61	202021	10009
62	202021	10010
63	202022	10009
64	202022	10010
65	202023	10018
66	202023	10019
67	202023	10020
68	202023	10021
69	202023	10022
70	202031	10009
71	202031	10010
72	202032	10009
73	202032	10010
74	202033	10018
75	202033	10019
76	202033	10020
77	202033	10021
78	202033	10022
79	203011	10007
80	203011	10008
81	203012	10007
82	203012	10008
83	203013	10013
84	203013	10014
85	203013	10015
86	203013	10016
87	203013	10017
88	203021	10009
89	203021	10010
90	203022	10009
91	203022	10010
92	203023	10018
93	203023	10019
94	203023	10020
95	203023	10021
96	203023	10022
97	203031	10011
98	203031	10012
99	203032	10011
100	203032	10012
101	203033	10023
102	203033	10024
103	203033	10025
104	203033	10026
105	203033	10027
106	311011	10028
107	311011	10029
108	311012	10028
109	311012	10029
110	311013	10034
111	311013	10035
112	311013	10036
113	311013	10037
114	311013	10038
115	311014	10049
116	311014	10052
117	311021	10028
118	311021	10029
119	311022	10028
120	311022	10029
121	311023	10034
122	311023	10035
123	311023	10036
124	311023	10037
125	311023	10038
126	311024	10049
127	311024	10053
128	311031	10028
129	311031	10029
130	311032	10028
131	311032	10029
132	311033	10034
133	311033	10035
134	311033	10036
135	311033	10037
136	311033	10038
137	311034	10049
138	311034	10054
139	311041	10032
140	311041	10033
141	311042	10032
142	311042	10033
143	311043	10044
144	311043	10045
145	311043	10046
146	311043	10047
147	311043	10048
148	311044	10051
149	311044	10055
150	312011	10028
151	312011	10029
152	312012	10028
153	312012	10029
154	312013	10034
155	312013	10035
156	312013	10036
157	312013	10037
158	312013	10038
159	312014	10049
160	312014	10056
161	312021	10030
162	312021	10031
163	312022	10030
164	312022	10031
165	312023	10039
166	312023	10040
167	312023	10041
168	312023	10042
169	312023	10043
170	312024	10051
171	312024	10057
172	312031	10032
173	312031	10033
174	312032	10032
175	312032	10033
176	312033	10044
177	312033	10045
178	312033	10046
179	312033	10047
180	312033	10048
181	312034	10050
182	312034	10058
183	312041	10030
184	312041	10031
185	312042	10030
186	312042	10031
187	312043	10039
188	312043	10040
189	312043	10041
190	312043	10042
191	312043	10043
192	312044	10051
193	312044	10059
194	313011	10028
195	313011	10029
196	313012	10028
197	313012	10029
198	313013	10034
199	313013	10035
200	313013	10036
201	313013	10037
202	313013	10038
203	313014	10049
204	313014	10060
205	313021	10028
206	313021	10029
207	313022	10028
208	313022	10029
209	313023	10034
210	313023	10035
211	313023	10036
212	313023	10037
213	313023	10038
214	313024	10049
215	313024	10061
216	313031	10032
217	313031	10033
218	313032	10032
219	313032	10033
220	313033	10044
221	313033	10045
222	313033	10046
223	313033	10047
224	313033	10048
225	313034	10051
226	313034	10062
227	313041	10030
228	313041	10031
229	313042	10030
230	313042	10031
231	313043	10039
232	313043	10040
233	313043	10041
234	313043	10042
235	313043	10043
236	313044	10050
237	313044	10063
238	321011	10064
239	321011	10065
240	321012	10064
241	321012	10065
242	321013	10070
243	321013	10071
244	321013	10072
245	321013	10073
246	321013	10074
247	321014	10085
248	321014	10088
249	321021	10064
250	321021	10065
251	321022	10064
252	321022	10065
253	321023	10070
254	321023	10071
255	321023	10072
256	321023	10073
257	321023	10074
258	321024	10085
259	321024	10089
260	321031	10066
261	321031	10067
262	321032	10066
263	321032	10067
264	321033	10075
265	321033	10076
266	321033	10077
267	321033	10078
268	321033	10079
269	321034	10086
270	321034	10090
271	321041	10064
272	321041	10065
273	321042	10064
274	321042	10065
275	321043	10070
276	321043	10071
277	321043	10072
278	321043	10073
279	321043	10074
280	321044	10085
281	321044	10088
282	322011	10064
283	322011	10065
284	322012	10064
285	322012	10065
286	322013	10070
287	322013	10071
288	322013	10072
289	322013	10073
290	322013	10074
291	322014	10085
292	322014	10091
293	322021	10068
294	322021	10069
295	322022	10068
296	322022	10069
297	322023	10080
298	322023	10081
299	322023	10082
300	322023	10083
301	322023	10084
302	322024	10087
303	322024	10092
304	322031	10066
305	322031	10067
306	322032	10066
307	322032	10067
308	322033	10075
309	322033	10076
310	322033	10077
311	322033	10078
312	322033	10079
313	322034	10086
314	322034	10093
315	323011	10064
316	323011	10065
317	323012	10064
318	323012	10065
319	323013	10070
320	323013	10071
321	323013	10072
322	323013	10073
323	323013	10074
324	323014	10085
325	323014	10094
326	323021	10068
327	323021	10069
328	323022	10068
329	323022	10069
330	323023	10080
331	323023	10081
332	323023	10082
333	323023	10083
334	323023	10084
335	323024	10087
336	323024	10095
337	323031	10066
338	323031	10067
339	323032	10066
340	323032	10067
341	323033	10075
342	323033	10076
343	323033	10077
344	323033	10078
345	323033	10079
346	323034	10086
347	323034	10096
348	331011	10097
349	331011	10098
350	331012	10097
351	331012	10098
352	331013	10103
353	331013	10104
354	331013	10105
355	331013	10106
356	331013	10107
357	331014	10118
358	331014	10121
359	331021	10097
360	331021	10098
361	331022	10097
362	331022	10098
363	331023	10103
364	331023	10104
365	331023	10105
366	331023	10106
367	331023	10107
368	331024	10118
369	331024	10122
370	331031	10101
371	331031	10102
372	331032	10101
373	331032	10102
374	331033	10113
375	331033	10114
376	331033	10115
377	331033	10116
378	331033	10117
379	331034	10120
380	331034	10123
381	332011	10097
382	332011	10098
383	332012	10097
384	332012	10098
385	332013	10103
386	332013	10104
387	332013	10105
388	332013	10106
389	332013	10107
390	332014	10118
391	332014	10124
392	332021	10101
393	332021	10102
394	332022	10101
395	332022	10102
396	332023	10113
397	332023	10114
398	332023	10115
399	332023	10116
400	332023	10117
401	332024	10120
402	332024	10125
403	332031	10099
404	332031	10100
405	332032	10099
406	332032	10100
407	332033	10108
408	332033	10109
409	332033	10110
410	332033	10111
411	332033	10112
412	332034	10119
413	332034	10126
414	333011	10097
415	333011	10098
416	333012	10097
417	333012	10098
418	333013	10103
419	333013	10104
420	333013	10105
421	333013	10106
422	333013	10107
423	333014	10118
424	333014	10127
425	333021	10101
426	333021	10102
427	333022	10101
428	333022	10102
429	333023	10113
430	333023	10114
431	333023	10115
432	333023	10116
433	333023	10117
434	333024	10120
435	333024	10128
436	333031	10099
437	333031	10100
438	333032	10099
439	333032	10100
440	333033	10108
441	333033	10109
442	333033	10110
443	333033	10111
444	333033	10112
445	333034	10119
446	333034	10129
447	411011	10130
448	411011	10131
449	411012	10130
450	411012	10131
451	411013	10136
452	411013	10137
453	411013	10138
454	411013	10139
455	411013	10140
456	411014	10151
457	411014	10154
458	411015	10151
459	411015	10154
460	411021	10132
461	411021	10133
462	411022	10132
463	411022	10133
464	411023	10141
465	411023	10142
466	411023	10143
467	411023	10144
468	411023	10145
469	411024	10152
470	411024	10155
471	411025	10152
472	411025	10155
473	412011	10130
474	412011	10131
475	412012	10130
476	412012	10131
477	412013	10136
478	412013	10137
479	412013	10138
480	412013	10139
481	412013	10140
482	412014	10151
483	412014	10157
484	412015	10151
485	412015	10157
486	412021	10134
487	412021	10135
488	412022	10134
489	412022	10135
490	412023	10146
491	412023	10147
492	412023	10148
493	412023	10149
494	412023	10150
495	412024	10153
496	412024	10159
497	412025	10153
498	412025	10159
499	412031	10130
500	412031	10131
501	412032	10130
502	412032	10131
503	412033	10136
504	412033	10137
505	412033	10138
506	412033	10139
507	412033	10140
508	412034	10151
509	412034	10228
510	412034	10229
511	412035	10151
512	412035	10228
513	412035	10229
514	413011	10130
515	413011	10131
516	413012	10130
517	413012	10131
518	413013	10136
519	413013	10137
520	413013	10138
521	413013	10139
522	413013	10140
523	413014	10151
524	413014	10161
525	413015	10151
526	413015	10161
527	413021	10134
528	413021	10135
529	413022	10134
530	413022	10135
531	413023	10146
532	413023	10147
533	413023	10148
534	413023	10149
535	413023	10150
536	413024	10153
537	413024	10163
538	413025	10153
539	413025	10163
540	421011	10165
541	421011	10166
542	421012	10165
543	421012	10166
544	421013	10171
545	421013	10172
546	421013	10173
547	421013	10174
548	421013	10175
549	421014	10186
550	421014	10189
551	421015	10186
552	421015	10189
553	421021	10165
554	421021	10166
555	421022	10165
556	421022	10166
557	421023	10171
558	421023	10172
559	421023	10173
560	421023	10174
561	421023	10175
562	421024	10186
563	421024	10191
564	421024	10192
565	421025	10186
566	421025	10191
567	421025	10192
568	422011	10167
569	422011	10168
570	422012	10167
571	422012	10168
572	422013	10176
573	422013	10177
574	422013	10178
575	422013	10179
576	422013	10180
577	422014	10187
578	422014	10193
579	422015	10187
580	422015	10193
581	422021	10169
582	422021	10170
583	422022	10169
584	422022	10170
585	422023	10181
586	422023	10182
587	422023	10183
588	422023	10184
589	422023	10185
590	422024	10188
591	422024	10194
592	422025	10188
593	422025	10194
594	423011	10165
595	423011	10166
596	423012	10165
597	423012	10166
598	423013	10171
599	423013	10172
600	423013	10173
601	423013	10174
602	423013	10175
603	423014	10186
604	423014	10195
605	423014	10196
606	423015	10186
607	423015	10195
608	423015	10196
609	423021	10167
610	423021	10168
611	423022	10167
612	423022	10168
613	423023	10176
614	423023	10177
615	423023	10178
616	423023	10179
617	423023	10180
618	423024	10187
619	423024	10197
620	423025	10187
621	423025	10197
622	431011	10199
623	431011	10200
624	431012	10199
625	431012	10200
626	431013	10205
627	431013	10206
628	431013	10207
629	431013	10208
630	431013	10209
631	431014	10220
632	431014	10223
633	431015	10220
634	431015	10223
635	432011	10201
636	432011	10202
637	432012	10201
638	432012	10202
639	432013	10210
640	432013	10211
641	432013	10212
642	432013	10213
643	432013	10214
644	432014	10221
645	432014	10224
646	432014	10225
647	432015	10221
648	432015	10224
649	432015	10225
650	433011	10203
651	433011	10204
652	433012	10203
653	433012	10204
654	433013	10215
655	433013	10216
656	433013	10217
657	433013	10218
658	433013	10219
659	433014	10222
660	433014	10226
661	433015	10222
662	433015	10226
663	421031	10230
664	421031	10231
665	421032	10232
666	421032	10233
667	421033	10234
668	421033	10235
669	421033	10236
670	421033	10237
671	421033	10238
672	421034	10239
673	421034	10240
674	421035	10239
675	421035	10240
676	422031	10241
677	422031	10242
678	422032	10243
679	422032	10244
680	422033	10245
681	422033	10246
682	422033	10247
683	422033	10248
684	422033	10249
685	422034	10250
686	422034	10251
687	422035	10250
688	422035	10251
689	423031	10252
690	423031	10253
691	423032	10254
692	423032	10255
693	423033	10256
694	423033	10257
695	423033	10258
696	423033	10259
697	423033	10260
698	423034	10261
699	423034	10262
700	423035	10261
701	423035	10262
702	431021	10263
703	431021	10264
704	431022	10265
705	431022	10266
706	431023	10267
707	431023	10268
708	431023	10269
709	431023	10270
710	431023	10271
711	431024	10272
712	431024	10273
713	431025	10272
714	431025	10273
715	431031	10274
716	431031	10275
717	431032	10276
718	431032	10277
719	431033	10278
720	431033	10279
721	431033	10280
722	431033	10281
723	431033	10282
724	431034	10283
725	431034	10284
726	431035	10283
727	431035	10284
728	432021	10285
729	432021	10286
730	432022	10287
731	432022	10288
732	432023	10289
733	432023	10290
734	432023	10291
735	432023	10292
736	432023	10293
737	432024	10294
738	432024	10295
739	432025	10294
740	432025	10295
741	432031	10296
742	432031	10297
743	432032	10298
744	432032	10299
745	432033	10300
746	432033	10301
747	432033	10302
748	432033	10303
749	432033	10304
750	432034	10305
751	432034	10306
752	432035	10305
753	432035	10306
754	432041	10307
755	432041	10308
756	432042	10309
757	432042	10310
758	432043	10311
759	432043	10312
760	432043	10313
761	432043	10314
762	432043	10315
763	432044	10316
764	432044	10317
765	432045	10316
766	432045	10317
767	433021	10318
768	433021	10319
769	433022	10320
770	433022	10321
771	433023	10322
772	433023	10323
773	433023	10324
774	433023	10325
775	433023	10326
776	433024	10327
777	433024	10328
778	433025	10327
779	433025	10328
780	433031	10329
781	433031	10330
782	433032	10331
783	433032	10332
784	433033	10333
785	433033	10334
786	433033	10335
787	433033	10336
788	433033	10337
789	433034	10338
790	433034	10339
791	433035	10338
792	433035	10339
793	433036	10340
794	433036	10341
795	433037	10342
796	433037	10343
797	433038	10344
798	433038	10345
799	433038	10346
800	433038	10347
801	433038	10348
802	433039	10349
803	433039	10350
804	433040	10349
805	433040	10350
806	433041	10351
807	433041	10352
808	433042	10353
809	433042	10354
810	433043	10355
811	433043	10356
812	433043	10357
813	433043	10358
814	433043	10359
815	433044	10360
816	433044	10361
817	433045	10360
818	433045	10361
819	433046	10362
820	433046	10363
821	433047	10364
822	433047	10365
823	433048	10366
824	433048	10367
825	433048	10368
826	433048	10369
827	433048	10370
828	433049	10371
829	433049	10372
830	433050	10371
831	433050	10372
832	433051	10373
833	433051	10374
834	433052	10375
835	433052	10376
836	433053	10377
837	433053	10378
838	433053	10379
839	433053	10380
840	433053	10381
841	433054	10382
842	433054	10383
843	433055	10382
844	433055	10383
845	433056	10384
846	433056	10385
847	433057	10386
848	433057	10387
849	433058	10388
850	433058	10389
851	433058	10390
852	433058	10391
853	433058	10392
854	433059	10393
855	433059	10394
856	433060	10393
857	433060	10394
858	433061	10395
859	433061	10396
860	433062	10397
861	433062	10398
862	433063	10399
863	433063	10400
864	433063	10401
865	433063	10402
866	433063	10403
867	433064	10404
868	433064	10405
869	433065	10404
870	433065	10405
871	433066	10406
872	433066	10407
873	433067	10408
874	433067	10409
875	433068	10410
876	433068	10411
877	433068	10412
878	433068	10413
879	433068	10414
880	433069	10415
881	433069	10416
882	433070	10417
883	433070	10418
884	433071	10419
885	433071	10420
886	433072	10421
887	433072	10422
888	433072	10423
889	433072	10424
890	433072	10425
891	433073	10426
892	433073	10427
893	433074	10426
894	433074	10427
895	433075	10428
896	433075	10429
897	433076	10430
898	433076	10431
899	433077	10432
900	433077	10433
901	433077	10434
902	433077	10435
903	433077	10436
904	433078	10437
905	433078	10438
906	433079	10437
907	433079	10438
908	433080	10439
909	433080	10440
910	433081	10441
911	433081	10442
912	433082	10443
913	433082	10444
914	433082	10445
915	433082	10446
916	433082	10447
917	433083	10448
918	433083	10449
919	433084	10448
920	433084	10449
921	433085	10450
922	433085	10451
923	433086	10452
924	433086	10453
925	433087	10454
926	433087	10455
927	433087	10456
928	433087	10457
929	433087	10458
930	433088	10459
931	433088	10460
932	433089	10459
933	433089	10460
934	433090	10461
935	433090	10462
936	433091	10463
937	433091	10464
938	433092	10465
939	433092	10466
940	433092	10467
941	433092	10468
942	433092	10469
943	433093	10470
944	433093	10471
945	433094	10470
946	433094	10471
947	433095	10472
948	433095	10473
949	433096	10474
950	433096	10475
951	433097	10476
952	433097	10477
953	433097	10478
954	433097	10479
955	433097	10480
956	433098	10481
957	433098	10482
958	433099	10481
959	433099	10482
960	433100	10483
961	433100	10484
962	433101	10485
963	433101	10486
964	433102	10487
965	433102	10488
966	433102	10489
967	433102	10490
968	433102	10491
969	433103	10492
970	433103	10493
971	433104	10492
972	433104	10493
973	433105	10494
974	433105	10495
975	433106	10496
976	433106	10497
977	433107	10498
978	433107	10499
979	433107	10500
980	433107	10501
981	433107	10502
982	433108	10503
983	433108	10504
984	433109	10503
985	433109	10504
986	433110	10505
987	433110	10506
988	433111	10507
989	433111	10508
990	433112	10509
991	433112	10510
992	433112	10511
993	433112	10512
994	433112	10513
995	433113	10514
996	433113	10515
997	433113	10516
998	433113	10517
999	433113	10518
1000	433113	10519
1001	433113	10520
1002	433113	10521
1003	433113	10522
1004	433113	10523
1005	433114	10514
1006	433114	10515
1007	433114	10516
1008	433114	10517
1009	433114	10518
1010	433114	10519
1011	433114	10520
1012	433114	10521
1013	433114	10522
1014	433114	10523
1015	433115	10524
1016	433115	10525
1017	433116	10526
1018	433116	10527
1019	433117	10528
1020	433117	10529
1021	433117	10530
1022	433117	10531
1023	433117	10532
1024	433118	10533
1025	433118	10534
1026	433119	10533
1027	433119	10534
1028	433120	10535
1029	433120	10536
1030	433121	10537
1031	433121	10538
1032	433122	10539
1033	433122	10540
1034	433122	10541
1035	433122	10542
1036	433122	10543
1037	433123	10544
1038	433123	10545
1039	433124	10544
1040	433124	10545
1041	433125	10546
1042	433125	10547
1043	433126	10548
1044	433126	10549
1045	433127	10550
1046	433127	10551
1047	433127	10552
1048	433127	10553
1049	433127	10554
1050	433128	10555
1051	433128	10556
1052	433129	10555
1053	433129	10556
1054	433130	10557
1055	433130	10558
1056	433131	10559
1057	433131	10560
1058	433132	10561
1059	433132	10562
1060	433132	10563
1061	433132	10564
1062	433132	10565
1063	433133	10566
1064	433133	10567
1065	433134	10566
1066	433134	10567
1067	433135	10568
1068	433135	10569
1069	433136	10570
1070	433136	10571
1071	433137	10572
1072	433137	10573
1073	433137	10574
1074	433137	10575
1075	433137	10576
1076	433138	10577
1077	433138	10578
1078	433139	10577
1079	433139	10578
1080	433140	10579
1081	433140	10580
1082	433141	10581
1083	433141	10582
1084	433142	10583
1085	433142	10584
1086	433142	10585
1087	433142	10586
1088	433142	10587
1089	433143	10588
1090	433143	10589
1091	433144	10588
1092	433144	10589
1093	433145	10590
1094	433145	10591
1095	433146	10592
1096	433146	10593
1097	433147	10594
1098	433147	10595
1099	433147	10596
1100	433147	10597
1101	433147	10598
1102	433148	10599
1103	433148	10600
1104	433148	10601
1105	433149	10599
1106	433149	10600
1107	433149	10601
1108	433150	10602
1109	433150	10603
1110	433151	10604
1111	433151	10605
1112	433152	10606
1113	433152	10607
1114	433152	10608
1115	433152	10609
1116	433152	10610
1117	433153	10611
1118	433153	10612
1119	433154	10611
1120	433154	10612
1121	433155	10613
1122	433155	10614
1123	433156	10615
1124	433156	10616
1125	433157	10617
1126	433157	10618
1127	433157	10619
1128	433157	10620
1129	433157	10621
1130	433158	10622
1131	433158	10623
1132	433159	10622
1133	433159	10623
1134	433160	10624
1135	433160	10625
1136	433161	10626
1137	433161	10627
1138	433162	10628
1139	433162	10629
1140	433162	10630
1141	433162	10631
1142	433162	10632
1143	433163	10633
1144	433163	10634
1145	433164	10633
1146	433164	10634
1147	433165	10635
1148	433166	10636
1149	433167	10637
1150	433168	10638
1151	433169	10639
1152	433170	10640
1153	433171	10641
1154	433172	10642
1155	433173	10643
1156	433174	10644
1157	433175	10645
1158	433176	10646
1159	433177	10647
1160	433178	10648
1161	433179	10649
1162	433180	10650
1163	433181	10651
1164	433182	10652
1165	433183	10653
1166	433184	10654
1167	433185	10655
1168	433186	10656
1169	433187	10657
1170	433188	10658
1171	433189	10659
1172	433190	10660
1173	433191	10661
1174	433192	10662
1175	433193	10663
1176	433194	10664
1177	433194	10665
1178	433195	10666
1179	433195	10667
1180	433196	10668
1181	433196	10669
1182	433196	10670
1183	433196	10671
1184	433196	10672
1185	433197	10673
1186	433197	10674
1187	433198	10673
1188	433198	10674
1189	433199	10675
1190	433199	10676
1191	433200	10677
1192	433200	10678
1193	433201	10679
1194	433201	10680
1195	433201	10681
1196	433201	10682
1197	433201	10683
1198	433202	10684
1199	433202	10685
1200	433203	10684
1201	433203	10685
1202	433204	10686
1203	433204	10687
1204	433205	10688
1205	433205	10689
1206	433206	10690
1207	433206	10691
1208	433206	10692
1209	433206	10693
1210	433206	10694
1211	433207	10695
1212	433207	10696
1213	433208	10695
1214	433208	10696
1215	433209	10697
1216	433209	10698
1217	433210	10699
1218	433210	10700
1219	433211	10701
1220	433211	10702
1221	433211	10703
1222	433211	10704
1223	433211	10705
1224	433212	10706
1225	433212	10707
1226	433213	10706
1227	433213	10707
1228	433214	10708
1229	433214	10709
1230	433215	10710
1231	433215	10711
1232	433216	10712
1233	433216	10713
1234	433216	10714
1235	433216	10715
1236	433216	10716
1237	433217	10717
1238	433217	10718
1239	433218	10717
1240	433218	10718
1241	433219	10719
1242	433219	10720
1243	433220	10721
1244	433220	10722
1245	433221	10723
1246	433221	10724
1247	433221	10725
1248	433221	10726
1249	433221	10727
1250	433222	10728
1251	433222	10729
1252	433223	10728
1253	433223	10729
1254	433224	10730
1255	433224	10731
1256	433225	10732
1257	433225	10733
1258	433226	10734
1259	433226	10735
1260	433226	10736
1261	433226	10737
1262	433226	10738
1263	433227	10739
1264	433227	10740
1265	433227	10741
1266	433227	10742
1267	433227	10743
1268	433227	10744
1269	433227	10745
1270	433227	10746
1271	433227	10747
1272	433227	10748
1273	433227	10749
1274	433227	10750
1275	433227	10751
1276	433227	10752
1277	433227	10753
1278	433227	10754
1279	433227	10755
1280	433227	10756
1281	433227	10757
1282	433227	10758
1283	433227	10759
1284	433227	10760
1285	433227	10761
1286	433227	10762
1287	433227	10763
1288	433227	10764
1289	433227	10765
1290	433227	10766
1291	433227	10767
1292	433227	10768
1293	433227	10769
1294	433227	10770
1295	433227	10771
1296	433227	10772
1297	433227	10773
1298	433227	10774
1299	433227	10775
1300	433227	10776
1301	433227	10777
1302	433227	10778
1303	433227	10779
1304	433227	10780
1305	433228	10781
1306	433228	10782
1307	433229	10783
1308	433229	10784
1309	433230	10785
1310	433230	10786
1311	433230	10787
1312	433230	10788
1313	433230	10789
1314	433231	10739
1315	433231	10740
1316	433231	10741
1317	433231	10742
1318	433231	10743
1319	433231	10744
1320	433231	10745
1321	433231	10746
1322	433231	10747
1323	433231	10748
1324	433231	10749
1325	433231	10750
1326	433231	10751
1327	433231	10752
1328	433231	10753
1329	433231	10754
1330	433231	10755
1331	433231	10756
1332	433231	10757
1333	433231	10758
1334	433231	10759
1335	433231	10760
1336	433231	10761
1337	433231	10762
1338	433231	10763
1339	433231	10764
1340	433231	10765
1341	433231	10766
1342	433231	10767
1343	433231	10768
1344	433231	10769
1345	433231	10770
1346	433231	10771
1347	433231	10772
1348	433231	10773
1349	433231	10774
1350	433231	10775
1351	433231	10776
1352	433231	10777
1353	433231	10778
1354	433231	10779
1355	433231	10780
1356	433232	10739
1357	433232	10740
1358	433232	10741
1359	433232	10742
1360	433232	10743
1361	433232	10744
1362	433232	10745
1363	433232	10746
1364	433232	10747
1365	433232	10748
1366	433232	10749
1367	433232	10750
1368	433232	10751
1369	433232	10752
1370	433232	10753
1371	433232	10754
1372	433232	10755
1373	433232	10756
1374	433232	10757
1375	433232	10758
1376	433232	10759
1377	433232	10760
1378	433232	10761
1379	433232	10762
1380	433232	10763
1381	433232	10764
1382	433232	10765
1383	433232	10766
1384	433232	10767
1385	433232	10768
1386	433232	10769
1387	433232	10770
1388	433232	10771
1389	433232	10772
1390	433232	10773
1391	433232	10774
1392	433232	10775
1393	433232	10776
1394	433232	10777
1395	433232	10778
1396	433232	10779
1397	433232	10780
1398	433233	10790
1399	433233	10791
1400	433234	10792
1401	433234	10793
1402	433235	10794
1403	433235	10795
1404	433235	10796
1405	433235	10797
1406	433235	10798
1407	433236	10799
1408	433236	10800
1409	433236	10801
1410	433236	10802
1411	433236	10803
1412	433236	10804
1413	433236	10805
1414	433236	10806
1415	433236	10807
1416	433236	10808
1417	433236	10809
1418	433236	10810
1419	433236	10811
1420	433236	10812
1421	433236	10813
1422	433236	10814
1423	433236	10815
1424	433236	10816
1425	433236	10817
1426	433236	10818
1427	433236	10819
1428	433236	10820
1429	433236	10821
1430	433236	10822
1431	433236	10823
1432	433236	10824
1433	433236	10825
1434	433236	10826
1435	433236	10827
1436	433236	10828
1437	433236	10829
1438	433236	10830
1439	433236	10831
1440	433236	10832
1441	433236	10833
1442	433236	10834
1443	433236	10835
1444	433236	10836
1445	433236	10837
1446	433236	10838
1447	433236	10839
1448	433236	10840
1449	433236	10841
1450	433236	10842
1451	433236	10843
1452	433236	10844
1453	433236	10845
1454	433236	10846
1455	433236	10847
1456	433236	10848
1457	433236	10849
1458	433236	10850
1459	433236	10851
1460	433236	10852
1461	433236	10853
1462	433236	10854
1463	433236	10855
1464	433236	10856
1465	433236	10857
1466	433236	10858
1467	433236	10859
1468	433236	10860
1469	433236	10861
1470	433236	10862
1471	433237	10799
1472	433237	10800
1473	433237	10801
1474	433237	10802
1475	433237	10803
1476	433237	10804
1477	433237	10805
1478	433237	10806
1479	433237	10807
1480	433237	10808
1481	433237	10809
1482	433237	10810
1483	433237	10811
1484	433237	10812
1485	433237	10813
1486	433237	10814
1487	433237	10815
1488	433237	10816
1489	433237	10817
1490	433237	10818
1491	433237	10819
1492	433237	10820
1493	433237	10821
1494	433237	10822
1495	433237	10823
1496	433237	10824
1497	433237	10825
1498	433237	10826
1499	433237	10827
1500	433237	10828
1501	433237	10829
1502	433237	10830
1503	433237	10831
1504	433237	10832
1505	433237	10833
1506	433237	10834
1507	433237	10835
1508	433237	10836
1509	433237	10837
1510	433237	10838
1511	433237	10839
1512	433237	10840
1513	433237	10841
1514	433237	10842
1515	433237	10843
1516	433237	10844
1517	433237	10845
1518	433237	10846
1519	433237	10847
1520	433237	10848
1521	433237	10849
1522	433237	10850
1523	433237	10851
1524	433237	10852
1525	433237	10853
1526	433237	10854
1527	433237	10855
1528	433237	10856
1529	433237	10857
1530	433237	10858
1531	433237	10859
1532	433237	10860
1533	433237	10861
1534	433237	10862
1535	433238	10863
1536	433238	10864
1537	433239	10865
1538	433239	10866
1539	433240	10867
1540	433240	10868
1541	433240	10869
1542	433240	10870
1543	433240	10871
1544	433241	10872
1545	433241	10873
1546	433241	10874
1547	433241	10875
1548	433241	10876
1549	433241	10877
1550	433241	10878
1551	433241	10879
1552	433241	10880
1553	433241	10881
1554	433241	10882
1555	433241	10883
1556	433241	10884
1557	433241	10885
1558	433241	10886
1559	433241	10887
1560	433241	10888
1561	433241	10889
1562	433241	10890
1563	433241	10891
1564	433241	10892
1565	433241	10893
1566	433241	10894
1567	433241	10895
1568	433241	10896
1569	433241	10897
1570	433241	10898
1571	433241	10899
1572	433241	10900
1573	433241	10901
1574	433241	10902
1575	433241	10903
1576	433241	10904
1577	433241	10905
1578	433241	10906
1579	433241	10907
1580	433241	10908
1581	433241	10909
1582	433241	10910
1583	433241	10911
1584	433241	10912
1585	433241	10913
1586	433241	10914
1587	433241	10915
1588	433241	10916
1589	433241	10917
1590	433241	10918
1591	433241	10919
1592	433241	10920
1593	433241	10921
1594	433241	10922
1595	433241	10923
1596	433241	10924
1597	433241	10925
1598	433241	10926
1599	433241	10927
1600	433241	10928
1601	433241	10929
1602	433241	10930
1603	433241	10931
1604	433241	10932
1605	433241	10933
1606	433242	10872
1607	433242	10873
1608	433242	10874
1609	433242	10875
1610	433242	10876
1611	433242	10877
1612	433242	10878
1613	433242	10879
1614	433242	10880
1615	433242	10881
1616	433242	10882
1617	433242	10883
1618	433242	10884
1619	433242	10885
1620	433242	10886
1621	433242	10887
1622	433242	10888
1623	433242	10889
1624	433242	10890
1625	433242	10891
1626	433242	10892
1627	433242	10893
1628	433242	10894
1629	433242	10895
1630	433242	10896
1631	433242	10897
1632	433242	10898
1633	433242	10899
1634	433242	10900
1635	433242	10901
1636	433242	10902
1637	433242	10903
1638	433242	10904
1639	433242	10905
1640	433242	10906
1641	433242	10907
1642	433242	10908
1643	433242	10909
1644	433242	10910
1645	433242	10911
1646	433242	10912
1647	433242	10913
1648	433242	10914
1649	433242	10915
1650	433242	10916
1651	433242	10917
1652	433242	10918
1653	433242	10919
1654	433242	10920
1655	433242	10921
1656	433242	10922
1657	433242	10923
1658	433242	10924
1659	433242	10925
1660	433242	10926
1661	433242	10927
1662	433242	10928
1663	433242	10929
1664	433242	10930
1665	433242	10931
1666	433242	10932
1667	433242	10933
1668	433243	10934
1669	433243	10935
1670	433244	10936
1671	433244	10937
1672	433245	10938
1673	433245	10939
1674	433245	10940
1675	433245	10941
1676	433245	10942
1677	433246	10943
1678	433246	10944
1679	433247	10945
1680	433247	10946
1681	433248	10947
1682	433248	10948
1683	433249	10949
1684	433249	10950
1685	433249	10951
1686	433249	10952
1687	433249	10953
1688	433250	10954
1689	433250	10955
1690	431251	10956
1691	431251	10957
1692	431252	10958
1693	431252	10959
1694	431253	10960
1695	431253	10961
1696	431253	10962
1697	431253	10963
1698	431253	10964
1699	431254	10965
1700	431254	10966
1701	431255	10967
1702	431255	10968
1703	431256	10969
1704	431257	10970
1705	431258	10971
1706	431259	10972
1707	431260	10973
1708	431260	10974
1709	431261	10975
1710	431261	10976
1711	431262	10977
1712	431262	10978
1713	431262	10979
1714	431262	10980
1715	431262	10981
1716	431263	10982
1717	431263	10983
1718	431264	10982
1719	431264	10983
1720	431265	10984
1721	431265	10985
1722	431266	10986
1723	431266	10987
1724	431267	10988
1725	431267	10989
1726	431267	10990
1727	431267	10991
1728	431267	10992
1729	431268	10993
1730	431268	10994
1731	431269	10993
1732	431269	10994
1733	431270	10995
1734	431270	10996
1735	431271	10997
1736	431271	10998
1737	431272	10999
1738	431272	11000
1739	431272	11001
1740	431272	11002
1741	431272	11003
1742	431273	11004
1743	431273	11005
1744	431274	11004
1745	431274	11005
1746	431275	11006
1747	431275	11007
1748	431276	11008
1749	431276	11009
1750	431277	11010
1751	431277	11011
1752	431277	11012
1753	431277	11013
1754	431277	11014
1755	431278	11015
1756	431278	11016
1757	431279	11015
1758	431279	11016
1759	431280	43128001
1760	431280	43128002
1761	431281	43128101
1762	431281	43128102
1763	431282	43128201
1764	431282	43128202
1765	431282	43128203
1766	431282	43128204
1767	431282	43128205
1768	431283	43128301
1769	431283	43128302
1770	431284	43128401
1771	431284	43128402
1772	431285	43128501
1773	431285	43128502
1774	431285	43128503
1775	431285	43128504
1776	431285	43128505
1777	431285	43128506
1778	431285	43128507
1779	431286	43128601
1780	431286	43128602
1781	431287	43128701
1782	431287	43128702
1783	431288	43128801
1784	431288	43128802
1785	431288	43128803
1786	431288	43128804
1787	431288	43128805
1788	431289	43128901
1789	431289	43128902
1790	431290	43129001
1791	431290	43129002
1792	431291	43129101
1793	431291	43129102
1794	431291	43129103
1795	431291	43129104
1796	431291	43129105
1797	431291	43129106
1798	431291	43129107
1799	431292	43129201
1800	431292	43129202
1801	431293	43129301
1802	431293	43129302
1803	431294	43129401
1804	431294	43129402
1805	431294	43129403
1806	431294	43129404
1807	431294	43129405
1808	431295	43129501
1809	431295	43129502
1810	431296	43129601
1811	431296	43129602
1812	431297	43129701
1813	431297	43129702
1814	431297	43129703
1815	431297	43129704
1816	431297	43129705
1817	431297	43129706
1818	431297	43129707
1819	431298	43129801
1820	431298	43129802
1821	431299	43129901
1822	431299	43129902
1823	431300	43130001
1824	431300	43130002
1825	431300	43130003
1826	431300	43130004
1827	431300	43130005
1828	431301	43130101
1829	431301	43130102
1830	431302	43130201
1831	431302	43130202
1832	431303	43130301
1833	431303	43130302
1834	431303	43130303
1835	431303	43130304
1836	431303	43130305
1837	431303	43130306
1838	431303	43130307
1839	431304	43130401
1840	431304	43130402
1841	431305	43130501
1842	431305	43130502
1843	431306	43130601
1844	431306	43130602
1845	431306	43130603
1846	431306	43130604
1847	431306	43130605
1848	431307	43130701
1849	431307	43130702
1850	431308	43130801
1851	431308	43130802
1852	431309	43130901
1853	431309	43130902
1854	431309	43130903
1855	431309	43130904
1856	431309	43130905
1857	431309	43130906
1858	431309	43130907
1859	431310	43131001
1860	431311	43131101
1861	431312	43131201
1862	431313	43131301
1863	431314	43131401
1864	431315	43131501
1865	431316	43131601
1866	431316	43131602
1867	431317	43131701
1868	431317	43131702
1869	431318	43131801
1870	431318	43131802
1871	431318	43131803
1872	431318	43131804
1873	431318	43131805
1874	431319	43131901
1875	431319	43131902
1876	431320	43132001
1877	431320	43132002
1878	431321	43132101
1879	431321	43132102
1880	431321	43132103
1881	431321	43132104
1882	431321	43132105
1883	431321	43132106
1884	431321	43132107
1885	431322	43132201
1886	431322	43132202
1887	431323	43132301
1888	431323	43132302
1889	431324	43132401
1890	431324	43132402
1891	431324	43132403
1892	431324	43132404
1893	431324	43132405
1894	431325	43132501
1895	431325	43132502
1896	431326	43132601
1897	431326	43132602
1898	431327	43132701
1899	431327	43132702
1900	431327	43132703
1901	431327	43132704
1902	431327	43132705
1903	431327	43132706
1904	431327	43132707
1905	431328	43132801
1906	431328	43132802
1907	431329	43132901
1908	431329	43132902
1909	431330	43133001
1910	431330	43133002
1911	431330	43133003
1912	431330	43133004
1913	431330	43133005
1914	431331	43133101
1915	431331	43133102
1916	431332	43133201
1917	431332	43133202
1918	431333	43133301
1919	431333	43133302
1920	431333	43133303
1921	431333	43133304
1922	431333	43133305
1923	431333	43133306
1924	431333	43133307
1925	431334	43133401
1926	431334	43133402
1927	431335	43133501
1928	431335	43133502
1929	431336	43133601
1930	431336	43133602
1931	431336	43133603
1932	431336	43133604
1933	431336	43133605
1934	431337	43133701
1935	431337	43133702
1936	431338	43133801
1937	431338	43133802
1938	431339	43133901
1939	431339	43133902
1940	431339	43133903
1941	431339	43133904
1942	431339	43133905
1943	431339	43133906
1944	431339	43133907
1945	431340	43134001
1946	431340	43134002
1947	431341	43134101
1948	431341	43134102
1949	431342	43134201
1950	431342	43134202
1951	431342	43134203
1952	431342	43134204
1953	431342	43134205
1954	431343	43134301
1955	431343	43134302
1956	431344	43134401
1957	431344	43134402
1958	431345	43134501
1959	431345	43134502
1960	431345	43134503
1961	431345	43134504
1962	431345	43134505
1963	431345	43134506
1964	431345	43134507
1965	431346	43134601
1966	431346	43134602
1967	431347	43134701
1968	431347	43134702
1969	431348	43134801
1970	431348	43134802
1971	431348	43134803
1972	431348	43134804
1973	431348	43134805
1974	431349	43134901
1975	431349	43134902
1976	431350	43135001
1977	431350	43135002
1978	431351	43135101
1979	431351	43135102
1980	431351	43135103
1981	431351	43135104
1982	431351	43135105
1983	431351	43135106
1984	431351	43135107
1985	431352	43135201
1986	431352	43135202
1987	431353	43135301
1988	431353	43135302
1989	431354	43135401
1990	431354	43135402
1991	431354	43135403
1992	431354	43135404
1993	431354	43135405
1994	431355	43135501
1995	431355	43135502
1996	431356	43135601
1997	431356	43135602
1998	431357	43135701
1999	431357	43135702
2000	431357	43135703
2001	431357	43135704
2002	431357	43135705
2003	431357	43135706
2004	431357	43135707
2005	431358	43135801
2006	431358	43135802
2007	431359	43135901
2008	431359	43135902
2009	431360	43136001
2010	431360	43136002
2011	431360	43136003
2012	431360	43136004
2013	431360	43136005
2014	431361	43136101
2015	431361	43136102
2016	431362	43136201
2017	431362	43136202
2018	431363	43136301
2019	431363	43136302
2020	431363	43136303
2021	431363	43136304
2022	431363	43136305
2023	431363	43136306
2024	431363	43136307
2025	431364	43136401
2026	431364	43136402
2027	431365	43136501
2028	431365	43136502
2029	431366	43136601
2030	431366	43136602
2031	431366	43136603
2032	431366	43136604
2033	431366	43136605
2034	431367	43136701
2035	431367	43136702
2036	431368	43136801
2037	431368	43136802
2038	431369	43136901
2039	431369	43136902
2040	431369	43136903
2041	431369	43136904
2042	431369	43136905
2043	431369	43136906
2044	431369	43136907
2045	431370	43137001
2046	431371	43137101
2047	431372	43137201
2048	431373	43137301
2049	431374	43137401
2050	431375	43137501
2051	431376	43137601
2052	431376	43137602
2053	431377	43137701
2054	431377	43137702
2055	431378	43137801
2056	431378	43137802
2057	431378	43137803
2058	431378	43137804
2059	431378	43137805
2060	431379	43137901
2061	431379	43137902
2062	431380	43138001
2063	431380	43138002
2064	431381	43138101
2065	431381	43138102
2066	431381	43138103
2067	431381	43138104
2068	431381	43138105
2069	431381	43138106
2070	431381	43138107
2071	431382	43138201
2072	431382	43138202
2073	431383	43138301
2074	431383	43138302
2075	431384	43138401
2076	431384	43138402
2077	431384	43138403
2078	431384	43138404
2079	431384	43138405
2080	431385	43138501
2081	431385	43138502
2082	431385	43138503
2083	431385	43138504
2084	431385	43138505
2085	431385	43138506
2086	431385	43138507
2087	431385	43138508
2088	431385	43138509
2089	431385	43138510
2090	431385	43138511
2091	431385	43138512
2092	431385	43138513
2093	431385	43138514
2094	431385	43138515
2095	431385	43138516
2096	431385	43138517
2097	431385	43138518
2098	431385	43138519
2099	431385	43138520
2100	431385	43138521
2101	431385	43138522
2102	431385	43138523
2103	431385	43138524
2104	431385	43138525
2105	431385	43138526
2106	431385	43138527
2107	431385	43138528
2108	431385	43138529
2109	431385	43138530
2110	431385	43138531
2111	431385	43138532
2112	431385	43138533
2113	431385	43138534
2114	431385	43138535
2115	431385	43138536
2116	431385	43138537
2117	431385	43138538
2118	431385	43138539
2119	431385	43138540
2120	431385	43138541
2121	431385	43138542
2122	431385	43138543
2123	431385	43138544
2124	431385	43138545
2125	431385	43138546
2126	431385	43138547
2127	431385	43138548
2128	431385	43138549
2129	431385	43138550
2130	431385	43138551
2131	431385	43138552
2132	431385	43138553
2133	431385	43138554
2134	431385	43138555
2135	431385	43138556
2136	431385	43138557
2137	431385	43138558
2138	431385	43138559
2139	431385	43138560
2140	431385	43138561
2141	431385	43138562
2142	431386	43138601
2143	431386	43138602
2144	431386	43138603
2145	431386	43138604
2146	431386	43138605
2147	431386	43138606
2148	431386	43138607
2149	431386	43138608
2150	431386	43138609
2151	431386	43138610
2152	431386	43138611
2153	431386	43138612
2154	431386	43138613
2155	431386	43138614
2156	431386	43138615
2157	431386	43138616
2158	431386	43138617
2159	431386	43138618
2160	431386	43138619
2161	431386	43138620
2162	431386	43138621
2163	431386	43138622
2164	431386	43138623
2165	431386	43138624
2166	431386	43138625
2167	431386	43138626
2168	431386	43138627
2169	431386	43138628
2170	431386	43138629
2171	431386	43138630
2172	431386	43138631
2173	431386	43138632
2174	431386	43138633
2175	431386	43138634
2176	431386	43138635
2177	431386	43138636
2178	431386	43138637
2179	431386	43138638
2180	431386	43138639
2181	431386	43138640
2182	431386	43138641
2183	431386	43138642
2184	431386	43138643
2185	431386	43138644
2186	431386	43138645
2187	431386	43138646
2188	431386	43138647
2189	431386	43138648
2190	431386	43138649
2191	431386	43138650
2192	431386	43138651
2193	431386	43138652
2194	431386	43138653
2195	431386	43138654
2196	431386	43138655
2197	431386	43138656
2198	431386	43138657
2199	431386	43138658
2200	431386	43138659
2201	431386	43138660
2202	431386	43138661
2203	431386	43138662
2204	431387	43138701
2205	431387	43138702
2206	431387	43138703
2207	431387	43138704
2208	431387	43138705
2209	431387	43138706
2210	431387	43138707
2211	431387	43138708
2212	431387	43138709
2213	431387	43138710
2214	431387	43138711
2215	431387	43138712
2216	431387	43138713
2217	431387	43138714
2218	431387	43138715
2219	431387	43138716
2220	431387	43138717
2221	431387	43138718
2222	431387	43138719
2223	431387	43138720
2224	431387	43138721
2225	431387	43138722
2226	431387	43138723
2227	431387	43138724
2228	431387	43138725
2229	431387	43138726
2230	431387	43138727
2231	431387	43138728
2232	431387	43138729
2233	431387	43138730
2234	431387	43138731
2235	431387	43138732
2236	431387	43138733
2237	431387	43138734
2238	431387	43138735
2239	431387	43138736
2240	431387	43138737
2241	431387	43138738
2242	431387	43138739
2243	431387	43138740
2244	431387	43138741
2245	431387	43138742
2246	431387	43138743
2247	431387	43138744
2248	431387	43138745
2249	431387	43138746
2250	431387	43138747
2251	431387	43138748
2252	431387	43138749
2253	431387	43138750
2254	431387	43138751
2255	431387	43138752
2256	431387	43138753
2257	431387	43138754
2258	431387	43138755
2259	431387	43138756
2260	431387	43138757
2261	431387	43138758
2262	431387	43138759
2263	431387	43138760
2264	431387	43138761
2265	431387	43138762
2266	431388	43138801
2267	431388	43138802
2268	431389	43138901
2269	431389	43138902
2270	431390	43139001
2271	431390	43139002
2272	431390	43139003
2273	431390	43139004
2274	431390	43139005
2275	431391	43139101
2276	431391	43139102
2277	431392	43139201
2278	431392	43139202
2279	431393	43139301
2280	431393	43139302
2281	431393	43139303
2282	431393	43139304
2283	431393	43139305
2284	431393	43139306
2285	431393	43139307
2286	431394	43139401
2287	431394	43139402
2288	431395	43139501
2289	431395	43139502
2290	431396	43139601
2291	431396	43139602
2292	431396	43139603
2293	431396	43139604
2294	431396	43139605
2295	431397	43139701
2296	431397	43139702
2297	431397	43139703
2298	431397	43139704
2299	431397	43139705
2300	431397	43139706
2301	431398	43139801
2302	431398	43139802
2303	431398	43139803
2304	431398	43139804
2305	431398	43139805
2306	431398	43139806
2307	431399	43139901
2308	431399	43139902
2309	431399	43139903
2310	431399	43139904
2311	431399	43139905
2312	431399	43139906
2313	431399	43139907
2314	431400	43140001
2315	431400	43140002
2316	431401	43140101
2317	431401	43140102
2318	431402	43140201
2319	431402	43140202
2320	431402	43140203
2321	431402	43140204
2322	431402	43140205
2323	431403	43140301
2324	431403	43140302
2325	431404	43140401
2326	431404	43140402
2327	431405	43140501
2328	431405	43140502
2329	431405	43140503
2330	431405	43140504
2331	431405	43140505
2332	431405	43140506
2333	431405	43140507
2334	431406	43140601
2335	431406	43140602
2336	431407	43140701
2337	431407	43140702
2338	431408	43140801
2339	431408	43140802
2340	431408	43140803
2341	431408	43140804
2342	431408	43140805
2343	431409	43140901
2344	431409	43140902
2345	431410	43141001
2346	431410	43141002
2347	431411	43141101
2348	431411	43141102
2349	431411	43141103
2350	431411	43141104
2351	431411	43141105
2352	431411	43141106
2353	431411	43141107
2354	431412	43141201
2355	431412	43141202
2356	431413	43141301
2357	431413	43141302
2358	431414	43141401
2359	431414	43141402
2360	431414	43141403
2361	431414	43141404
2362	431414	43141405
2363	431415	43141501
2364	431415	43141502
2365	431416	43141601
2366	431416	43141602
2367	431417	43141701
2368	431417	43141702
2369	431417	43141703
2370	431417	43141704
2371	431417	43141705
2372	431417	43141706
2373	431417	43141707
2374	431418	43141801
2375	431418	43141802
2376	431419	43141901
2377	431419	43141902
2378	431420	43142001
2379	431420	43142002
2380	431420	43142003
2381	431420	43142004
2382	431420	43142005
2383	431421	43142101
2384	431421	43142102
2385	431422	43142201
2386	431422	43142202
2387	431423	43142301
2388	431423	43142302
2389	431423	43142303
2390	431423	43142304
2391	431423	43142305
2392	431423	43142306
2393	431423	43142307
2394	431424	43142401
2395	431424	43142402
2396	431425	43142501
2397	431425	43142502
2398	431426	43142601
2399	431426	43142602
2400	431426	43142603
2401	431426	43142604
2402	431426	43142605
2403	431427	43142701
2404	431427	43142702
2405	431428	43142801
2406	431428	43142802
2407	431429	43142901
2408	431429	43142902
2409	431429	43142903
2410	431429	43142904
2411	431429	43142905
2412	431429	43142906
2413	431429	43142907
2414	431430	43143001
2415	431430	43143002
2416	431431	43143101
2417	431431	43143102
2418	431432	43143201
2419	431432	43143202
2420	431432	43143203
2421	431432	43143204
2422	431432	43143205
2423	431433	43143301
2424	431433	43143302
2425	431434	43143401
2426	431434	43143402
2427	431435	43143501
2428	431435	43143502
2429	431435	43143503
2430	431435	43143504
2431	431435	43143505
2432	431435	43143506
2433	431435	43143507
2434	431436	43143601
2435	431436	43143602
2436	431437	43143701
2437	431437	43143702
2438	431438	43143801
2439	431438	43143802
2440	431438	43143803
2441	431438	43143804
2442	431438	43143805
2443	431439	43143901
2444	431439	43143902
2445	431440	43144001
2446	431440	43144002
2447	431441	43144101
2448	431441	43144102
2449	431441	43144103
2450	431441	43144104
2451	431441	43144105
2452	431441	43144106
2453	431441	43144107
2454	431442	43144201
2455	431443	43144301
2456	431444	43144401
2457	431445	43144501
2458	431446	43144601
2459	431447	43144701
2460	431448	43144801
2461	431448	43144802
2462	431449	43144901
2463	431449	43144902
2464	431450	43145001
2465	431450	43145002
2466	431450	43145003
2467	431450	43145004
2468	431450	43145005
2469	431451	43145101
2470	431451	43145102
2471	431452	43145201
2472	431452	43145202
2473	431453	43145301
2474	431453	43145302
2475	431453	43145303
2476	431453	43145304
2477	431453	43145305
2478	431453	43145306
2479	431453	43145307
2480	431454	43145401
2481	431454	43145402
2482	431455	43145501
2483	431455	43145502
2484	431456	43145601
2485	431456	43145602
2486	431456	43145603
2487	431456	43145604
2488	431456	43145605
2489	431457	43145701
2490	431457	43145702
2491	431458	43145801
2492	431458	43145802
2493	431459	43145901
2494	431459	43145902
2495	431459	43145903
2496	431459	43145904
2497	431459	43145905
2498	431459	43145906
2499	431459	43145907
2500	431460	43146001
2501	431460	43146002
2502	431461	43146101
2503	431461	43146102
2504	431462	43146201
2505	431462	43146202
2506	431462	43146203
2507	431462	43146204
2508	431462	43146205
2509	431463	43146301
2510	431463	43146302
2511	431464	43146401
2512	431464	43146402
2513	431465	43146501
2514	431465	43146502
2515	431465	43146503
2516	431465	43146504
2517	431465	43146505
2518	431465	43146506
2519	431465	43146507
2520	431466	43146601
2521	431466	43146602
2522	431467	43146701
2523	431467	43146702
2524	431468	43146801
2525	431468	43146802
2526	431468	43146803
2527	431468	43146804
2528	431468	43146805
2529	431469	43146901
2530	431469	43146902
2531	431470	43147001
2532	431470	43147002
2533	431471	43147101
2534	431471	43147102
2535	431471	43147103
2536	431471	43147104
2537	431471	43147105
2538	431471	43147106
2539	431471	43147107
2540	431472	43147201
2541	431472	43147202
2542	431473	43147301
2543	431473	43147302
2544	431474	43147401
2545	431474	43147402
2546	431474	43147403
2547	431474	43147404
2548	431474	43147405
2549	431475	43147501
2550	431475	43147502
2551	431476	43147601
2552	431476	43147602
2553	431477	43147701
2554	431477	43147702
2555	431477	43147703
2556	431477	43147704
2557	431477	43147705
2558	431477	43147706
2559	431477	43147707
2560	431478	43147801
2561	431478	43147802
2562	431479	43147901
2563	431479	43147902
2564	431480	43148001
2565	431480	43148002
2566	431480	43148003
2567	431480	43148004
2568	431480	43148005
2569	431481	43148101
2570	431481	43148102
2571	431482	43148201
2572	431482	43148202
2573	431483	43148301
2574	431483	43148302
2575	431483	43148303
2576	431483	43148304
2577	431483	43148305
2578	431483	43148306
2579	431483	43148307
2580	431484	43148401
2581	431484	43148402
2582	431485	43148501
2583	431485	43148502
2584	431486	43148601
2585	431486	43148602
2586	431486	43148603
2587	431486	43148604
2588	431486	43148605
2589	431487	43148701
2590	431487	43148702
2591	431488	43148801
2592	431488	43148802
2593	431489	43148901
2594	431489	43148902
2595	431490	43149001
2596	431490	43149002
2597	431491	43149101
2598	431491	43149102
2599	431491	43149103
2600	431491	43149104
2601	431491	43149105
2602	431492	43149201
2603	431492	43149202
2604	431493	43149301
2605	431493	43149302
2606	431494	43149401
2607	431494	43149402
2608	431494	43149403
2609	431494	43149404
2610	431494	43149405
2611	431494	43149406
2612	431494	43149407
2613	431501	43150101
2614	431501	43150102
2615	431502	43150201
2616	431502	43150202
2617	431503	43150301
2618	431503	43150302
2619	431503	43150303
2620	431503	43150304
2621	431503	43150305
2622	431504	43150401
2623	431504	43150402
2624	431505	43150501
2625	431505	43150502
2626	431511	43151101
2627	431511	43151102
2628	431512	43151201
2629	431512	43151202
2630	431513	43151301
2631	431513	43151302
2632	431513	43151303
2633	431513	43151304
2634	431513	43151305
2635	431514	43151401
2636	431514	43151402
2637	431515	43151501
2638	431515	43151502
2639	431516	43151601
2640	431516	43151602
2641	431516	43151603
2642	431516	43151604
2643	431516	43151605
2644	431516	43151606
2645	431516	43151607
