流水	宝石id	等级	经验需求	评分补偿	升级增加属性值
int	string	byte	int	int	int
Id	StoneId	Level	Exp	CompensateScore	PropValue
1	item107000020101	1	0	15	0
2	item107000020101	2	5	16	1
3	item107000020101	3	15	17	2
4	item107000020101	4	30	18	4
5	item107000020101	5	50	19	6
6	item107000020101	6	80	20	8
7	item107000020102	1	0	15	0
8	item107000020102	2	5	16	1
9	item107000020102	3	15	17	2
10	item107000020102	4	30	18	4
11	item107000020102	5	50	19	6
12	item107000020102	6	80	20	8
13	item107000020201	1	0	15	0
14	item107000020201	2	5	16	1
15	item107000020201	3	15	17	2
16	item107000020201	4	30	18	4
17	item107000020201	5	50	19	6
18	item107000020201	6	80	20	8
19	item107000020202	1	0	15	0
20	item107000020202	2	5	16	1
21	item107000020202	3	15	17	2
22	item107000020202	4	30	18	4
23	item107000020202	5	50	19	6
24	item107000020202	6	80	20	8
25	item107000020301	1	0	15	0
26	item107000020301	2	5	16	10
27	item107000020301	3	15	17	20
28	item107000020301	4	30	18	40
29	item107000020301	5	50	19	60
30	item107000020301	6	80	20	80
31	item107000020302	1	0	15	0
32	item107000020302	2	5	16	10
33	item107000020302	3	15	17	20
34	item107000020302	4	30	18	40
35	item107000020302	5	50	19	60
36	item107000020302	6	80	20	80
37	item107000030101	1	0	30	0
38	item107000030101	2	10	31	1
39	item107000030101	3	25	32	2
40	item107000030101	4	50	33	4
41	item107000030101	5	90	34	6
42	item107000030101	6	150	35	8
43	item107000030101	7	230	36	11
44	item107000030101	8	350	37	14
45	item107000030101	9	550	38	17
46	item107000030102	1	0	30	0
47	item107000030102	2	10	31	1
48	item107000030102	3	25	32	2
49	item107000030102	4	50	33	4
50	item107000030102	5	90	34	6
51	item107000030102	6	150	35	8
52	item107000030102	7	230	36	11
53	item107000030102	8	350	37	14
54	item107000030102	9	550	38	17
55	item107000030103	1	0	30	0
56	item107000030103	2	10	31	1
57	item107000030103	3	25	32	2
58	item107000030103	4	50	33	4
59	item107000030103	5	90	34	6
60	item107000030103	6	150	35	8
61	item107000030103	7	230	36	11
62	item107000030103	8	350	37	14
63	item107000030103	9	550	38	17
64	item107000030201	1	0	30	0
65	item107000030201	2	10	31	1
66	item107000030201	3	25	32	2
67	item107000030201	4	50	33	4
68	item107000030201	5	90	34	6
69	item107000030201	6	150	35	8
70	item107000030201	7	230	36	11
71	item107000030201	8	350	37	14
72	item107000030201	9	550	38	17
73	item107000030202	1	0	30	0
74	item107000030202	2	10	31	1
75	item107000030202	3	25	32	2
76	item107000030202	4	50	33	4
77	item107000030202	5	90	34	6
78	item107000030202	6	150	35	8
79	item107000030202	7	230	36	11
80	item107000030202	8	350	37	14
81	item107000030202	9	550	38	17
82	item107000030203	1	0	30	0
83	item107000030203	2	10	31	1
84	item107000030203	3	25	32	2
85	item107000030203	4	50	33	4
86	item107000030203	5	90	34	6
87	item107000030203	6	150	35	8
88	item107000030203	7	230	36	11
89	item107000030203	8	350	37	14
90	item107000030203	9	550	38	17
91	item107000030301	1	0	30	0
92	item107000030301	2	10	31	10
93	item107000030301	3	25	32	20
94	item107000030301	4	50	33	40
95	item107000030301	5	90	34	60
96	item107000030301	6	150	35	80
97	item107000030301	7	230	36	110
98	item107000030301	8	350	37	140
99	item107000030301	9	550	38	170
100	item107000030302	1	0	30	0
101	item107000030302	2	10	31	10
102	item107000030302	3	25	32	20
103	item107000030302	4	50	33	40
104	item107000030302	5	90	34	60
105	item107000030302	6	150	35	80
106	item107000030302	7	230	36	110
107	item107000030302	8	350	37	140
108	item107000030302	9	550	38	170
109	item107000030303	1	0	30	0
110	item107000030303	2	10	31	10
111	item107000030303	3	25	32	20
112	item107000030303	4	50	33	40
113	item107000030303	5	90	34	60
114	item107000030303	6	150	35	80
115	item107000030303	7	230	36	110
116	item107000030303	8	350	37	140
117	item107000030303	9	550	38	170
118	item107000041101	1	0	50	0
119	item107000041101	2	15	52	2
120	item107000041101	3	40	54	4
121	item107000041101	4	70	56	7
122	item107000041101	5	110	58	10
123	item107000041101	6	160	60	13
124	item107000041101	7	230	62	17
125	item107000041101	8	330	64	21
126	item107000041101	9	480	66	25
127	item107000041101	10	710	68	30
128	item107000041101	11	1080	70	35
129	item107000041101	12	1660	72	40
130	item107000041102	1	0	50	0
131	item107000041102	2	15	52	2
132	item107000041102	3	40	54	4
133	item107000041102	4	70	56	7
134	item107000041102	5	110	58	10
135	item107000041102	6	160	60	13
136	item107000041102	7	230	62	17
137	item107000041102	8	330	64	21
138	item107000041102	9	480	66	25
139	item107000041102	10	710	68	30
140	item107000041102	11	1080	70	35
141	item107000041102	12	1660	72	40
142	item107000041103	1	0	50	0
143	item107000041103	2	15	52	2
144	item107000041103	3	40	54	4
145	item107000041103	4	70	56	7
146	item107000041103	5	110	58	10
147	item107000041103	6	160	60	13
148	item107000041103	7	230	62	17
149	item107000041103	8	330	64	21
150	item107000041103	9	480	66	25
151	item107000041103	10	710	68	30
152	item107000041103	11	1080	70	35
153	item107000041103	12	1660	72	40
154	item107000041104	1	0	50	0
155	item107000041104	2	15	52	2
156	item107000041104	3	40	54	4
157	item107000041104	4	70	56	7
158	item107000041104	5	110	58	10
159	item107000041104	6	160	60	13
160	item107000041104	7	230	62	17
161	item107000041104	8	330	64	21
162	item107000041104	9	480	66	25
163	item107000041104	10	710	68	30
164	item107000041104	11	1080	70	35
165	item107000041104	12	1660	72	40
166	item107000041201	1	0	50	0
167	item107000041201	2	15	52	2
168	item107000041201	3	40	54	4
169	item107000041201	4	70	56	7
170	item107000041201	5	110	58	10
171	item107000041201	6	160	60	13
172	item107000041201	7	230	62	17
173	item107000041201	8	330	64	21
174	item107000041201	9	480	66	25
175	item107000041201	10	710	68	30
176	item107000041201	11	1080	70	35
177	item107000041201	12	1660	72	40
178	item107000041202	1	0	50	0
179	item107000041202	2	15	52	2
180	item107000041202	3	40	54	4
181	item107000041202	4	70	56	7
182	item107000041202	5	110	58	10
183	item107000041202	6	160	60	13
184	item107000041202	7	230	62	17
185	item107000041202	8	330	64	21
186	item107000041202	9	480	66	25
187	item107000041202	10	710	68	30
188	item107000041202	11	1080	70	35
189	item107000041202	12	1660	72	40
190	item107000041203	1	0	50	0
191	item107000041203	2	15	52	2
192	item107000041203	3	40	54	4
193	item107000041203	4	70	56	7
194	item107000041203	5	110	58	10
195	item107000041203	6	160	60	13
196	item107000041203	7	230	62	17
197	item107000041203	8	330	64	21
198	item107000041203	9	480	66	25
199	item107000041203	10	710	68	30
200	item107000041203	11	1080	70	35
201	item107000041203	12	1660	72	40
202	item107000041204	1	0	50	0
203	item107000041204	2	15	52	2
204	item107000041204	3	40	54	4
205	item107000041204	4	70	56	7
206	item107000041204	5	110	58	10
207	item107000041204	6	160	60	13
208	item107000041204	7	230	62	17
209	item107000041204	8	330	64	21
210	item107000041204	9	480	66	25
211	item107000041204	10	710	68	30
212	item107000041204	11	1080	70	35
213	item107000041204	12	1660	72	40
214	item107000041301	1	0	50	0
215	item107000041301	2	15	52	20
216	item107000041301	3	40	54	40
217	item107000041301	4	70	56	70
218	item107000041301	5	110	58	100
219	item107000041301	6	160	60	130
220	item107000041301	7	230	62	170
221	item107000041301	8	330	64	210
222	item107000041301	9	480	66	250
223	item107000041301	10	710	68	300
224	item107000041301	11	1080	70	350
225	item107000041301	12	1660	72	400
226	item107000041302	1	0	50	0
227	item107000041302	2	15	52	20
228	item107000041302	3	40	54	40
229	item107000041302	4	70	56	70
230	item107000041302	5	110	58	100
231	item107000041302	6	160	60	130
232	item107000041302	7	230	62	170
233	item107000041302	8	330	64	210
234	item107000041302	9	480	66	250
235	item107000041302	10	710	68	300
236	item107000041302	11	1080	70	350
237	item107000041302	12	1660	72	400
238	item107000041303	1	0	50	0
239	item107000041303	2	15	52	20
240	item107000041303	3	40	54	40
241	item107000041303	4	70	56	70
242	item107000041303	5	110	58	100
243	item107000041303	6	160	60	130
244	item107000041303	7	230	62	170
245	item107000041303	8	330	64	210
246	item107000041303	9	480	66	250
247	item107000041303	10	710	68	300
248	item107000041303	11	1080	70	350
249	item107000041303	12	1660	72	400
250	item107000041304	1	0	50	0
251	item107000041304	2	15	52	20
252	item107000041304	3	40	54	40
253	item107000041304	4	70	56	70
254	item107000041304	5	110	58	100
255	item107000041304	6	160	60	130
256	item107000041304	7	230	62	170
257	item107000041304	8	330	64	210
258	item107000041304	9	480	66	250
259	item107000041304	10	710	68	300
260	item107000041304	11	1080	70	350
261	item107000041304	12	1660	72	400
262	item107000041305	1	0	50	0
263	item107000041305	2	15	52	20
264	item107000041305	3	40	54	40
265	item107000041305	4	70	56	70
266	item107000041305	5	110	58	100
267	item107000041305	6	160	60	130
268	item107000041305	7	230	62	170
269	item107000041305	8	330	64	210
270	item107000041305	9	480	66	250
271	item107000041305	10	710	68	300
272	item107000041305	11	1080	70	350
273	item107000041305	12	1660	72	400
274	item107000042305	1	0	70	0
275	item107000042305	2	25	72	30
276	item107000042305	3	65	74	60
277	item107000042305	4	140	76	100
278	item107000042305	5	255	78	140
279	item107000042305	6	425	80	180
280	item107000042305	7	655	82	230
281	item107000042305	8	985	84	280
282	item107000042305	9	1450	86	330
283	item107000042305	10	2085	88	390
284	item107000042305	11	2920	90	450
285	item107000042305	12	4000	92	510
286	item107000043305	1	0	90	0
287	item107000043305	2	50	92	40
288	item107000043305	3	150	94	80
289	item107000043305	4	300	96	130
290	item107000043305	5	550	98	180
291	item107000043305	6	950	100	230
292	item107000043305	7	1550	102	290
293	item107000043305	8	2400	104	350
294	item107000043305	9	3550	106	410
295	item107000043305	10	5100	108	480
296	item107000043305	11	7200	110	550
297	item107000043305	12	10000	112	620
298	item107000042101	1	0	70	0
299	item107000042101	2	25	72	3
300	item107000042101	3	65	74	6
301	item107000042101	4	140	76	10
302	item107000042101	5	255	78	14
303	item107000042101	6	425	80	18
304	item107000042101	7	655	82	23
305	item107000042101	8	985	84	28
306	item107000042101	9	1450	86	33
307	item107000042101	10	2085	88	39
308	item107000042101	11	2920	90	45
309	item107000042101	12	4000	92	51
310	item107000042102	1	0	70	0
311	item107000042102	2	25	72	3
312	item107000042102	3	65	74	6
313	item107000042102	4	140	76	10
314	item107000042102	5	255	78	14
315	item107000042102	6	425	80	18
316	item107000042102	7	655	82	23
317	item107000042102	8	985	84	28
318	item107000042102	9	1450	86	33
319	item107000042102	10	2085	88	39
320	item107000042102	11	2920	90	45
321	item107000042102	12	4000	92	51
322	item107000042103	1	0	70	0
323	item107000042103	2	25	72	3
324	item107000042103	3	65	74	6
325	item107000042103	4	140	76	10
326	item107000042103	5	255	78	14
327	item107000042103	6	425	80	18
328	item107000042103	7	655	82	23
329	item107000042103	8	985	84	28
330	item107000042103	9	1450	86	33
331	item107000042103	10	2085	88	39
332	item107000042103	11	2920	90	45
333	item107000042103	12	4000	92	51
334	item107000042104	1	0	70	0
335	item107000042104	2	25	72	3
336	item107000042104	3	65	74	6
337	item107000042104	4	140	76	10
338	item107000042104	5	255	78	14
339	item107000042104	6	425	80	18
340	item107000042104	7	655	82	23
341	item107000042104	8	985	84	28
342	item107000042104	9	1450	86	33
343	item107000042104	10	2085	88	39
344	item107000042104	11	2920	90	45
345	item107000042104	12	4000	92	51
346	item107000042201	1	0	70	0
347	item107000042201	2	25	72	3
348	item107000042201	3	65	74	6
349	item107000042201	4	140	76	10
350	item107000042201	5	255	78	14
351	item107000042201	6	425	80	18
352	item107000042201	7	655	82	23
353	item107000042201	8	985	84	28
354	item107000042201	9	1450	86	33
355	item107000042201	10	2085	88	39
356	item107000042201	11	2920	90	45
357	item107000042201	12	4000	92	51
358	item107000042202	1	0	70	0
359	item107000042202	2	25	72	3
360	item107000042202	3	65	74	6
361	item107000042202	4	140	76	10
362	item107000042202	5	255	78	14
363	item107000042202	6	425	80	18
364	item107000042202	7	655	82	23
365	item107000042202	8	985	84	28
366	item107000042202	9	1450	86	33
367	item107000042202	10	2085	88	39
368	item107000042202	11	2920	90	45
369	item107000042202	12	4000	92	51
370	item107000042203	1	0	70	0
371	item107000042203	2	25	72	3
372	item107000042203	3	65	74	6
373	item107000042203	4	140	76	10
374	item107000042203	5	255	78	14
375	item107000042203	6	425	80	18
376	item107000042203	7	655	82	23
377	item107000042203	8	985	84	28
378	item107000042203	9	1450	86	33
379	item107000042203	10	2085	88	39
380	item107000042203	11	2920	90	45
381	item107000042203	12	4000	92	51
382	item107000042301	1	0	70	0
383	item107000042301	2	25	72	30
384	item107000042301	3	65	74	60
385	item107000042301	4	140	76	100
386	item107000042301	5	255	78	140
387	item107000042301	6	425	80	180
388	item107000042301	7	655	82	230
389	item107000042301	8	985	84	280
390	item107000042301	9	1450	86	330
391	item107000042301	10	2085	88	390
392	item107000042301	11	2920	90	450
393	item107000042301	12	4000	92	510
394	item107000042302	1	0	70	0
395	item107000042302	2	25	72	30
396	item107000042302	3	65	74	60
397	item107000042302	4	140	76	100
398	item107000042302	5	255	78	140
399	item107000042302	6	425	80	180
400	item107000042302	7	655	82	230
401	item107000042302	8	985	84	280
402	item107000042302	9	1450	86	330
403	item107000042302	10	2085	88	390
404	item107000042302	11	2920	90	450
405	item107000042302	12	4000	92	510
406	item107000042303	1	0	70	0
407	item107000042303	2	25	72	30
408	item107000042303	3	65	74	60
409	item107000042303	4	140	76	100
410	item107000042303	5	255	78	140
411	item107000042303	6	425	80	180
412	item107000042303	7	655	82	230
413	item107000042303	8	985	84	280
414	item107000042303	9	1450	86	330
415	item107000042303	10	2085	88	390
416	item107000042303	11	2920	90	450
417	item107000042303	12	4000	92	510
418	item107000043101	1	0	90	0
419	item107000043101	2	50	92	4
420	item107000043101	3	150	94	8
421	item107000043101	4	300	96	13
422	item107000043101	5	550	98	18
423	item107000043101	6	950	100	23
424	item107000043101	7	1550	102	29
425	item107000043101	8	2400	104	35
426	item107000043101	9	3550	106	41
427	item107000043101	10	5100	108	48
428	item107000043101	11	7200	110	55
429	item107000043101	12	10000	112	62
430	item107000043102	1	0	90	0
431	item107000043102	2	50	92	4
432	item107000043102	3	150	94	8
433	item107000043102	4	300	96	13
434	item107000043102	5	550	98	18
435	item107000043102	6	950	100	23
436	item107000043102	7	1550	102	29
437	item107000043102	8	2400	104	35
438	item107000043102	9	3550	106	41
439	item107000043102	10	5100	108	48
440	item107000043102	11	7200	110	55
441	item107000043102	12	10000	112	62
442	item107000043103	1	0	90	0
443	item107000043103	2	50	92	4
444	item107000043103	3	150	94	8
445	item107000043103	4	300	96	13
446	item107000043103	5	550	98	18
447	item107000043103	6	950	100	23
448	item107000043103	7	1550	102	29
449	item107000043103	8	2400	104	35
450	item107000043103	9	3550	106	41
451	item107000043103	10	5100	108	48
452	item107000043103	11	7200	110	55
453	item107000043103	12	10000	112	62
454	item107000043201	1	0	90	0
455	item107000043201	2	50	92	4
456	item107000043201	3	150	94	8
457	item107000043201	4	300	96	13
458	item107000043201	5	550	98	18
459	item107000043201	6	950	100	23
460	item107000043201	7	1550	102	29
461	item107000043201	8	2400	104	35
462	item107000043201	9	3550	106	41
463	item107000043201	10	5100	108	48
464	item107000043201	11	7200	110	55
465	item107000043201	12	10000	112	62
466	item107000043202	1	0	90	0
467	item107000043202	2	50	92	4
468	item107000043202	3	150	94	8
469	item107000043202	4	300	96	13
470	item107000043202	5	550	98	18
471	item107000043202	6	950	100	23
472	item107000043202	7	1550	102	29
473	item107000043202	8	2400	104	35
474	item107000043202	9	3550	106	41
475	item107000043202	10	5100	108	48
476	item107000043202	11	7200	110	55
477	item107000043202	12	10000	112	62
478	item107000043203	1	0	90	0
479	item107000043203	2	50	92	4
480	item107000043203	3	150	94	8
481	item107000043203	4	300	96	13
482	item107000043203	5	550	98	18
483	item107000043203	6	950	100	23
484	item107000043203	7	1550	102	29
485	item107000043203	8	2400	104	35
486	item107000043203	9	3550	106	41
487	item107000043203	10	5100	108	48
488	item107000043203	11	7200	110	55
489	item107000043203	12	10000	112	62
490	item107000043301	1	0	90	0
491	item107000043301	2	50	92	40
492	item107000043301	3	150	94	80
493	item107000043301	4	300	96	130
494	item107000043301	5	550	98	180
495	item107000043301	6	950	100	230
496	item107000043301	7	1550	102	290
497	item107000043301	8	2400	104	350
498	item107000043301	9	3550	106	410
499	item107000043301	10	5100	108	480
500	item107000043301	11	7200	110	550
501	item107000043301	12	10000	112	620
502	item107000043302	1	0	90	0
503	item107000043302	2	50	92	40
504	item107000043302	3	150	94	80
505	item107000043302	4	300	96	130
506	item107000043302	5	550	98	180
507	item107000043302	6	950	100	230
508	item107000043302	7	1550	102	290
509	item107000043302	8	2400	104	350
510	item107000043302	9	3550	106	410
511	item107000043302	10	5100	108	480
512	item107000043302	11	7200	110	550
513	item107000043302	12	10000	112	620
514	item107000043303	1	0	90	0
515	item107000043303	2	50	92	40
516	item107000043303	3	150	94	80
517	item107000043303	4	300	96	130
518	item107000043303	5	550	98	180
519	item107000043303	6	950	100	230
520	item107000043303	7	1550	102	290
521	item107000043303	8	2400	104	350
522	item107000043303	9	3550	106	410
523	item107000043303	10	5100	108	480
524	item107000043303	11	7200	110	550
525	item107000043303	12	10000	112	620
526	item107000051101	1	0	110	0
527	item107000051101	2	100	113	4
528	item107000051101	3	250	116	8
529	item107000051101	4	450	119	13
530	item107000051101	5	750	122	18
531	item107000051101	6	1150	125	23
532	item107000051101	7	1700	128	29
533	item107000051101	8	2400	131	35
534	item107000051101	9	3300	134	41
535	item107000051101	10	4400	137	48
536	item107000051101	11	5800	140	55
537	item107000051101	12	7500	143	62
538	item107000051101	13	9550	146	70
539	item107000051101	14	12050	149	78
540	item107000051101	15	15000	152	86
541	item107000051102	1	0	110	0
542	item107000051102	2	100	113	4
543	item107000051102	3	250	116	8
544	item107000051102	4	450	119	13
545	item107000051102	5	750	122	18
546	item107000051102	6	1150	125	23
547	item107000051102	7	1700	128	29
548	item107000051102	8	2400	131	35
549	item107000051102	9	3300	134	41
550	item107000051102	10	4400	137	48
551	item107000051102	11	5800	140	55
552	item107000051102	12	7500	143	62
553	item107000051102	13	9550	146	70
554	item107000051102	14	12050	149	78
555	item107000051102	15	15000	152	86
556	item107000051201	1	0	110	0
557	item107000051201	2	100	113	4
558	item107000051201	3	250	116	8
559	item107000051201	4	450	119	13
560	item107000051201	5	750	122	18
561	item107000051201	6	1150	125	23
562	item107000051201	7	1700	128	29
563	item107000051201	8	2400	131	35
564	item107000051201	9	3300	134	41
565	item107000051201	10	4400	137	48
566	item107000051201	11	5800	140	55
567	item107000051201	12	7500	143	62
568	item107000051201	13	9550	146	70
569	item107000051201	14	12050	149	78
570	item107000051201	15	15000	152	86
571	item107000051202	1	0	110	0
572	item107000051202	2	100	113	4
573	item107000051202	3	250	116	8
574	item107000051202	4	450	119	13
575	item107000051202	5	750	122	18
576	item107000051202	6	1150	125	23
577	item107000051202	7	1700	128	29
578	item107000051202	8	2400	131	35
579	item107000051202	9	3300	134	41
580	item107000051202	10	4400	137	48
581	item107000051202	11	5800	140	55
582	item107000051202	12	7500	143	62
583	item107000051202	13	9550	146	70
584	item107000051202	14	12050	149	78
585	item107000051202	15	15000	152	86
586	item107000051203	1	0	110	0
587	item107000051203	2	100	113	4
588	item107000051203	3	250	116	8
589	item107000051203	4	450	119	13
590	item107000051203	5	750	122	18
591	item107000051203	6	1150	125	23
592	item107000051203	7	1700	128	29
593	item107000051203	8	2400	131	35
594	item107000051203	9	3300	134	41
595	item107000051203	10	4400	137	48
596	item107000051203	11	5800	140	55
597	item107000051203	12	7500	143	62
598	item107000051203	13	9550	146	70
599	item107000051203	14	12050	149	78
600	item107000051203	15	15000	152	86
601	item107000051301	1	0	110	0
602	item107000051301	2	100	113	40
603	item107000051301	3	250	116	80
604	item107000051301	4	450	119	130
605	item107000051301	5	750	122	180
606	item107000051301	6	1150	125	230
607	item107000051301	7	1700	128	290
608	item107000051301	8	2400	131	350
609	item107000051301	9	3300	134	410
610	item107000051301	10	4400	137	480
611	item107000051301	11	5800	140	550
612	item107000051301	12	7500	143	620
613	item107000051301	13	9550	146	700
614	item107000051301	14	12050	149	780
615	item107000051301	15	15000	152	860
616	item107000051302	1	0	110	0
617	item107000051302	2	100	113	40
618	item107000051302	3	250	116	80
619	item107000051302	4	450	119	130
620	item107000051302	5	750	122	180
621	item107000051302	6	1150	125	230
622	item107000051302	7	1700	128	290
623	item107000051302	8	2400	131	350
624	item107000051302	9	3300	134	410
625	item107000051302	10	4400	137	480
626	item107000051302	11	5800	140	550
627	item107000051302	12	7500	143	620
628	item107000051302	13	9550	146	700
629	item107000051302	14	12050	149	780
630	item107000051302	15	15000	152	860
631	item107000052101	1	0	130	0
632	item107000052101	2	100	133	5
633	item107000052101	3	250	136	10
634	item107000052101	4	500	139	16
635	item107000052101	5	850	142	22
636	item107000052101	6	1400	145	28
637	item107000052101	7	2250	148	35
638	item107000052101	8	3500	151	42
639	item107000052101	9	5250	154	49
640	item107000052101	10	7500	157	57
641	item107000052101	11	10300	160	65
642	item107000052101	12	13800	163	73
643	item107000052101	13	18150	166	82
644	item107000052101	14	23500	169	91
645	item107000052101	15	30000	172	100
646	item107000052102	1	0	130	0
647	item107000052102	2	100	133	5
648	item107000052102	3	250	136	10
649	item107000052102	4	500	139	16
650	item107000052102	5	850	142	22
651	item107000052102	6	1400	145	28
652	item107000052102	7	2250	148	35
653	item107000052102	8	3500	151	42
654	item107000052102	9	5250	154	49
655	item107000052102	10	7500	157	57
656	item107000052102	11	10300	160	65
657	item107000052102	12	13800	163	73
658	item107000052102	13	18150	166	82
659	item107000052102	14	23500	169	91
660	item107000052102	15	30000	172	100
661	item107000052103	1	0	130	0
662	item107000052103	2	100	133	5
663	item107000052103	3	250	136	10
664	item107000052103	4	500	139	16
665	item107000052103	5	850	142	22
666	item107000052103	6	1400	145	28
667	item107000052103	7	2250	148	35
668	item107000052103	8	3500	151	42
669	item107000052103	9	5250	154	49
670	item107000052103	10	7500	157	57
671	item107000052103	11	10300	160	65
672	item107000052103	12	13800	163	73
673	item107000052103	13	18150	166	82
674	item107000052103	14	23500	169	91
675	item107000052103	15	30000	172	100
676	item107000052201	1	0	130	0
677	item107000052201	2	100	133	5
678	item107000052201	3	250	136	10
679	item107000052201	4	500	139	16
680	item107000052201	5	850	142	22
681	item107000052201	6	1400	145	28
682	item107000052201	7	2250	148	35
683	item107000052201	8	3500	151	42
684	item107000052201	9	5250	154	49
685	item107000052201	10	7500	157	57
686	item107000052201	11	10300	160	65
687	item107000052201	12	13800	163	73
688	item107000052201	13	18150	166	82
689	item107000052201	14	23500	169	91
690	item107000052201	15	30000	172	100
691	item107000052202	1	0	130	0
692	item107000052202	2	100	133	5
693	item107000052202	3	250	136	10
694	item107000052202	4	500	139	16
695	item107000052202	5	850	142	22
696	item107000052202	6	1400	145	28
697	item107000052202	7	2250	148	35
698	item107000052202	8	3500	151	42
699	item107000052202	9	5250	154	49
700	item107000052202	10	7500	157	57
701	item107000052202	11	10300	160	65
702	item107000052202	12	13800	163	73
703	item107000052202	13	18150	166	82
704	item107000052202	14	23500	169	91
705	item107000052202	15	30000	172	100
706	item107000052203	1	0	130	0
707	item107000052203	2	100	133	5
708	item107000052203	3	250	136	10
709	item107000052203	4	500	139	16
710	item107000052203	5	850	142	22
711	item107000052203	6	1400	145	28
712	item107000052203	7	2250	148	35
713	item107000052203	8	3500	151	42
714	item107000052203	9	5250	154	49
715	item107000052203	10	7500	157	57
716	item107000052203	11	10300	160	65
717	item107000052203	12	13800	163	73
718	item107000052203	13	18150	166	82
719	item107000052203	14	23500	169	91
720	item107000052203	15	30000	172	100
721	item107000052301	1	0	130	0
722	item107000052301	2	100	133	50
723	item107000052301	3	250	136	100
724	item107000052301	4	500	139	160
725	item107000052301	5	850	142	220
726	item107000052301	6	1400	145	280
727	item107000052301	7	2250	148	350
728	item107000052301	8	3500	151	420
729	item107000052301	9	5250	154	490
730	item107000052301	10	7500	157	570
731	item107000052301	11	10300	160	650
732	item107000052301	12	13800	163	730
733	item107000052301	13	18150	166	820
734	item107000052301	14	23500	169	910
735	item107000052301	15	30000	172	1000
736	item107000052302	1	0	130	0
737	item107000052302	2	100	133	50
738	item107000052302	3	250	136	100
739	item107000052302	4	500	139	160
740	item107000052302	5	850	142	220
741	item107000052302	6	1400	145	280
742	item107000052302	7	2250	148	350
743	item107000052302	8	3500	151	420
744	item107000052302	9	5250	154	490
745	item107000052302	10	7500	157	570
746	item107000052302	11	10300	160	650
747	item107000052302	12	13800	163	730
748	item107000052302	13	18150	166	820
749	item107000052302	14	23500	169	910
750	item107000052302	15	30000	172	1000
751	item107000052303	1	0	130	0
752	item107000052303	2	100	133	50
753	item107000052303	3	250	136	100
754	item107000052303	4	500	139	160
755	item107000052303	5	850	142	220
756	item107000052303	6	1400	145	280
757	item107000052303	7	2250	148	350
758	item107000052303	8	3500	151	420
759	item107000052303	9	5250	154	490
760	item107000052303	10	7500	157	570
761	item107000052303	11	10300	160	650
762	item107000052303	12	13800	163	730
763	item107000052303	13	18150	166	820
764	item107000052303	14	23500	169	910
765	item107000052303	15	30000	172	1000
766	item107000053101	1	0	150	0
767	item107000053101	2	150	153	6
768	item107000053101	3	350	156	12
769	item107000053101	4	650	159	19
770	item107000053101	5	1200	162	26
771	item107000053101	6	2100	165	33
772	item107000053101	7	3600	168	41
773	item107000053101	8	5850	171	49
774	item107000053101	9	9100	174	57
775	item107000053101	10	13500	177	66
776	item107000053101	11	19300	180	75
777	item107000053101	12	26600	183	84
778	item107000053101	13	35700	186	94
779	item107000053101	14	46800	189	104
780	item107000053101	15	60000	192	114
781	item107000053102	1	0	150	0
782	item107000053102	2	150	153	6
783	item107000053102	3	350	156	12
784	item107000053102	4	650	159	19
785	item107000053102	5	1200	162	26
786	item107000053102	6	2100	165	33
787	item107000053102	7	3600	168	41
788	item107000053102	8	5850	171	49
789	item107000053102	9	9100	174	57
790	item107000053102	10	13500	177	66
791	item107000053102	11	19300	180	75
792	item107000053102	12	26600	183	84
793	item107000053102	13	35700	186	94
794	item107000053102	14	46800	189	104
795	item107000053102	15	60000	192	114
796	item107000053103	1	0	150	0
797	item107000053103	2	150	153	6
798	item107000053103	3	350	156	12
799	item107000053103	4	650	159	19
800	item107000053103	5	1200	162	26
801	item107000053103	6	2100	165	33
802	item107000053103	7	3600	168	41
803	item107000053103	8	5850	171	49
804	item107000053103	9	9100	174	57
805	item107000053103	10	13500	177	66
806	item107000053103	11	19300	180	75
807	item107000053103	12	26600	183	84
808	item107000053103	13	35700	186	94
809	item107000053103	14	46800	189	104
810	item107000053103	15	60000	192	114
811	item107000053201	1	0	150	0
812	item107000053201	2	150	153	6
813	item107000053201	3	350	156	12
814	item107000053201	4	650	159	19
815	item107000053201	5	1200	162	26
816	item107000053201	6	2100	165	33
817	item107000053201	7	3600	168	41
818	item107000053201	8	5850	171	49
819	item107000053201	9	9100	174	57
820	item107000053201	10	13500	177	66
821	item107000053201	11	19300	180	75
822	item107000053201	12	26600	183	84
823	item107000053201	13	35700	186	94
824	item107000053201	14	46800	189	104
825	item107000053201	15	60000	192	114
826	item107000053202	1	0	150	0
827	item107000053202	2	150	153	6
828	item107000053202	3	350	156	12
829	item107000053202	4	650	159	19
830	item107000053202	5	1200	162	26
831	item107000053202	6	2100	165	33
832	item107000053202	7	3600	168	41
833	item107000053202	8	5850	171	49
834	item107000053202	9	9100	174	57
835	item107000053202	10	13500	177	66
836	item107000053202	11	19300	180	75
837	item107000053202	12	26600	183	84
838	item107000053202	13	35700	186	94
839	item107000053202	14	46800	189	104
840	item107000053202	15	60000	192	114
841	item107000053203	1	0	150	0
842	item107000053203	2	150	153	6
843	item107000053203	3	350	156	12
844	item107000053203	4	650	159	19
845	item107000053203	5	1200	162	26
846	item107000053203	6	2100	165	33
847	item107000053203	7	3600	168	41
848	item107000053203	8	5850	171	49
849	item107000053203	9	9100	174	57
850	item107000053203	10	13500	177	66
851	item107000053203	11	19300	180	75
852	item107000053203	12	26600	183	84
853	item107000053203	13	35700	186	94
854	item107000053203	14	46800	189	104
855	item107000053203	15	60000	192	114
856	item107000053204	1	0	150	0
857	item107000053204	2	150	153	6
858	item107000053204	3	350	156	12
859	item107000053204	4	650	159	19
860	item107000053204	5	1200	162	26
861	item107000053204	6	2100	165	33
862	item107000053204	7	3600	168	41
863	item107000053204	8	5850	171	49
864	item107000053204	9	9100	174	57
865	item107000053204	10	13500	177	66
866	item107000053204	11	19300	180	75
867	item107000053204	12	26600	183	84
868	item107000053204	13	35700	186	94
869	item107000053204	14	46800	189	104
870	item107000053204	15	60000	192	114
871	item107000053301	1	0	150	0
872	item107000053301	2	150	153	60
873	item107000053301	3	350	156	120
874	item107000053301	4	650	159	190
875	item107000053301	5	1200	162	260
876	item107000053301	6	2100	165	330
877	item107000053301	7	3600	168	410
878	item107000053301	8	5850	171	490
879	item107000053301	9	9100	174	570
880	item107000053301	10	13500	177	660
881	item107000053301	11	19300	180	750
882	item107000053301	12	26600	183	840
883	item107000053301	13	35700	186	940
884	item107000053301	14	46800	189	1040
885	item107000053301	15	60000	192	1140
886	item107000053302	1	0	150	0
887	item107000053302	2	150	153	60
888	item107000053302	3	350	156	120
889	item107000053302	4	650	159	190
890	item107000053302	5	1200	162	260
891	item107000053302	6	2100	165	330
892	item107000053302	7	3600	168	410
893	item107000053302	8	5850	171	490
894	item107000053302	9	9100	174	570
895	item107000053302	10	13500	177	660
896	item107000053302	11	19300	180	750
897	item107000053302	12	26600	183	840
898	item107000053302	13	35700	186	940
899	item107000053302	14	46800	189	1040
900	item107000053302	15	60000	192	1140
901	item107000053303	1	0	150	0
902	item107000053303	2	150	153	60
903	item107000053303	3	350	156	120
904	item107000053303	4	650	159	190
905	item107000053303	5	1200	162	260
906	item107000053303	6	2100	165	330
907	item107000053303	7	3600	168	410
908	item107000053303	8	5850	171	490
909	item107000053303	9	9100	174	570
910	item107000053303	10	13500	177	660
911	item107000053303	11	19300	180	750
912	item107000053303	12	26600	183	840
913	item107000053303	13	35700	186	940
914	item107000053303	14	46800	189	1040
915	item107000053303	15	60000	192	1140
916	item117000052101	1	0	130	0
917	item117000052101	2	100	133	5
918	item117000052101	3	250	136	10
919	item117000052101	4	500	139	16
920	item117000052101	5	850	142	22
921	item117000052101	6	1400	145	28
922	item117000052101	7	2250	148	35
923	item117000052101	8	3500	151	42
924	item117000052101	9	5250	154	49
925	item117000052101	10	7500	157	57
926	item117000052101	11	10300	160	65
927	item117000052101	12	13800	163	73
928	item117000052101	13	18150	166	82
929	item117000052101	14	23500	169	91
930	item117000052101	15	30000	172	100
931	item117000052201	1	0	130	0
932	item117000052201	2	100	133	5
933	item117000052201	3	250	136	10
934	item117000052201	4	500	139	16
935	item117000052201	5	850	142	22
936	item117000052201	6	1400	145	28
937	item117000052201	7	2250	148	35
938	item117000052201	8	3500	151	42
939	item117000052201	9	5250	154	49
940	item117000052201	10	7500	157	57
941	item117000052201	11	10300	160	65
942	item117000052201	12	13800	163	73
943	item117000052201	13	18150	166	82
944	item117000052201	14	23500	169	91
945	item117000052201	15	30000	172	100
946	item117000052302	1	0	130	0
947	item117000052302	2	100	133	50
948	item117000052302	3	250	136	100
949	item117000052302	4	500	139	160
950	item117000052302	5	850	142	220
951	item117000052302	6	1400	145	280
952	item117000052302	7	2250	148	350
953	item117000052302	8	3500	151	420
954	item117000052302	9	5250	154	490
955	item117000052302	10	7500	157	570
956	item117000052302	11	10300	160	650
957	item117000052302	12	13800	163	730
958	item117000052302	13	18150	166	820
959	item117000052302	14	23500	169	910
960	item117000052302	15	30000	172	1000
961	item117000052103	1	0	130	0
962	item117000052103	2	100	133	5
963	item117000052103	3	250	136	10
964	item117000052103	4	500	139	16
965	item117000052103	5	850	142	22
966	item117000052103	6	1400	145	28
967	item117000052103	7	2250	148	35
968	item117000052103	8	3500	151	42
969	item117000052103	9	5250	154	49
970	item117000052103	10	7500	157	57
971	item117000052103	11	10300	160	65
972	item117000052103	12	13800	163	73
973	item117000052103	13	18150	166	82
974	item117000052103	14	23500	169	91
975	item117000052103	15	30000	172	100
976	item117000052203	1	0	130	0
977	item117000052203	2	100	133	5
978	item117000052203	3	250	136	10
979	item117000052203	4	500	139	16
980	item117000052203	5	850	142	22
981	item117000052203	6	1400	145	28
982	item117000052203	7	2250	148	35
983	item117000052203	8	3500	151	42
984	item117000052203	9	5250	154	49
985	item117000052203	10	7500	157	57
986	item117000052203	11	10300	160	65
987	item117000052203	12	13800	163	73
988	item117000052203	13	18150	166	82
989	item117000052203	14	23500	169	91
990	item117000052203	15	30000	172	100
991	item117000052303	1	0	130	0
992	item117000052303	2	100	133	50
993	item117000052303	3	250	136	100
994	item117000052303	4	500	139	160
995	item117000052303	5	850	142	220
996	item117000052303	6	1400	145	280
997	item117000052303	7	2250	148	350
998	item117000052303	8	3500	151	420
999	item117000052303	9	5250	154	490
1000	item117000052303	10	7500	157	570
1001	item117000052303	11	10300	160	650
1002	item117000052303	12	13800	163	730
1003	item117000052303	13	18150	166	820
1004	item117000052303	14	23500	169	910
1005	item117000052303	15	30000	172	1000
1006	item117000051305	1	0	110	0
1007	item117000051305	2	100	113	40
1008	item117000051305	3	250	116	80
1009	item117000051305	4	450	119	130
1010	item117000051305	5	750	122	180
1011	item117000051305	6	1150	125	230
1012	item117000051305	7	1700	128	290
1013	item117000051305	8	2400	131	350
1014	item117000051305	9	3300	134	410
1015	item117000051305	10	4400	137	480
1016	item117000051305	11	5800	140	550
1017	item117000051305	12	7500	143	620
1018	item117000051305	13	9550	146	700
1019	item117000051305	14	12050	149	780
1020	item117000051305	15	15000	152	860
1021	item107000051103	1	0	110	0
1022	item107000051103	2	100	113	4
1023	item107000051103	3	250	116	8
1024	item107000051103	4	450	119	13
1025	item107000051103	5	750	122	18
1026	item107000051103	6	1150	125	23
1027	item107000051103	7	1700	128	29
1028	item107000051103	8	2400	131	35
1029	item107000051103	9	3300	134	41
1030	item107000051103	10	4400	137	48
1031	item107000051103	11	5800	140	55
1032	item107000051103	12	7500	143	62
1033	item107000051103	13	9550	146	70
1034	item107000051103	14	12050	149	78
1035	item107000051103	15	15000	152	86
1036	item107000051204	1	0	110	0
1037	item107000051204	2	100	113	4
1038	item107000051204	3	250	116	8
1039	item107000051204	4	450	119	13
1040	item107000051204	5	750	122	18
1041	item107000051204	6	1150	125	23
1042	item107000051204	7	1700	128	29
1043	item107000051204	8	2400	131	35
1044	item107000051204	9	3300	134	41
1045	item107000051204	10	4400	137	48
1046	item107000051204	11	5800	140	55
1047	item107000051204	12	7500	143	62
1048	item107000051204	13	9550	146	70
1049	item107000051204	14	12050	149	78
1050	item107000051204	15	15000	152	86
1051	item107000051303	1	0	110	0
1052	item107000051303	2	100	113	40
1053	item107000051303	3	250	116	80
1054	item107000051303	4	450	119	130
1055	item107000051303	5	750	122	180
1056	item107000051303	6	1150	125	230
1057	item107000051303	7	1700	128	290
1058	item107000051303	8	2400	131	350
1059	item107000051303	9	3300	134	410
1060	item107000051303	10	4400	137	480
1061	item107000051303	11	5800	140	550
1062	item107000051303	12	7500	143	620
1063	item107000051303	13	9550	146	700
1064	item107000051303	14	12050	149	780
1065	item107000051303	15	15000	152	860
1066	item107000052104	1	0	130	0
1067	item107000052104	2	100	133	5
1068	item107000052104	3	250	136	10
1069	item107000052104	4	500	139	16
1070	item107000052104	5	850	142	22
1071	item107000052104	6	1400	145	28
1072	item107000052104	7	2250	148	35
1073	item107000052104	8	3500	151	42
1074	item107000052104	9	5250	154	49
1075	item107000052104	10	7500	157	57
1076	item107000052104	11	10300	160	65
1077	item107000052104	12	13800	163	73
1078	item107000052104	13	18150	166	82
1079	item107000052104	14	23500	169	91
1080	item107000052104	15	30000	172	100
1081	item107000052204	1	0	130	0
1082	item107000052204	2	100	133	5
1083	item107000052204	3	250	136	10
1084	item107000052204	4	500	139	16
1085	item107000052204	5	850	142	22
1086	item107000052204	6	1400	145	28
1087	item107000052204	7	2250	148	35
1088	item107000052204	8	3500	151	42
1089	item107000052204	9	5250	154	49
1090	item107000052204	10	7500	157	57
1091	item107000052204	11	10300	160	65
1092	item107000052204	12	13800	163	73
1093	item107000052204	13	18150	166	82
1094	item107000052204	14	23500	169	91
1095	item107000052204	15	30000	172	100
1096	item107000052304	1	0	130	0
1097	item107000052304	2	100	133	50
1098	item107000052304	3	250	136	100
1099	item107000052304	4	500	139	160
1100	item107000052304	5	850	142	220
1101	item107000052304	6	1400	145	280
1102	item107000052304	7	2250	148	350
1103	item107000052304	8	3500	151	420
1104	item107000052304	9	5250	154	490
1105	item107000052304	10	7500	157	570
1106	item107000052304	11	10300	160	650
1107	item107000052304	12	13800	163	730
1108	item107000052304	13	18150	166	820
1109	item107000052304	14	23500	169	910
1110	item107000052304	15	30000	172	1000
1111	item107000053205	1	0	150	0
1112	item107000053205	2	150	153	6
1113	item107000053205	3	350	156	12
1114	item107000053205	4	650	159	19
1115	item107000053205	5	1200	162	26
1116	item107000053205	6	2100	165	33
1117	item107000053205	7	3600	168	41
1118	item107000053205	8	5850	171	49
1119	item107000053205	9	9100	174	57
1120	item107000053205	10	13500	177	66
1121	item107000053205	11	19300	180	75
1122	item107000053205	12	26600	183	84
1123	item107000053205	13	35700	186	94
1124	item107000053205	14	46800	189	104
1125	item107000053205	15	60000	192	114
1126	item107000053206	1	0	150	0
1127	item107000053206	2	150	153	6
1128	item107000053206	3	350	156	12
1129	item107000053206	4	650	159	19
1130	item107000053206	5	1200	162	26
1131	item107000053206	6	2100	165	33
1132	item107000053206	7	3600	168	41
1133	item107000053206	8	5850	171	49
1134	item107000053206	9	9100	174	57
1135	item107000053206	10	13500	177	66
1136	item107000053206	11	19300	180	75
1137	item107000053206	12	26600	183	84
1138	item107000053206	13	35700	186	94
1139	item107000053206	14	46800	189	104
1140	item107000053206	15	60000	192	114
1141	item107000053207	1	0	150	0
1142	item107000053207	2	150	153	6
1143	item107000053207	3	350	156	12
1144	item107000053207	4	650	159	19
1145	item107000053207	5	1200	162	26
1146	item107000053207	6	2100	165	33
1147	item107000053207	7	3600	168	41
1148	item107000053207	8	5850	171	49
1149	item107000053207	9	9100	174	57
1150	item107000053207	10	13500	177	66
1151	item107000053207	11	19300	180	75
1152	item107000053207	12	26600	183	84
1153	item107000053207	13	35700	186	94
1154	item107000053207	14	46800	189	104
1155	item107000053207	15	60000	192	114
1156	item107000051205	1	0	110	0
1157	item107000051205	2	100	113	4
1158	item107000051205	3	250	116	8
1159	item107000051205	4	450	119	13
1160	item107000051205	5	750	122	18
1161	item107000051205	6	1150	125	23
1162	item107000051205	7	1700	128	29
1163	item107000051205	8	2400	131	35
1164	item107000051205	9	3300	134	41
1165	item107000051205	10	4400	137	48
1166	item107000051205	11	5800	140	55
1167	item107000051205	12	7500	143	62
1168	item107000051205	13	9550	146	70
1169	item107000051205	14	12050	149	78
1170	item107000051205	15	15000	152	86
1171	item107000052205	1	0	130	0
1172	item107000052205	2	100	133	5
1173	item107000052205	3	250	136	10
1174	item107000052205	4	500	139	16
1175	item107000052205	5	850	142	22
1176	item107000052205	6	1400	145	28
1177	item107000052205	7	2250	148	35
1178	item107000052205	8	3500	151	42
1179	item107000052205	9	5250	154	49
1180	item107000052205	10	7500	157	57
1181	item107000052205	11	10300	160	65
1182	item107000052205	12	13800	163	73
1183	item107000052205	13	18150	166	82
1184	item107000052205	14	23500	169	91
1185	item107000052205	15	30000	172	100
1186	item107000052105	1	0	130	0
1187	item107000052105	2	100	133	6
1188	item107000052105	3	250	136	12
1189	item107000052105	4	500	139	19
1190	item107000052105	5	850	142	26
1191	item107000052105	6	1400	145	33
1192	item107000052105	7	2250	148	41
1193	item107000052105	8	3500	151	49
1194	item107000052105	9	5250	154	57
1195	item107000052105	10	7500	157	66
1196	item107000052105	11	10300	160	75
1197	item107000052105	12	13800	163	84
1198	item107000052105	13	18150	166	94
1199	item107000052105	14	23500	169	104
1200	item107000052105	15	30000	172	114
1201	item107000052206	1	0	130	0
1202	item107000052206	2	100	133	6
1203	item107000052206	3	250	136	12
1204	item107000052206	4	500	139	19
1205	item107000052206	5	850	142	26
1206	item107000052206	6	1400	145	33
1207	item107000052206	7	2250	148	41
1208	item107000052206	8	3500	151	49
1209	item107000052206	9	5250	154	57
1210	item107000052206	10	7500	157	66
1211	item107000052206	11	10300	160	75
1212	item107000052206	12	13800	163	84
1213	item107000052206	13	18150	166	94
1214	item107000052206	14	23500	169	104
1215	item107000052206	15	30000	172	114
1216	item107000052305	1	0	130	0
1217	item107000052305	2	100	133	60
1218	item107000052305	3	250	136	120
1219	item107000052305	4	500	139	190
1220	item107000052305	5	850	142	260
1221	item107000052305	6	1400	145	330
1222	item107000052305	7	2250	148	410
1223	item107000052305	8	3500	151	490
1224	item107000052305	9	5250	154	570
1225	item107000052305	10	7500	157	660
1226	item107000052305	11	10300	160	750
1227	item107000052305	12	13800	163	840
1228	item107000052305	13	18150	166	940
1229	item107000052305	14	23500	169	1040
1230	item107000052305	15	30000	172	1140
1231	item107000052207	1	0	130	0
1232	item107000052207	2	100	133	5
1233	item107000052207	3	250	136	10
1234	item107000052207	4	500	139	16
1235	item107000052207	5	850	142	22
1236	item107000052207	6	1400	145	28
1237	item107000052207	7	2250	148	35
1238	item107000052207	8	3500	151	42
1239	item107000052207	9	5250	154	49
1240	item107000052207	10	7500	157	57
1241	item107000052207	11	10300	160	65
1242	item107000052207	12	13800	163	73
1243	item107000052207	13	18150	166	82
1244	item107000052207	14	23500	169	91
1245	item107000052207	15	30000	172	100
1246	item107000053104	1	0	150	0
1247	item107000053104	2	150	153	6
1248	item107000053104	3	350	156	12
1249	item107000053104	4	650	159	19
1250	item107000053104	5	1200	162	26
1251	item107000053104	6	2100	165	33
1252	item107000053104	7	3600	168	41
1253	item107000053104	8	5850	171	49
1254	item107000053104	9	9100	174	57
1255	item107000053104	10	13500	177	66
1256	item107000053104	11	19300	180	75
1257	item107000053104	12	26600	183	84
1258	item107000053104	13	35700	186	94
1259	item107000053104	14	46800	189	104
1260	item107000053104	15	60000	192	114
1261	item107000053208	1	0	150	0
1262	item107000053208	2	150	153	6
1263	item107000053208	3	350	156	12
1264	item107000053208	4	650	159	19
1265	item107000053208	5	1200	162	26
1266	item107000053208	6	2100	165	33
1267	item107000053208	7	3600	168	41
1268	item107000053208	8	5850	171	49
1269	item107000053208	9	9100	174	57
1270	item107000053208	10	13500	177	66
1271	item107000053208	11	19300	180	75
1272	item107000053208	12	26600	183	84
1273	item107000053208	13	35700	186	94
1274	item107000053208	14	46800	189	104
1275	item107000053208	15	60000	192	114
1276	item107000053304	1	0	150	0
1277	item107000053304	2	150	153	60
1278	item107000053304	3	350	156	120
1279	item107000053304	4	650	159	190
1280	item107000053304	5	1200	162	260
1281	item107000053304	6	2100	165	330
1282	item107000053304	7	3600	168	410
1283	item107000053304	8	5850	171	490
1284	item107000053304	9	9100	174	570
1285	item107000053304	10	13500	177	660
1286	item107000053304	11	19300	180	750
1287	item107000053304	12	26600	183	840
1288	item107000053304	13	35700	186	940
1289	item107000053304	14	46800	189	1040
1290	item107000053304	15	60000	192	1140
1291	item107000043104	1	0	90	0
1292	item107000043104	2	50	92	4
1293	item107000043104	3	150	94	8
1294	item107000043104	4	300	96	13
1295	item107000043104	5	550	98	18
1296	item107000043104	6	950	100	23
1297	item107000043104	7	1550	102	29
1298	item107000043104	8	2400	104	35
1299	item107000043104	9	3550	106	41
1300	item107000043104	10	5100	108	48
1301	item107000043104	11	7200	110	55
1302	item107000043104	12	10000	112	62
1303	item107000051104	1	0	110	0
1304	item107000051104	2	100	113	4
1305	item107000051104	3	250	116	8
1306	item107000051104	4	450	119	13
1307	item107000051104	5	750	122	18
1308	item107000051104	6	1150	125	23
1309	item107000051104	7	1700	128	29
1310	item107000051104	8	2400	131	35
1311	item107000051104	9	3300	134	41
1312	item107000051104	10	4400	137	48
1313	item107000051104	11	5800	140	55
1314	item107000051104	12	7500	143	62
1315	item107000051104	13	9550	146	70
1316	item107000051104	14	12050	149	78
1317	item107000051104	15	15000	152	86
1318	item107000052106	1	0	130	0
1319	item107000052106	2	100	133	5
1320	item107000052106	3	250	136	10
1321	item107000052106	4	500	139	16
1322	item107000052106	5	850	142	22
1323	item107000052106	6	1400	145	28
1324	item107000052106	7	2250	148	35
1325	item107000052106	8	3500	151	42
1326	item107000052106	9	5250	154	49
1327	item107000052106	10	7500	157	57
1328	item107000052106	11	10300	160	65
1329	item107000052106	12	13800	163	73
1330	item107000052106	13	18150	166	82
1331	item107000052106	14	23500	169	91
1332	item107000052106	15	30000	172	100
1333	item107000053105	1	0	150	0
1334	item107000053105	2	150	153	6
1335	item107000053105	3	350	156	12
1336	item107000053105	4	650	159	19
1337	item107000053105	5	1200	162	26
1338	item107000053105	6	2100	165	33
1339	item107000053105	7	3600	168	41
1340	item107000053105	8	5850	171	49
1341	item107000053105	9	9100	174	57
1342	item107000053105	10	13500	177	66
1343	item107000053105	11	19300	180	75
1344	item107000053105	12	26600	183	84
1345	item107000053105	13	35700	186	94
1346	item107000053105	14	46800	189	104
1347	item107000053105	15	60000	192	114
1348	item107000053209	1	0	150	0
1349	item107000053209	2	150	153	6
1350	item107000053209	3	350	156	12
1351	item107000053209	4	650	159	19
1352	item107000053209	5	1200	162	26
1353	item107000053209	6	2100	165	33
1354	item107000053209	7	3600	168	41
1355	item107000053209	8	5850	171	49
1356	item107000053209	9	9100	174	57
1357	item107000053209	10	13500	177	66
1358	item107000053209	11	19300	180	75
1359	item107000053209	12	26600	183	84
1360	item107000053209	13	35700	186	94
1361	item107000053209	14	46800	189	104
1362	item107000053209	15	60000	192	114
1363	item107000053305	1	0	150	0
1364	item107000053305	2	150	153	60
1365	item107000053305	3	350	156	120
1366	item107000053305	4	650	159	190
1367	item107000053305	5	1200	162	260
1368	item107000053305	6	2100	165	330
1369	item107000053305	7	3600	168	410
1370	item107000053305	8	5850	171	490
1371	item107000053305	9	9100	174	570
1372	item107000053305	10	13500	177	660
1373	item107000053305	11	19300	180	750
1374	item107000053305	12	26600	183	840
1375	item107000053305	13	35700	186	940
1376	item107000053305	14	46800	189	1040
1377	item107000053305	15	60000	192	1140
1378	item107000053106	1	0	150	0
1379	item107000053106	2	150	153	6
1380	item107000053106	3	350	156	12
1381	item107000053106	4	650	159	19
1382	item107000053106	5	1200	162	26
1383	item107000053106	6	2100	165	33
1384	item107000053106	7	3600	168	41
1385	item107000053106	8	5850	171	49
1386	item107000053106	9	9100	174	57
1387	item107000053106	10	13500	177	66
1388	item107000053106	11	19300	180	75
1389	item107000053106	12	26600	183	84
1390	item107000053106	13	35700	186	94
1391	item107000053106	14	46800	189	104
1392	item107000053106	15	60000	192	114
1393	item107000053210	1	0	150	0
1394	item107000053210	2	150	153	6
1395	item107000053210	3	350	156	12
1396	item107000053210	4	650	159	19
1397	item107000053210	5	1200	162	26
1398	item107000053210	6	2100	165	33
1399	item107000053210	7	3600	168	41
1400	item107000053210	8	5850	171	49
1401	item107000053210	9	9100	174	57
1402	item107000053210	10	13500	177	66
1403	item107000053210	11	19300	180	75
1404	item107000053210	12	26600	183	84
1405	item107000053210	13	35700	186	94
1406	item107000053210	14	46800	189	104
1407	item107000053210	15	60000	192	114
1408	item107000053306	1	0	150	0
1409	item107000053306	2	150	153	60
1410	item107000053306	3	350	156	120
1411	item107000053306	4	650	159	190
1412	item107000053306	5	1200	162	260
1413	item107000053306	6	2100	165	330
1414	item107000053306	7	3600	168	410
1415	item107000053306	8	5850	171	490
1416	item107000053306	9	9100	174	570
1417	item107000053306	10	13500	177	660
1418	item107000053306	11	19300	180	750
1419	item107000053306	12	26600	183	840
1420	item107000053306	13	35700	186	940
1421	item107000053306	14	46800	189	1040
1422	item107000053306	15	60000	192	1140
1423	item107000053107	1	0	150	0
1424	item107000053107	2	150	153	6
1425	item107000053107	3	350	156	12
1426	item107000053107	4	650	159	19
1427	item107000053107	5	1200	162	26
1428	item107000053107	6	2100	165	33
1429	item107000053107	7	3600	168	41
1430	item107000053107	8	5850	171	49
1431	item107000053107	9	9100	174	57
1432	item107000053107	10	13500	177	66
1433	item107000053107	11	19300	180	75
1434	item107000053107	12	26600	183	84
1435	item107000053107	13	35700	186	94
1436	item107000053107	14	46800	189	104
1437	item107000053107	15	60000	192	114
1438	item107000053212	1	0	150	0
1439	item107000053212	2	150	153	6
1440	item107000053212	3	350	156	12
1441	item107000053212	4	650	159	19
1442	item107000053212	5	1200	162	26
1443	item107000053212	6	2100	165	33
1444	item107000053212	7	3600	168	41
1445	item107000053212	8	5850	171	49
1446	item107000053212	9	9100	174	57
1447	item107000053212	10	13500	177	66
1448	item107000053212	11	19300	180	75
1449	item107000053212	12	26600	183	84
1450	item107000053212	13	35700	186	94
1451	item107000053212	14	46800	189	104
1452	item107000053212	15	60000	192	114
1453	item107000053307	1	0	150	0
1454	item107000053307	2	150	153	60
1455	item107000053307	3	350	156	120
1456	item107000053307	4	650	159	190
1457	item107000053307	5	1200	162	260
1458	item107000053307	6	2100	165	330
1459	item107000053307	7	3600	168	410
1460	item107000053307	8	5850	171	490
1461	item107000053307	9	9100	174	570
1462	item107000053307	10	13500	177	660
1463	item107000053307	11	19300	180	750
1464	item107000053307	12	26600	183	840
1465	item107000053307	13	35700	186	940
1466	item107000053307	14	46800	189	1040
1467	item107000053307	15	60000	192	1140
1468	item107000043204	1	0	90	0
1469	item107000043204	2	50	92	4
1470	item107000043204	3	150	94	8
1471	item107000043204	4	300	96	13
1472	item107000043204	5	550	98	18
1473	item107000043204	6	950	100	23
1474	item107000043204	7	1550	102	29
1475	item107000043204	8	2400	104	35
1476	item107000043204	9	3550	106	41
1477	item107000043204	10	5100	108	48
1478	item107000043204	11	7200	110	55
1479	item107000043204	12	10000	112	62
1480	item107000051206	1	0	110	0
1481	item107000051206	2	100	113	4
1482	item107000051206	3	250	116	8
1483	item107000051206	4	450	119	13
1484	item107000051206	5	750	122	18
1485	item107000051206	6	1150	125	23
1486	item107000051206	7	1700	128	29
1487	item107000051206	8	2400	131	35
1488	item107000051206	9	3300	134	41
1489	item107000051206	10	4400	137	48
1490	item107000051206	11	5800	140	55
1491	item107000051206	12	7500	143	62
1492	item107000051206	13	9550	146	70
1493	item107000051206	14	12050	149	78
1494	item107000051206	15	15000	152	86
1495	item107000052208	1	0	130	0
1496	item107000052208	2	100	133	5
1497	item107000052208	3	250	136	10
1498	item107000052208	4	500	139	16
1499	item107000052208	5	850	142	22
1500	item107000052208	6	1400	145	28
1501	item107000052208	7	2250	148	35
1502	item107000052208	8	3500	151	42
1503	item107000052208	9	5250	154	49
1504	item107000052208	10	7500	157	57
1505	item107000052208	11	10300	160	65
1506	item107000052208	12	13800	163	73
1507	item107000052208	13	18150	166	82
1508	item107000052208	14	23500	169	91
1509	item107000052208	15	30000	172	100
1510	item107000053211	1	0	150	0
1511	item107000053211	2	150	153	6
1512	item107000053211	3	350	156	12
1513	item107000053211	4	650	159	19
1514	item107000053211	5	1200	162	26
1515	item107000053211	6	2100	165	33
1516	item107000053211	7	3600	168	41
1517	item107000053211	8	5850	171	49
1518	item107000053211	9	9100	174	57
1519	item107000053211	10	13500	177	66
1520	item107000053211	11	19300	180	75
1521	item107000053211	12	26600	183	84
1522	item107000053211	13	35700	186	94
1523	item107000053211	14	46800	189	104
1524	item107000053211	15	60000	192	114
1525	item107000053308	1	0	150	0
1526	item107000053308	2	150	153	60
1527	item107000053308	3	350	156	120
1528	item107000053308	4	650	159	190
1529	item107000053308	5	1200	162	260
1530	item107000053308	6	2100	165	330
1531	item107000053308	7	3600	168	410
1532	item107000053308	8	5850	171	490
1533	item107000053308	9	9100	174	570
1534	item107000053308	10	13500	177	660
1535	item107000053308	11	19300	180	750
1536	item107000053308	12	26600	183	840
1537	item107000053308	13	35700	186	940
1538	item107000053308	14	46800	189	1040
1539	item107000053308	15	60000	192	1140
1540	item107000043105	1	0	90	0
1541	item107000043105	2	50	92	4
1542	item107000043105	3	150	94	8
1543	item107000043105	4	300	96	13
1544	item107000043105	5	550	98	18
1545	item107000043105	6	950	100	23
1546	item107000043105	7	1550	102	29
1547	item107000043105	8	2400	104	35
1548	item107000043105	9	3550	106	41
1549	item107000043105	10	5100	108	48
1550	item107000043105	11	7200	110	55
1551	item107000043105	12	10000	112	62
1552	item107000053108	1	0	150	0
1553	item107000053108	2	150	153	6
1554	item107000053108	3	350	156	12
1555	item107000053108	4	650	159	19
1556	item107000053108	5	1200	162	26
1557	item107000053108	6	2100	165	33
1558	item107000053108	7	3600	168	41
1559	item107000053108	8	5850	171	49
1560	item107000053108	9	9100	174	57
1561	item107000053108	10	13500	177	66
1562	item107000053108	11	19300	180	75
1563	item107000053108	12	26600	183	84
1564	item107000053108	13	35700	186	94
1565	item107000053108	14	46800	189	104
1566	item107000053108	15	60000	192	114
1567	item107000053213	1	0	150	0
1568	item107000053213	2	150	153	6
1569	item107000053213	3	350	156	12
1570	item107000053213	4	650	159	19
1571	item107000053213	5	1200	162	26
1572	item107000053213	6	2100	165	33
1573	item107000053213	7	3600	168	41
1574	item107000053213	8	5850	171	49
1575	item107000053213	9	9100	174	57
1576	item107000053213	10	13500	177	66
1577	item107000053213	11	19300	180	75
1578	item107000053213	12	26600	183	84
1579	item107000053213	13	35700	186	94
1580	item107000053213	14	46800	189	104
1581	item107000053213	15	60000	192	114
1582	item107000053309	1	0	150	0
1583	item107000053309	2	150	153	60
1584	item107000053309	3	350	156	120
1585	item107000053309	4	650	159	190
1586	item107000053309	5	1200	162	260
1587	item107000053309	6	2100	165	330
1588	item107000053309	7	3600	168	410
1589	item107000053309	8	5850	171	490
1590	item107000053309	9	9100	174	570
1591	item107000053309	10	13500	177	660
1592	item107000053309	11	19300	180	750
1593	item107000053309	12	26600	183	840
1594	item107000053309	13	35700	186	940
1595	item107000053309	14	46800	189	1040
1596	item107000053309	15	60000	192	1140
1597	item107000052209	1	0	130	0
1598	item107000052209	2	100	133	5
1599	item107000052209	3	250	136	10
1600	item107000052209	4	500	139	16
1601	item107000052209	5	850	142	22
1602	item107000052209	6	1400	145	28
1603	item107000052209	7	2250	148	35
1604	item107000052209	8	3500	151	42
1605	item107000052209	9	5250	154	49
1606	item107000052209	10	7500	157	57
1607	item107000052209	11	10300	160	65
1608	item107000052209	12	13800	163	73
1609	item107000052209	13	18150	166	82
1610	item107000052209	14	23500	169	91
1611	item107000052209	15	30000	172	100
1612	item117000052328	1	0	150	0
1613	item117000052328	2	150	153	6
1614	item117000052328	3	350	156	12
1615	item117000052328	4	650	159	19
1616	item117000052328	5	1200	162	26
1617	item117000052328	6	2100	165	33
1618	item117000052328	7	3600	168	41
1619	item117000052328	8	5850	171	49
1620	item117000052328	9	9100	174	57
1621	item117000052328	10	13500	177	66
1622	item117000052328	11	19300	180	75
1623	item117000052328	12	26600	183	84
1624	item117000052328	13	35700	186	94
1625	item117000052328	14	46800	189	104
1626	item117000052328	15	60000	192	114
1627	item117000052329	1	0	150	0
1628	item117000052329	2	150	153	6
1629	item117000052329	3	350	156	12
1630	item117000052329	4	650	159	19
1631	item117000052329	5	1200	162	26
1632	item117000052329	6	2100	165	33
1633	item117000052329	7	3600	168	41
1634	item117000052329	8	5850	171	49
1635	item117000052329	9	9100	174	57
1636	item117000052329	10	13500	177	66
1637	item117000052329	11	19300	180	75
1638	item117000052329	12	26600	183	84
1639	item117000052329	13	35700	186	94
1640	item117000052329	14	46800	189	104
1641	item117000052329	15	60000	192	114
1642	item117000052330	1	0	150	0
1643	item117000052330	2	150	153	6
1644	item117000052330	3	350	156	12
1645	item117000052330	4	650	159	19
1646	item117000052330	5	1200	162	26
1647	item117000052330	6	2100	165	33
1648	item117000052330	7	3600	168	41
1649	item117000052330	8	5850	171	49
1650	item117000052330	9	9100	174	57
1651	item117000052330	10	13500	177	66
1652	item117000052330	11	19300	180	75
1653	item117000052330	12	26600	183	84
1654	item117000052330	13	35700	186	94
1655	item117000052330	14	46800	189	104
1656	item117000052330	15	60000	192	114
1657	item107000061101	1	0	350	0
1658	item107000061101	2	100	354	5
1659	item107000061101	3	250	358	10
1660	item107000061101	4	450	362	16
1661	item107000061101	5	750	366	22
1662	item107000061101	6	1150	370	28
1663	item107000061101	7	1700	374	35
1664	item107000061101	8	2400	378	42
1665	item107000061101	9	3300	382	49
1666	item107000061101	10	4400	386	57
1667	item107000061101	11	5800	390	65
1668	item107000061101	12	7500	394	73
1669	item107000061101	13	9550	398	82
1670	item107000061101	14	12050	402	91
1671	item107000061101	15	15000	406	100
1672	item107000061101	16	20250	410	110
1673	item107000061101	17	29400	414	120
1674	item107000061101	18	42900	418	130
1675	item107000061102	1	0	350	0
1676	item107000061102	2	100	354	5
1677	item107000061102	3	250	358	10
1678	item107000061102	4	450	362	16
1679	item107000061102	5	750	366	22
1680	item107000061102	6	1150	370	28
1681	item107000061102	7	1700	374	35
1682	item107000061102	8	2400	378	42
1683	item107000061102	9	3300	382	49
1684	item107000061102	10	4400	386	57
1685	item107000061102	11	5800	390	65
1686	item107000061102	12	7500	394	73
1687	item107000061102	13	9550	398	82
1688	item107000061102	14	12050	402	91
1689	item107000061102	15	15000	406	100
1690	item107000061102	16	20250	410	110
1691	item107000061102	17	29400	414	120
1692	item107000061102	18	42900	418	130
1693	item107000063101	1	0	550	0
1694	item107000063101	2	150	554	7
1695	item107000063101	3	350	558	14
1696	item107000063101	4	650	562	22
1697	item107000063101	5	1200	566	30
1698	item107000063101	6	2100	570	38
1699	item107000063101	7	3600	574	47
1700	item107000063101	8	5850	578	56
1701	item107000063101	9	9100	582	65
1702	item107000063101	10	13500	586	75
1703	item107000063101	11	19300	590	85
1704	item107000063101	12	26600	594	95
1705	item107000063101	13	35700	598	106
1706	item107000063101	14	46800	602	117
1707	item107000063101	15	60000	606	128
1708	item107000063101	16	76400	610	140
1709	item107000063101	17	97600	614	152
1710	item107000063101	18	124000	618	164
1711	item107000063102	1	0	550	0
1712	item107000063102	2	150	554	7
1713	item107000063102	3	350	558	14
1714	item107000063102	4	650	562	22
1715	item107000063102	5	1200	566	30
1716	item107000063102	6	2100	570	38
1717	item107000063102	7	3600	574	47
1718	item107000063102	8	5850	578	56
1719	item107000063102	9	9100	582	65
1720	item107000063102	10	13500	586	75
1721	item107000063102	11	19300	590	85
1722	item107000063102	12	26600	594	95
1723	item107000063102	13	35700	598	106
1724	item107000063102	14	46800	602	117
1725	item107000063102	15	60000	606	128
1726	item107000063102	16	76400	610	140
1727	item107000063102	17	97600	614	152
1728	item107000063102	18	124000	618	164
1729	item107000063103	1	0	550	0
1730	item107000063103	2	150	554	7
1731	item107000063103	3	350	558	14
1732	item107000063103	4	650	562	22
1733	item107000063103	5	1200	566	30
1734	item107000063103	6	2100	570	38
1735	item107000063103	7	3600	574	47
1736	item107000063103	8	5850	578	56
1737	item107000063103	9	9100	582	65
1738	item107000063103	10	13500	586	75
1739	item107000063103	11	19300	590	85
1740	item107000063103	12	26600	594	95
1741	item107000063103	13	35700	598	106
1742	item107000063103	14	46800	602	117
1743	item107000063103	15	60000	606	128
1744	item107000063103	16	76400	610	140
1745	item107000063103	17	97600	614	152
1746	item107000063103	18	124000	618	164
1747	item107000063105	1	0	550	0
1748	item107000063105	2	150	554	7
1749	item107000063105	3	350	558	14
1750	item107000063105	4	650	562	22
1751	item107000063105	5	1200	566	30
1752	item107000063105	6	2100	570	38
1753	item107000063105	7	3600	574	47
1754	item107000063105	8	5850	578	56
1755	item107000063105	9	9100	582	65
1756	item107000063105	10	13500	586	75
1757	item107000063105	11	19300	590	85
1758	item107000063105	12	26600	594	95
1759	item107000063105	13	35700	598	106
1760	item107000063105	14	46800	602	117
1761	item107000063105	15	60000	606	128
1762	item107000063105	16	76400	610	140
1763	item107000063105	17	97600	614	152
1764	item107000063105	18	124000	618	164
1765	item107000063107	1	0	550	0
1766	item107000063107	2	150	554	7
1767	item107000063107	3	350	558	14
1768	item107000063107	4	650	562	22
1769	item107000063107	5	1200	566	30
1770	item107000063107	6	2100	570	38
1771	item107000063107	7	3600	574	47
1772	item107000063107	8	5850	578	56
1773	item107000063107	9	9100	582	65
1774	item107000063107	10	13500	586	75
1775	item107000063107	11	19300	590	85
1776	item107000063107	12	26600	594	95
1777	item107000063107	13	35700	598	106
1778	item107000063107	14	46800	602	117
1779	item107000063107	15	60000	606	128
1780	item107000063107	16	76400	610	140
1781	item107000063107	17	97600	614	152
1782	item107000063107	18	124000	618	164
1783	item107000063104	1	0	550	0
1784	item107000063104	2	150	554	7
1785	item107000063104	3	350	558	14
1786	item107000063104	4	650	562	22
1787	item107000063104	5	1200	566	30
1788	item107000063104	6	2100	570	38
1789	item107000063104	7	3600	574	47
1790	item107000063104	8	5850	578	56
1791	item107000063104	9	9100	582	65
1792	item107000063104	10	13500	586	75
1793	item107000063104	11	19300	590	85
1794	item107000063104	12	26600	594	95
1795	item107000063104	13	35700	598	106
1796	item107000063104	14	46800	602	117
1797	item107000063104	15	60000	606	128
1798	item107000063104	16	76400	610	140
1799	item107000063104	17	97600	614	152
1800	item107000063104	18	124000	618	164
1801	item107000063106	1	0	550	0
1802	item107000063106	2	150	554	7
1803	item107000063106	3	350	558	14
1804	item107000063106	4	650	562	22
1805	item107000063106	5	1200	566	30
1806	item107000063106	6	2100	570	38
1807	item107000063106	7	3600	574	47
1808	item107000063106	8	5850	578	56
1809	item107000063106	9	9100	582	65
1810	item107000063106	10	13500	586	75
1811	item107000063106	11	19300	590	85
1812	item107000063106	12	26600	594	95
1813	item107000063106	13	35700	598	106
1814	item107000063106	14	46800	602	117
1815	item107000063106	15	60000	606	128
1816	item107000063106	16	76400	610	140
1817	item107000063106	17	97600	614	152
1818	item107000063106	18	124000	618	164
1819	item107000063108	1	0	550	0
1820	item107000063108	2	150	554	7
1821	item107000063108	3	350	558	14
1822	item107000063108	4	650	562	22
1823	item107000063108	5	1200	566	30
1824	item107000063108	6	2100	570	38
1825	item107000063108	7	3600	574	47
1826	item107000063108	8	5850	578	56
1827	item107000063108	9	9100	582	65
1828	item107000063108	10	13500	586	75
1829	item107000063108	11	19300	590	85
1830	item107000063108	12	26600	594	95
1831	item107000063108	13	35700	598	106
1832	item107000063108	14	46800	602	117
1833	item107000063108	15	60000	606	128
1834	item107000063108	16	76400	610	140
1835	item107000063108	17	97600	614	152
1836	item107000063108	18	124000	618	164
1837	item107000061201	1	0	350	0
1838	item107000061201	2	100	354	5
1839	item107000061201	3	250	358	10
1840	item107000061201	4	450	362	16
1841	item107000061201	5	750	366	22
1842	item107000061201	6	1150	370	28
1843	item107000061201	7	1700	374	35
1844	item107000061201	8	2400	378	42
1845	item107000061201	9	3300	382	49
1846	item107000061201	10	4400	386	57
1847	item107000061201	11	5800	390	65
1848	item107000061201	12	7500	394	73
1849	item107000061201	13	9550	398	82
1850	item107000061201	14	12050	402	91
1851	item107000061201	15	15000	406	100
1852	item107000061201	16	20250	410	110
1853	item107000061201	17	29400	414	120
1854	item107000061201	18	42900	418	130
1855	item107000061202	1	0	350	0
1856	item107000061202	2	100	354	5
1857	item107000061202	3	250	358	10
1858	item107000061202	4	450	362	16
1859	item107000061202	5	750	366	22
1860	item107000061202	6	1150	370	28
1861	item107000061202	7	1700	374	35
1862	item107000061202	8	2400	378	42
1863	item107000061202	9	3300	382	49
1864	item107000061202	10	4400	386	57
1865	item107000061202	11	5800	390	65
1866	item107000061202	12	7500	394	73
1867	item107000061202	13	9550	398	82
1868	item107000061202	14	12050	402	91
1869	item107000061202	15	15000	406	100
1870	item107000061202	16	20250	410	110
1871	item107000061202	17	29400	414	120
1872	item107000061202	18	42900	418	130
1873	item107000061203	1	0	350	0
1874	item107000061203	2	100	354	5
1875	item107000061203	3	250	358	10
1876	item107000061203	4	450	362	16
1877	item107000061203	5	750	366	22
1878	item107000061203	6	1150	370	28
1879	item107000061203	7	1700	374	35
1880	item107000061203	8	2400	378	42
1881	item107000061203	9	3300	382	49
1882	item107000061203	10	4400	386	57
1883	item107000061203	11	5800	390	65
1884	item107000061203	12	7500	394	73
1885	item107000061203	13	9550	398	82
1886	item107000061203	14	12050	402	91
1887	item107000061203	15	15000	406	100
1888	item107000061203	16	20250	410	110
1889	item107000061203	17	29400	414	120
1890	item107000061203	18	42900	418	130
1891	item107000063201	1	0	550	0
1892	item107000063201	2	150	554	7
1893	item107000063201	3	350	558	14
1894	item107000063201	4	650	562	22
1895	item107000063201	5	1200	566	30
1896	item107000063201	6	2100	570	38
1897	item107000063201	7	3600	574	47
1898	item107000063201	8	5850	578	56
1899	item107000063201	9	9100	582	65
1900	item107000063201	10	13500	586	75
1901	item107000063201	11	19300	590	85
1902	item107000063201	12	26600	594	95
1903	item107000063201	13	35700	598	106
1904	item107000063201	14	46800	602	117
1905	item107000063201	15	60000	606	128
1906	item107000063201	16	76400	610	140
1907	item107000063201	17	97600	614	152
1908	item107000063201	18	124000	618	164
1909	item107000063203	1	0	550	0
1910	item107000063203	2	150	554	7
1911	item107000063203	3	350	558	14
1912	item107000063203	4	650	562	22
1913	item107000063203	5	1200	566	30
1914	item107000063203	6	2100	570	38
1915	item107000063203	7	3600	574	47
1916	item107000063203	8	5850	578	56
1917	item107000063203	9	9100	582	65
1918	item107000063203	10	13500	586	75
1919	item107000063203	11	19300	590	85
1920	item107000063203	12	26600	594	95
1921	item107000063203	13	35700	598	106
1922	item107000063203	14	46800	602	117
1923	item107000063203	15	60000	606	128
1924	item107000063203	16	76400	610	140
1925	item107000063203	17	97600	614	152
1926	item107000063203	18	124000	618	164
1927	item107000063209	1	0	550	0
1928	item107000063209	2	150	554	7
1929	item107000063209	3	350	558	14
1930	item107000063209	4	650	562	22
1931	item107000063209	5	1200	566	30
1932	item107000063209	6	2100	570	38
1933	item107000063209	7	3600	574	47
1934	item107000063209	8	5850	578	56
1935	item107000063209	9	9100	582	65
1936	item107000063209	10	13500	586	75
1937	item107000063209	11	19300	590	85
1938	item107000063209	12	26600	594	95
1939	item107000063209	13	35700	598	106
1940	item107000063209	14	46800	602	117
1941	item107000063209	15	60000	606	128
1942	item107000063209	16	76400	610	140
1943	item107000063209	17	97600	614	152
1944	item107000063209	18	124000	618	164
1945	item107000063212	1	0	550	0
1946	item107000063212	2	150	554	7
1947	item107000063212	3	350	558	14
1948	item107000063212	4	650	562	22
1949	item107000063212	5	1200	566	30
1950	item107000063212	6	2100	570	38
1951	item107000063212	7	3600	574	47
1952	item107000063212	8	5850	578	56
1953	item107000063212	9	9100	582	65
1954	item107000063212	10	13500	586	75
1955	item107000063212	11	19300	590	85
1956	item107000063212	12	26600	594	95
1957	item107000063212	13	35700	598	106
1958	item107000063212	14	46800	602	117
1959	item107000063212	15	60000	606	128
1960	item107000063212	16	76400	610	140
1961	item107000063212	17	97600	614	152
1962	item107000063212	18	124000	618	164
1963	item107000063211	1	0	550	0
1964	item107000063211	2	150	554	7
1965	item107000063211	3	350	558	14
1966	item107000063211	4	650	562	22
1967	item107000063211	5	1200	566	30
1968	item107000063211	6	2100	570	38
1969	item107000063211	7	3600	574	47
1970	item107000063211	8	5850	578	56
1971	item107000063211	9	9100	582	65
1972	item107000063211	10	13500	586	75
1973	item107000063211	11	19300	590	85
1974	item107000063211	12	26600	594	95
1975	item107000063211	13	35700	598	106
1976	item107000063211	14	46800	602	117
1977	item107000063211	15	60000	606	128
1978	item107000063211	16	76400	610	140
1979	item107000063211	17	97600	614	152
1980	item107000063211	18	124000	618	164
1981	item107000063205	1	0	550	0
1982	item107000063205	2	150	554	7
1983	item107000063205	3	350	558	14
1984	item107000063205	4	650	562	22
1985	item107000063205	5	1200	566	30
1986	item107000063205	6	2100	570	38
1987	item107000063205	7	3600	574	47
1988	item107000063205	8	5850	578	56
1989	item107000063205	9	9100	582	65
1990	item107000063205	10	13500	586	75
1991	item107000063205	11	19300	590	85
1992	item107000063205	12	26600	594	95
1993	item107000063205	13	35700	598	106
1994	item107000063205	14	46800	602	117
1995	item107000063205	15	60000	606	128
1996	item107000063205	16	76400	610	140
1997	item107000063205	17	97600	614	152
1998	item107000063205	18	124000	618	164
1999	item107000063206	1	0	550	0
2000	item107000063206	2	150	554	7
2001	item107000063206	3	350	558	14
2002	item107000063206	4	650	562	22
2003	item107000063206	5	1200	566	30
2004	item107000063206	6	2100	570	38
2005	item107000063206	7	3600	574	47
2006	item107000063206	8	5850	578	56
2007	item107000063206	9	9100	582	65
2008	item107000063206	10	13500	586	75
2009	item107000063206	11	19300	590	85
2010	item107000063206	12	26600	594	95
2011	item107000063206	13	35700	598	106
2012	item107000063206	14	46800	602	117
2013	item107000063206	15	60000	606	128
2014	item107000063206	16	76400	610	140
2015	item107000063206	17	97600	614	152
2016	item107000063206	18	124000	618	164
2017	item107000063207	1	0	550	0
2018	item107000063207	2	150	554	7
2019	item107000063207	3	350	558	14
2020	item107000063207	4	650	562	22
2021	item107000063207	5	1200	566	30
2022	item107000063207	6	2100	570	38
2023	item107000063207	7	3600	574	47
2024	item107000063207	8	5850	578	56
2025	item107000063207	9	9100	582	65
2026	item107000063207	10	13500	586	75
2027	item107000063207	11	19300	590	85
2028	item107000063207	12	26600	594	95
2029	item107000063207	13	35700	598	106
2030	item107000063207	14	46800	602	117
2031	item107000063207	15	60000	606	128
2032	item107000063207	16	76400	610	140
2033	item107000063207	17	97600	614	152
2034	item107000063207	18	124000	618	164
2035	item107000063208	1	0	550	0
2036	item107000063208	2	150	554	7
2037	item107000063208	3	350	558	14
2038	item107000063208	4	650	562	22
2039	item107000063208	5	1200	566	30
2040	item107000063208	6	2100	570	38
2041	item107000063208	7	3600	574	47
2042	item107000063208	8	5850	578	56
2043	item107000063208	9	9100	582	65
2044	item107000063208	10	13500	586	75
2045	item107000063208	11	19300	590	85
2046	item107000063208	12	26600	594	95
2047	item107000063208	13	35700	598	106
2048	item107000063208	14	46800	602	117
2049	item107000063208	15	60000	606	128
2050	item107000063208	16	76400	610	140
2051	item107000063208	17	97600	614	152
2052	item107000063208	18	124000	618	164
2053	item107000063210	1	0	550	0
2054	item107000063210	2	150	554	7
2055	item107000063210	3	350	558	14
2056	item107000063210	4	650	562	22
2057	item107000063210	5	1200	566	30
2058	item107000063210	6	2100	570	38
2059	item107000063210	7	3600	574	47
2060	item107000063210	8	5850	578	56
2061	item107000063210	9	9100	582	65
2062	item107000063210	10	13500	586	75
2063	item107000063210	11	19300	590	85
2064	item107000063210	12	26600	594	95
2065	item107000063210	13	35700	598	106
2066	item107000063210	14	46800	602	117
2067	item107000063210	15	60000	606	128
2068	item107000063210	16	76400	610	140
2069	item107000063210	17	97600	614	152
2070	item107000063210	18	124000	618	164
2071	item107000063213	1	0	550	0
2072	item107000063213	2	150	554	7
2073	item107000063213	3	350	558	14
2074	item107000063213	4	650	562	22
2075	item107000063213	5	1200	566	30
2076	item107000063213	6	2100	570	38
2077	item107000063213	7	3600	574	47
2078	item107000063213	8	5850	578	56
2079	item107000063213	9	9100	582	65
2080	item107000063213	10	13500	586	75
2081	item107000063213	11	19300	590	85
2082	item107000063213	12	26600	594	95
2083	item107000063213	13	35700	598	106
2084	item107000063213	14	46800	602	117
2085	item107000063213	15	60000	606	128
2086	item107000063213	16	76400	610	140
2087	item107000063213	17	97600	614	152
2088	item107000063213	18	124000	618	164
2089	item107000061301	1	0	350	0
2090	item107000061301	2	100	354	50
2091	item107000061301	3	250	358	100
2092	item107000061301	4	450	362	160
2093	item107000061301	5	750	366	220
2094	item107000061301	6	1150	370	280
2095	item107000061301	7	1700	374	350
2096	item107000061301	8	2400	378	420
2097	item107000061301	9	3300	382	490
2098	item107000061301	10	4400	386	570
2099	item107000061301	11	5800	390	650
2100	item107000061301	12	7500	394	730
2101	item107000061301	13	9550	398	820
2102	item107000061301	14	12050	402	910
2103	item107000061301	15	15000	406	1000
2104	item107000061301	16	20250	410	1100
2105	item107000061301	17	29400	414	1200
2106	item107000061301	18	42900	418	1300
2107	item107000061302	1	0	350	0
2108	item107000061302	2	100	354	50
2109	item107000061302	3	250	358	100
2110	item107000061302	4	450	362	160
2111	item107000061302	5	750	366	220
2112	item107000061302	6	1150	370	280
2113	item107000061302	7	1700	374	350
2114	item107000061302	8	2400	378	420
2115	item107000061302	9	3300	382	490
2116	item107000061302	10	4400	386	570
2117	item107000061302	11	5800	390	650
2118	item107000061302	12	7500	394	730
2119	item107000061302	13	9550	398	820
2120	item107000061302	14	12050	402	910
2121	item107000061302	15	15000	406	1000
2122	item107000061302	16	20250	410	1100
2123	item107000061302	17	29400	414	1200
2124	item107000061302	18	42900	418	1300
2125	item107000063301	1	0	550	0
2126	item107000063301	2	150	554	70
2127	item107000063301	3	350	558	140
2128	item107000063301	4	650	562	220
2129	item107000063301	5	1200	566	300
2130	item107000063301	6	2100	570	380
2131	item107000063301	7	3600	574	470
2132	item107000063301	8	5850	578	560
2133	item107000063301	9	9100	582	650
2134	item107000063301	10	13500	586	750
2135	item107000063301	11	19300	590	850
2136	item107000063301	12	26600	594	950
2137	item107000063301	13	35700	598	1060
2138	item107000063301	14	46800	602	1170
2139	item107000063301	15	60000	606	1280
2140	item107000063301	16	76400	610	1400
2141	item107000063301	17	97600	614	1520
2142	item107000063301	18	124000	618	1640
2143	item107000063305	1	0	550	0
2144	item107000063305	2	150	554	70
2145	item107000063305	3	350	558	140
2146	item107000063305	4	650	562	220
2147	item107000063305	5	1200	566	300
2148	item107000063305	6	2100	570	380
2149	item107000063305	7	3600	574	470
2150	item107000063305	8	5850	578	560
2151	item107000063305	9	9100	582	650
2152	item107000063305	10	13500	586	750
2153	item107000063305	11	19300	590	850
2154	item107000063305	12	26600	594	950
2155	item107000063305	13	35700	598	1060
2156	item107000063305	14	46800	602	1170
2157	item107000063305	15	60000	606	1280
2158	item107000063305	16	76400	610	1400
2159	item107000063305	17	97600	614	1520
2160	item107000063305	18	124000	618	1640
2161	item107000063307	1	0	550	0
2162	item107000063307	2	150	554	70
2163	item107000063307	3	350	558	140
2164	item107000063307	4	650	562	220
2165	item107000063307	5	1200	566	300
2166	item107000063307	6	2100	570	380
2167	item107000063307	7	3600	574	470
2168	item107000063307	8	5850	578	560
2169	item107000063307	9	9100	582	650
2170	item107000063307	10	13500	586	750
2171	item107000063307	11	19300	590	850
2172	item107000063307	12	26600	594	950
2173	item107000063307	13	35700	598	1060
2174	item107000063307	14	46800	602	1170
2175	item107000063307	15	60000	606	1280
2176	item107000063307	16	76400	610	1400
2177	item107000063307	17	97600	614	1520
2178	item107000063307	18	124000	618	1640
2179	item107000063304	1	0	550	0
2180	item107000063304	2	150	554	70
2181	item107000063304	3	350	558	140
2182	item107000063304	4	650	562	220
2183	item107000063304	5	1200	566	300
2184	item107000063304	6	2100	570	380
2185	item107000063304	7	3600	574	470
2186	item107000063304	8	5850	578	560
2187	item107000063304	9	9100	582	650
2188	item107000063304	10	13500	586	750
2189	item107000063304	11	19300	590	850
2190	item107000063304	12	26600	594	950
2191	item107000063304	13	35700	598	1060
2192	item107000063304	14	46800	602	1170
2193	item107000063304	15	60000	606	1280
2194	item107000063304	16	76400	610	1400
2195	item107000063304	17	97600	614	1520
2196	item107000063304	18	124000	618	1640
2197	item107000063306	1	0	550	0
2198	item107000063306	2	150	554	70
2199	item107000063306	3	350	558	140
2200	item107000063306	4	650	562	220
2201	item107000063306	5	1200	566	300
2202	item107000063306	6	2100	570	380
2203	item107000063306	7	3600	574	470
2204	item107000063306	8	5850	578	560
2205	item107000063306	9	9100	582	650
2206	item107000063306	10	13500	586	750
2207	item107000063306	11	19300	590	850
2208	item107000063306	12	26600	594	950
2209	item107000063306	13	35700	598	1060
2210	item107000063306	14	46800	602	1170
2211	item107000063306	15	60000	606	1280
2212	item107000063306	16	76400	610	1400
2213	item107000063306	17	97600	614	1520
2214	item107000063306	18	124000	618	1640
2215	item107000063308	1	0	550	0
2216	item107000063308	2	150	554	70
2217	item107000063308	3	350	558	140
2218	item107000063308	4	650	562	220
2219	item107000063308	5	1200	566	300
2220	item107000063308	6	2100	570	380
2221	item107000063308	7	3600	574	470
2222	item107000063308	8	5850	578	560
2223	item107000063308	9	9100	582	650
2224	item107000063308	10	13500	586	750
2225	item107000063308	11	19300	590	850
2226	item107000063308	12	26600	594	950
2227	item107000063308	13	35700	598	1060
2228	item107000063308	14	46800	602	1170
2229	item107000063308	15	60000	606	1280
2230	item107000063308	16	76400	610	1400
2231	item107000063308	17	97600	614	1520
2232	item107000063308	18	124000	618	1640
2233	item107000063309	1	0	550	0
2234	item107000063309	2	150	554	70
2235	item107000063309	3	350	558	140
2236	item107000063309	4	650	562	220
2237	item107000063309	5	1200	566	300
2238	item107000063309	6	2100	570	380
2239	item107000063309	7	3600	574	470
2240	item107000063309	8	5850	578	560
2241	item107000063309	9	9100	582	650
2242	item107000063309	10	13500	586	750
2243	item107000063309	11	19300	590	850
2244	item107000063309	12	26600	594	950
2245	item107000063309	13	35700	598	1060
2246	item107000063309	14	46800	602	1170
2247	item107000063309	15	60000	606	1280
2248	item107000063309	16	76400	610	1400
2249	item107000063309	17	97600	614	1520
2250	item107000063309	18	124000	618	1640
2251	item117000061305	1	0	350	0
2252	item117000061305	2	100	354	50
2253	item117000061305	3	250	358	100
2254	item117000061305	4	450	362	160
2255	item117000061305	5	750	366	220
2256	item117000061305	6	1150	370	280
2257	item117000061305	7	1700	374	350
2258	item117000061305	8	2400	378	420
2259	item117000061305	9	3300	382	490
2260	item117000061305	10	4400	386	570
2261	item117000061305	11	5800	390	650
2262	item117000061305	12	7500	394	730
2263	item117000061305	13	9550	398	820
2264	item117000061305	14	12050	402	910
2265	item117000061305	15	15000	406	1000
2266	item117000061305	16	20250	410	1100
2267	item117000061305	17	29400	414	1200
2268	item117000061305	18	42900	418	1300
2269	item107000053310	1	0	150	0
2270	item107000053310	2	150	153	60
2271	item107000053310	3	350	156	120
2272	item107000053310	4	650	159	190
2273	item107000053310	5	1200	162	260
2274	item107000053310	6	2100	165	330
2275	item107000053310	7	3600	168	410
2276	item107000053310	8	5850	171	490
2277	item107000053310	9	9100	174	570
2278	item107000053310	10	13500	177	660
2279	item107000053310	11	19300	180	750
2280	item107000053310	12	26600	183	840
2281	item107000053310	13	35700	186	940
2282	item107000053310	14	46800	189	1040
2283	item107000053310	15	60000	192	1140
2284	item107000063310	1	0	550	0
2285	item107000063310	2	150	554	70
2286	item107000063310	3	350	558	140
2287	item107000063310	4	650	562	220
2288	item107000063310	5	1200	566	300
2289	item107000063310	6	2100	570	380
2290	item107000063310	7	3600	574	470
2291	item107000063310	8	5850	578	560
2292	item107000063310	9	9100	582	650
2293	item107000063310	10	13500	586	750
2294	item107000063310	11	19300	590	850
2295	item107000063310	12	26600	594	950
2296	item107000063310	13	35700	598	1060
2297	item107000063310	14	46800	602	1170
2298	item107000063310	15	60000	606	1280
2299	item107000063310	16	76400	610	1400
2300	item107000063310	17	97600	614	1520
2301	item107000063310	18	124000	618	1640
2302	item107000053214	1	0	150	0
2303	item107000053214	2	150	153	6
2304	item107000053214	3	350	156	12
2305	item107000053214	4	650	159	19
2306	item107000053214	5	1200	162	26
2307	item107000053214	6	2100	165	33
2308	item107000053214	7	3600	168	41
2309	item107000053214	8	5850	171	49
2310	item107000053214	9	9100	174	57
2311	item107000053214	10	13500	177	66
2312	item107000053214	11	19300	180	75
2313	item107000053214	12	26600	183	84
2314	item107000053214	13	35700	186	94
2315	item107000053214	14	46800	189	104
2316	item107000053214	15	60000	192	114
2317	item107000063214	1	0	550	0
2318	item107000063214	2	150	554	7
2319	item107000063214	3	350	558	14
2320	item107000063214	4	650	562	22
2321	item107000063214	5	1200	566	30
2322	item107000063214	6	2100	570	38
2323	item107000063214	7	3600	574	47
2324	item107000063214	8	5850	578	56
2325	item107000063214	9	9100	582	65
2326	item107000063214	10	13500	586	75
2327	item107000063214	11	19300	590	85
2328	item107000063214	12	26600	594	95
2329	item107000063214	13	35700	598	106
2330	item107000063214	14	46800	602	117
2331	item107000063214	15	60000	606	128
2332	item107000063214	16	76400	610	140
2333	item107000063214	17	97600	614	152
2334	item107000063214	18	124000	618	164
