流水id	说话模组	状态	说话概率	说话内容	说话权重	说话间隔	持续时间
int	int	int	int	string	string	int	string
Id	ModId	State	Probability	Content	Weight	Interval	Duration
1	1001	1	50	mon_steam_1_1	1	2	2
2	1001	2	40	mon_steam_2_1;mon_steam_2_2;mon_steam_2_3	1;1;1	5	2;2;2
3	1001	3	40	mon_steam_3_1	1	5	2
4	1001	4	20	mon_steam_4_1	1	5	2
5	1001	5	20	mon_steam_5_1	1	6	2
6	1001	6	30	mon_steam_6_1;mon_steam_6_2	3;1	7	2;2
7	1001	7	20	mon_steam_7_1	1	8	2
8	1002	1	50	lea_steam_1_1	1	2	2
9	1002	2	40	lea_steam_2_1;lea_steam_2_2;lea_steam_2_3	1;1;1	5	2;2;2
10	1002	3	40	lea_steam_3_1	1	5	2
11	1002	4	20	lea_steam_4_1	1	5	2
12	1002	5	20	lea_steam_5_1	1	6	2
13	1002	6	30	lea_steam_6_1;lea_steam_6_2	3;1	7	2;2
14	1002	7	20	lea_steam_7_1	1	8	2
15	1003	1	50	mon_monkey_1_1	1	2	2
16	1003	2	40	mon_monkey_2_1;mon_monkey_2_2;mon_monkey_2_3	1;1;1	5	2;2;2
17	1003	3	40	mon_monkey_3_1	1	5	2
18	1003	4	20	mon_monkey_4_1	1	5	2
19	1003	5	20	mon_monkey_5_1	1	6	2
20	1003	6	30	mon_monkey_6_1;mon_monkey_6_2	3;1	7	2;2
21	1003	7	20	mon_monkey_7_1	1	8	2
22	1004	1	50	mon_lobster_1_1	1	2	2
23	1004	2	40	mon_lobster_2_1;mon_lobster_2_2;mon_lobster_2_3	1;1;1	5	2;2;2
24	1004	3	40	mon_lobster_3_1	1	5	2
25	1004	4	20	mon_lobster_4_1	1	5	2
26	1004	5	20	mon_lobster_5_1	1	6	2
27	1004	6	30	mon_lobster_6_1;mon_lobster_6_2	3;1	7	2;2
28	1004	7	20	mon_lobster_7_1	1	8	2
29	1020001	1	100	mon_10200_born_01	1	2	2
30	1020001	5	50	mon_10200_fight_01;mon_10200_fight_02	1;1	6	2;2
31	1020001	6	30	mon_10200_suffer_01;mon_10200_suffer_02	1;1	7	2;2
32	101001	4	30	speak_mod101001_4_1;speak_mod101001_4_2	1;1	3	2;2
33	101001	5	40	speak_mod101001_5_1;speak_mod101001_5_2	1;1	4	2;2
34	101002	4	100	speak_mod101002_4_1	1	4	2
35	101002	5	100	speak_mod101002_5_1;speak_mod101002_5_2	1;1	4	2;2
36	101003	1	25	speak_mod101003_1_1;speak_mod101003_1_2	1;1	4	4;4
37	101003	2	30	speak_mod101003_1_1;speak_mod101003_1_2	1;1	4	4;4
38	101003	3	30	speak_mod101003_3_1;speak_mod101003_3_2	1;1	4	4;4
39	101003	4	10	speak_mod101003_3_1;speak_mod101003_3_2	1;1	4	4;4
40	101003	5	10	speak_mod101003_5_1;speak_mod101003_5_2	1;1	4	4;4
41	101003	6	10	speak_mod101003_6_1	1	4	2
42	101004	1	25	speak_mod101004_1_1;speak_mod101004_1_2	1;1	4	2;2
43	101005	1	100	speak_mod101005_1_1	1	4	2
44	101005	2	50	speak_mod101005_2_1	1	4	2
45	101005	3	100	speak_mod101005_3_1	1	4	2
46	101005	4	100	speak_mod101005_4_1	1	4	2
47	101005	5	10	speak_mod101005_5_1;speak_mod101005_5_2;speak_mod101005_5_3	1;1;1	9	2;2;2
48	101005	6	10	speak_mod101005_6_1;speak_mod101005_5_1;speak_mod101005_5_3	1;1;1	9	2;2;2
49	101006	1	100	speak_mod101006_6_1;speak_mod101006_6_2;speak_mod101006_6_3	1;1;1	5	4;4;4
50	101006	2	100	speak_mod101006_6_1;speak_mod101006_6_2;speak_mod101006_6_3	1;1;1	5	4;4;4
51	101006	3	100	speak_mod101006_6_1;speak_mod101006_6_2;speak_mod101006_6_3	1;1;1	5	4;4;4
52	101006	4	100	speak_mod101006_6_1;speak_mod101006_6_2;speak_mod101006_6_3	1;1;1	5	4;4;4
53	101006	5	100	speak_mod101006_6_1;speak_mod101006_6_2;speak_mod101006_6_3	1;1;1	5	4;4;4
54	101006	6	100	speak_mod101006_6_1;speak_mod101006_6_2;speak_mod101006_6_3	1;1;1	5	4;4;4
55	100001	1	50	speak_mod100001_1_1;speak_mod100001_1_2	1;1	5	10;10
56	100002	1	50	speak_mod100002_1_1;speak_mod100002_1_2	1;1	5	5;5
57	101007	3	100	speak_mod101007_1	1	4	4
58	101007	2	50	speak_mod101007_2	1	4	4
59	101008	3	100	speak_mod101008_1	1	4	4
60	101008	2	30	speak_mod101008_2	1	4	4
61	101009	3	100	speak_mod101009_1	1	4	4
62	101009	2	30	speak_mod101009_2	1	4	4
63	101010	3	100	speak_mod101010_1	1	4	4
64	101010	2	30	speak_mod101010_2	1	4	4
65	101011	3	30	speak_mod101011_1	1	5	4
66	101011	2	20	speak_mod101011_2	1	5	4
67	10105051	1	100	speak_mod10105051_1;speak_mod10105051_2;speak_mod10105051_3	1;1;1	5	4;4;4
68	10105051	2	100	speak_mod10105051_1;speak_mod10105051_2;speak_mod10105051_3	1;1;1	5	4;4;4
69	10105051	3	100	speak_mod10105051_1;speak_mod10105051_2;speak_mod10105051_3	1;1;1	5	4;4;4
70	10105051	4	100	speak_mod10105051_1;speak_mod10105051_2;speak_mod10105051_3	1;1;1	5	4;4;4
71	10105051	5	100	speak_mod10105051_1;speak_mod10105051_2;speak_mod10105051_3	1;1;1	5	4;4;4
72	10105051	6	100	speak_mod10105051_1;speak_mod10105051_2;speak_mod10105051_3	1;1;1	5	4;4;4
73	10105052	1	100	speak_mod10105052_1;speak_mod10105052_2;speak_mod10105052_3	1;1;1	5	4;4;4
74	10105052	2	100	speak_mod10105052_1;speak_mod10105052_2;speak_mod10105052_3	1;1;1	5	4;4;4
75	10105052	3	100	speak_mod10105052_1;speak_mod10105052_2;speak_mod10105052_3	1;1;1	5	4;4;4
76	10105052	4	100	speak_mod10105052_1;speak_mod10105052_2;speak_mod10105052_3	1;1;1	5	4;4;4
77	10105052	5	100	speak_mod10105052_1;speak_mod10105052_2;speak_mod10105052_3	1;1;1	5	4;4;4
78	10105052	6	100	speak_mod10105052_1;speak_mod10105052_2;speak_mod10105052_3	1;1;1	5	4;4;4
79	10105053	1	100	speak_mod10105053_1;speak_mod10105053_2;speak_mod10105053_3	1;1;1	5	4;4;4
80	10105053	2	100	speak_mod10105053_1;speak_mod10105053_2;speak_mod10105053_3	1;1;1	5	4;4;4
81	10105053	3	100	speak_mod10105053_1;speak_mod10105053_2;speak_mod10105053_3	1;1;1	5	4;4;4
82	10105053	4	100	speak_mod10105053_1;speak_mod10105053_2;speak_mod10105053_3	1;1;1	5	4;4;4
83	10105053	5	100	speak_mod10105053_1;speak_mod10105053_2;speak_mod10105053_3	1;1;1	5	4;4;4
84	10105053	6	100	speak_mod10105053_1;speak_mod10105053_2;speak_mod10105053_3	1;1;1	5	4;4;4
85	10105054	1	100	speak_mod10105054_1;speak_mod10105054_2;speak_mod10105054_3	1;1;1	5	4;4;4
86	10105054	2	100	speak_mod10105054_1;speak_mod10105054_2;speak_mod10105054_3	1;1;1	5	4;4;4
87	10105054	3	100	speak_mod10105054_1;speak_mod10105054_2;speak_mod10105054_3	1;1;1	5	4;4;4
88	10105054	4	100	speak_mod10105054_1;speak_mod10105054_2;speak_mod10105054_3	1;1;1	5	4;4;4
89	10105054	5	100	speak_mod10105054_1;speak_mod10105054_2;speak_mod10105054_3	1;1;1	5	4;4;4
90	10105054	6	100	speak_mod10105054_1;speak_mod10105054_2;speak_mod10105054_3	1;1;1	5	4;4;4
91	10105055	1	100	speak_mod10105055_1;speak_mod10105055_2;speak_mod10105055_3	1;1;1	5	4;4;4
92	10105055	2	100	speak_mod10105055_1;speak_mod10105055_2;speak_mod10105055_3	1;1;1	5	4;4;4
93	10105055	3	100	speak_mod10105055_1;speak_mod10105055_2;speak_mod10105055_3	1;1;1	5	4;4;4
94	10105055	4	100	speak_mod10105055_1;speak_mod10105055_2;speak_mod10105055_3	1;1;1	5	4;4;4
95	10105055	5	100	speak_mod10105055_1;speak_mod10105055_2;speak_mod10105055_3	1;1;1	5	4;4;4
96	10105055	6	100	speak_mod10105055_1;speak_mod10105055_2;speak_mod10105055_3	1;1;1	5	4;4;4
97	10105056	1	100	speak_mod10105056_1;speak_mod10105056_2;speak_mod10105056_3	1;1;1	5	4;4;4
98	10105056	2	100	speak_mod10105056_1;speak_mod10105056_2;speak_mod10105056_3	1;1;1	5	4;4;4
99	10105056	3	100	speak_mod10105056_1;speak_mod10105056_2;speak_mod10105056_3	1;1;1	5	4;4;4
100	10105056	4	100	speak_mod10105056_1;speak_mod10105056_2;speak_mod10105056_3	1;1;1	5	4;4;4
101	10105056	5	100	speak_mod10105056_1;speak_mod10105056_2;speak_mod10105056_3	1;1;1	5	4;4;4
102	10105056	6	100	speak_mod10105056_1;speak_mod10105056_2;speak_mod10105056_3	1;1;1	5	4;4;4
103	10105057	1	100	speak_mod10105057_1;speak_mod10105057_2;speak_mod10105057_3	1;1;1	5	4;4;4
104	10105057	2	100	speak_mod10105057_1;speak_mod10105057_2;speak_mod10105057_3	1;1;1	5	4;4;4
105	10105057	3	100	speak_mod10105057_1;speak_mod10105057_2;speak_mod10105057_3	1;1;1	5	4;4;4
106	10105057	4	100	speak_mod10105057_1;speak_mod10105057_2;speak_mod10105057_3	1;1;1	5	4;4;4
107	10105057	5	100	speak_mod10105057_1;speak_mod10105057_2;speak_mod10105057_3	1;1;1	5	4;4;4
108	10105057	6	100	speak_mod10105057_1;speak_mod10105057_2;speak_mod10105057_3	1;1;1	5	4;4;4
109	10105058	1	100	speak_mod10105058_1;speak_mod10105058_2;speak_mod10105058_3	1;1;1	5	4;4;4
110	10105058	2	100	speak_mod10105058_1;speak_mod10105058_2;speak_mod10105058_3	1;1;1	5	4;4;4
111	10105058	3	100	speak_mod10105058_1;speak_mod10105058_2;speak_mod10105058_3	1;1;1	5	4;4;4
112	10105058	4	100	speak_mod10105058_1;speak_mod10105058_2;speak_mod10105058_3	1;1;1	5	4;4;4
113	10105058	5	100	speak_mod10105058_1;speak_mod10105058_2;speak_mod10105058_3	1;1;1	5	4;4;4
114	10105058	6	100	speak_mod10105058_1;speak_mod10105058_2;speak_mod10105058_3	1;1;1	5	4;4;4
115	10105059	1	100	speak_mod10105059_1;speak_mod10105059_2;speak_mod10105059_3	1;1;1	5	4;4;4
116	10105059	2	100	speak_mod10105059_1;speak_mod10105059_2;speak_mod10105059_3	1;1;1	5	4;4;4
117	10105059	3	100	speak_mod10105059_1;speak_mod10105059_2;speak_mod10105059_3	1;1;1	5	4;4;4
118	10105059	4	100	speak_mod10105059_1;speak_mod10105059_2;speak_mod10105059_3	1;1;1	5	4;4;4
119	10105059	5	100	speak_mod10105059_1;speak_mod10105059_2;speak_mod10105059_3	1;1;1	5	4;4;4
120	10105059	6	100	speak_mod10105059_1;speak_mod10105059_2;speak_mod10105059_3	1;1;1	5	4;4;4
121	10105060	1	100	speak_mod10105060_1;speak_mod10105060_2;speak_mod10105060_3	1;1;1	5	4;4;4
122	10105060	2	100	speak_mod10105060_1;speak_mod10105060_2;speak_mod10105060_3	1;1;1	5	4;4;4
123	10105060	3	100	speak_mod10105060_1;speak_mod10105060_2;speak_mod10105060_3	1;1;1	5	4;4;4
124	10105060	4	100	speak_mod10105060_1;speak_mod10105060_2;speak_mod10105060_3	1;1;1	5	4;4;4
125	10105060	5	100	speak_mod10105060_1;speak_mod10105060_2;speak_mod10105060_3	1;1;1	5	4;4;4
126	10105060	6	100	speak_mod10105060_1;speak_mod10105060_2;speak_mod10105060_3	1;1;1	5	4;4;4
127	10105061	1	100	speak_mod10105061_1;speak_mod10105061_2;speak_mod10105061_3	1;1;1	5	4;4;4
128	10105061	2	100	speak_mod10105061_1;speak_mod10105061_2;speak_mod10105061_3	1;1;1	5	4;4;4
129	10105061	3	100	speak_mod10105061_1;speak_mod10105061_2;speak_mod10105061_3	1;1;1	5	4;4;4
130	10105061	4	100	speak_mod10105061_1;speak_mod10105061_2;speak_mod10105061_3	1;1;1	5	4;4;4
131	10105061	5	100	speak_mod10105061_1;speak_mod10105061_2;speak_mod10105061_3	1;1;1	5	4;4;4
132	10105061	6	100	speak_mod10105061_1;speak_mod10105061_2;speak_mod10105061_3	1;1;1	5	4;4;4
133	10105021	1	100	speak_mod10105021_1;speak_mod10105021_2;speak_mod10105021_3	1;1;1	5	4;4;4
134	10105021	2	100	speak_mod10105021_1;speak_mod10105021_2;speak_mod10105021_3	1;1;1	5	4;4;4
135	10105021	3	100	speak_mod10105021_1;speak_mod10105021_2;speak_mod10105021_3	1;1;1	5	4;4;4
136	10105021	4	100	speak_mod10105021_1;speak_mod10105021_2;speak_mod10105021_3	1;1;1	5	4;4;4
137	10105021	5	100	speak_mod10105021_1;speak_mod10105021_2;speak_mod10105021_3	1;1;1	5	4;4;4
138	10105021	6	100	speak_mod10105021_1;speak_mod10105021_2;speak_mod10105021_3	1;1;1	5	4;4;4
139	10103008	1	100	speak_mod10103008_1;speak_mod10103008_2;speak_mod10103008_3	1;1;1	5	4;4;4
140	10103008	2	100	speak_mod10103008_1;speak_mod10103008_2;speak_mod10103008_3	1;1;1	5	4;4;4
141	10103008	3	100	speak_mod10103008_1;speak_mod10103008_2;speak_mod10103008_3	1;1;1	5	4;4;4
142	10103008	4	100	speak_mod10103008_1;speak_mod10103008_2;speak_mod10103008_3	1;1;1	5	4;4;4
143	10103008	5	100	speak_mod10103008_1;speak_mod10103008_2;speak_mod10103008_3	1;1;1	5	4;4;4
144	10103008	6	100	speak_mod10103008_1;speak_mod10103008_2;speak_mod10103008_3	1;1;1	5	4;4;4
145	10105018	1	100	speak_mod10105018_1;speak_mod10105018_2;speak_mod10105018_3	1;1;1	5	4;4;4
146	10105018	2	100	speak_mod10105018_1;speak_mod10105018_2;speak_mod10105018_3	1;1;1	5	4;4;4
147	10105018	3	100	speak_mod10105018_1;speak_mod10105018_2;speak_mod10105018_3	1;1;1	5	4;4;4
148	10105018	4	100	speak_mod10105018_1;speak_mod10105018_2;speak_mod10105018_3	1;1;1	5	4;4;4
149	10105018	5	100	speak_mod10105018_1;speak_mod10105018_2;speak_mod10105018_3	1;1;1	5	4;4;4
150	10105018	6	100	speak_mod10105018_1;speak_mod10105018_2;speak_mod10105018_3	1;1;1	5	4;4;4
151	10104021	1	100	speak_mod10104021_1;speak_mod10104021_2;speak_mod10104021_3	1;1;1	5	4;4;4
152	10104021	2	100	speak_mod10104021_1;speak_mod10104021_2;speak_mod10104021_3	1;1;1	5	4;4;4
153	10104021	3	100	speak_mod10104021_1;speak_mod10104021_2;speak_mod10104021_3	1;1;1	5	4;4;4
154	10104021	4	100	speak_mod10104021_1;speak_mod10104021_2;speak_mod10104021_3	1;1;1	5	4;4;4
155	10104021	5	100	speak_mod10104021_1;speak_mod10104021_2;speak_mod10104021_3	1;1;1	5	4;4;4
156	10104021	6	100	speak_mod10104021_1;speak_mod10104021_2;speak_mod10104021_3	1;1;1	5	4;4;4
157	10105013	1	100	speak_mod10105013_1;speak_mod10105013_2;speak_mod10105013_3	1;1;1	5	4;4;4
158	10105013	2	100	speak_mod10105013_1;speak_mod10105013_2;speak_mod10105013_3	1;1;1	5	4;4;4
159	10105013	3	100	speak_mod10105013_1;speak_mod10105013_2;speak_mod10105013_3	1;1;1	5	4;4;4
160	10105013	4	100	speak_mod10105013_1;speak_mod10105013_2;speak_mod10105013_3	1;1;1	5	4;4;4
161	10105013	5	100	speak_mod10105013_1;speak_mod10105013_2;speak_mod10105013_3	1;1;1	5	4;4;4
162	10105013	6	100	speak_mod10105013_1;speak_mod10105013_2;speak_mod10105013_3	1;1;1	5	4;4;4
163	10104022	1	100	speak_mod10104022_1;speak_mod10104022_2;speak_mod10104022_3	1;1;1	5	4;4;4
164	10104022	2	100	speak_mod10104022_1;speak_mod10104022_2;speak_mod10104022_3	1;1;1	5	4;4;4
165	10104022	3	100	speak_mod10104022_1;speak_mod10104022_2;speak_mod10104022_3	1;1;1	5	4;4;4
166	10104022	4	100	speak_mod10104022_1;speak_mod10104022_2;speak_mod10104022_3	1;1;1	5	4;4;4
167	10104022	5	100	speak_mod10104022_1;speak_mod10104022_2;speak_mod10104022_3	1;1;1	5	4;4;4
168	10104022	6	100	speak_mod10104022_1;speak_mod10104022_2;speak_mod10104022_3	1;1;1	5	4;4;4
169	10105014	1	100	speak_mod10105014_1;speak_mod10105014_2;speak_mod10105014_3	1;1;1	5	4;4;4
170	10105014	2	100	speak_mod10105014_1;speak_mod10105014_2;speak_mod10105014_3	1;1;1	5	4;4;4
171	10105014	3	100	speak_mod10105014_1;speak_mod10105014_2;speak_mod10105014_3	1;1;1	5	4;4;4
172	10105014	4	100	speak_mod10105014_1;speak_mod10105014_2;speak_mod10105014_3	1;1;1	5	4;4;4
173	10105014	5	100	speak_mod10105014_1;speak_mod10105014_2;speak_mod10105014_3	1;1;1	5	4;4;4
174	10105014	6	100	speak_mod10105014_1;speak_mod10105014_2;speak_mod10105014_3	1;1;1	5	4;4;4
175	10105015	1	100	speak_mod10105015_1;speak_mod10105015_2;speak_mod10105015_3	1;1;1	5	4;4;4
176	10105015	2	100	speak_mod10105015_1;speak_mod10105015_2;speak_mod10105015_3	1;1;1	5	4;4;4
177	10105015	3	100	speak_mod10105015_1;speak_mod10105015_2;speak_mod10105015_3	1;1;1	5	4;4;4
178	10105015	4	100	speak_mod10105015_1;speak_mod10105015_2;speak_mod10105015_3	1;1;1	5	4;4;4
179	10105015	5	100	speak_mod10105015_1;speak_mod10105015_2;speak_mod10105015_3	1;1;1	5	4;4;4
180	10105015	6	100	speak_mod10105015_1;speak_mod10105015_2;speak_mod10105015_3	1;1;1	5	4;4;4
181	10105016	1	100	speak_mod10105016_1;speak_mod10105016_2;speak_mod10105016_3	1;1;1	5	4;4;4
182	10105016	2	100	speak_mod10105016_1;speak_mod10105016_2;speak_mod10105016_3	1;1;1	5	4;4;4
183	10105016	3	100	speak_mod10105016_1;speak_mod10105016_2;speak_mod10105016_3	1;1;1	5	4;4;4
184	10105016	4	100	speak_mod10105016_1;speak_mod10105016_2;speak_mod10105016_3	1;1;1	5	4;4;4
185	10105016	5	100	speak_mod10105016_1;speak_mod10105016_2;speak_mod10105016_3	1;1;1	5	4;4;4
186	10105016	6	100	speak_mod10105016_1;speak_mod10105016_2;speak_mod10105016_3	1;1;1	5	4;4;4
187	10105017	1	100	speak_mod10105017_1;speak_mod10105017_2;speak_mod10105017_3	1;1;1	5	4;4;4
188	10105017	2	100	speak_mod10105017_1;speak_mod10105017_2;speak_mod10105017_3	1;1;1	5	4;4;4
189	10105017	3	100	speak_mod10105017_1;speak_mod10105017_2;speak_mod10105017_3	1;1;1	5	4;4;4
190	10105017	4	100	speak_mod10105017_1;speak_mod10105017_2;speak_mod10105017_3	1;1;1	5	4;4;4
191	10105017	5	100	speak_mod10105017_1;speak_mod10105017_2;speak_mod10105017_3	1;1;1	5	4;4;4
192	10105017	6	100	speak_mod10105017_1;speak_mod10105017_2;speak_mod10105017_3	1;1;1	5	4;4;4
193	10105009	1	100	speak_mod10105009_1;speak_mod10105009_2;speak_mod10105009_3	1;1;1	5	4;4;4
194	10105009	2	100	speak_mod10105009_1;speak_mod10105009_2;speak_mod10105009_3	1;1;1	5	4;4;4
195	10105009	3	100	speak_mod10105009_1;speak_mod10105009_2;speak_mod10105009_3	1;1;1	5	4;4;4
196	10105009	4	100	speak_mod10105009_1;speak_mod10105009_2;speak_mod10105009_3	1;1;1	5	4;4;4
197	10105009	5	100	speak_mod10105009_1;speak_mod10105009_2;speak_mod10105009_3	1;1;1	5	4;4;4
198	10105009	6	100	speak_mod10105009_1;speak_mod10105009_2;speak_mod10105009_3	1;1;1	5	4;4;4
199	10105011	1	100	speak_mod10105011_1;speak_mod10105011_2;speak_mod10105011_3	1;1;1	5	4;4;4
200	10105011	2	100	speak_mod10105011_1;speak_mod10105011_2;speak_mod10105011_3	1;1;1	5	4;4;4
201	10105011	3	100	speak_mod10105011_1;speak_mod10105011_2;speak_mod10105011_3	1;1;1	5	4;4;4
202	10105011	4	100	speak_mod10105011_1;speak_mod10105011_2;speak_mod10105011_3	1;1;1	5	4;4;4
203	10105011	5	100	speak_mod10105011_1;speak_mod10105011_2;speak_mod10105011_3	1;1;1	5	4;4;4
204	10105011	6	100	speak_mod10105011_1;speak_mod10105011_2;speak_mod10105011_3	1;1;1	5	4;4;4
205	10103010	1	100	speak_mod10103010_1	1	1	6
206	10103010	2	100	speak_mod10103010_2;speak_mod10103010_3;speak_mod10103010_4	1;1;1	3	4;4;4
207	10103010	3	100	speak_mod10103010_2;speak_mod10103010_3;speak_mod10103010_4	1;1;1	3	4;4;4
208	10103010	4	100	speak_mod10103010_2;speak_mod10103010_3;speak_mod10103010_4	1;1;1	3	4;4;4
209	10103010	5	100	speak_mod10103010_2;speak_mod10103010_3;speak_mod10103010_4	1;1;1	3	4;4;4
210	10103010	6	100	speak_mod10103010_2;speak_mod10103010_3;speak_mod10103010_4	1;1;1	3	4;4;4
211	34000280	1	100	speak_mod34000280_1	1	1	6
212	34000280	2	100	speak_mod34000280_2;speak_mod34000280_3;speak_mod34000280_4	1;1;1	3	4;4;4
213	34000280	3	100	speak_mod34000280_2;speak_mod34000280_3;speak_mod34000280_4	1;1;1	3	4;4;4
214	34000280	4	100	speak_mod34000280_2;speak_mod34000280_3;speak_mod34000280_4	1;1;1	3	4;4;4
215	34000280	5	100	speak_mod34000280_2;speak_mod34000280_3;speak_mod34000280_4	1;1;1	3	4;4;4
216	34000280	6	100	speak_mod34000280_2;speak_mod34000280_3;speak_mod34000280_4	1;1;1	3	4;4;4
217	10710180	5	100	speak_mod10710180_1;speak_mod10710180_2;speak_mod10710180_3	1;1;1	3	4;4;4
218	10710130	5	100	speak_mod10710130_1;speak_mod10710130_2;speak_mod10710130_3;	1;1;1	3	4;4;4
219	10710131	5	100	speak_mod10710131_1;speak_mod10710131_2;speak_mod10710131_3;	1;1;1	3	4;4;4
220	10710132	1	100	speak_mod10710132_1	1	1	15
221	10710133	1	100	speak_mod10710132_2;speak_mod10710132_3;speak_mod10710132_4	1;1;1	3	8;8;8
222	10710133	2	100	speak_mod10710132_2;speak_mod10710132_3;speak_mod10710132_4	1;1;1	3	8;8;8
223	10710134	1	100	speak_mod10710134_1	1	1	6
224	10710135	1	100	speak_mod10710134_2;speak_mod10710134_3;speak_mod10710134_4	1;1;1	3	8;8;8
225	10710135	2	100	speak_mod10710134_2;speak_mod10710134_3;speak_mod10710134_4	1;1;1	3	8;8;8
