流水号	星灵ID	蕴养类型	蕴养等级	属性加成	需要经验	评分类型	值/公式
int	int	int	int	int	int	int	int
Id	StarSoulId	StarSpirtType	StarSpirtLevel	StarSpirtProp	StarSpirtCost	CPType	CPValue
1	170000001	1	0	0	400	1	6
2	170000001	1	1	400	1200	1	6
3	170000001	1	2	800	2000	1	6
4	170000001	1	3	1200	2800	1	6
5	170000001	1	4	1600	3600	1	6
6	170000001	1	5	2000	4400	1	6
7	170000001	1	6	2400	5200	1	6
8	170000001	1	7	2800	6000	1	6
9	170000001	1	8	3200	6800	1	6
10	170000001	1	9	3600	7600	1	6
11	170000001	1	10	4000	8400	1	6
12	170000001	1	11	4400	9200	1	6
13	170000001	1	12	4800	10000	1	6
14	170000001	1	13	5200	10800	1	6
15	170000001	1	14	5600	11600	1	6
16	170000001	1	15	6000	12400	1	6
17	170000001	1	16	6400	13200	1	6
18	170000001	1	17	6800	14000	1	6
19	170000001	1	18	7200	14800	1	6
20	170000001	1	19	7600	15600	1	6
21	170000001	1	20	8000	16400	1	6
22	170000001	1	21	8400	17200	1	6
23	170000001	1	22	8800	18000	1	6
24	170000001	1	23	9200	18800	1	6
25	170000001	1	24	9600	19600	1	6
26	170000001	1	25	10000	0	1	6
27	170000001	2	0	0	400	1	6
28	170000001	2	1	400	1200	1	6
29	170000001	2	2	800	2000	1	6
30	170000001	2	3	1200	2800	1	6
31	170000001	2	4	1600	3600	1	6
32	170000001	2	5	2000	4400	1	6
33	170000001	2	6	2400	5200	1	6
34	170000001	2	7	2800	6000	1	6
35	170000001	2	8	3200	6800	1	6
36	170000001	2	9	3600	7600	1	6
37	170000001	2	10	4000	8400	1	6
38	170000001	2	11	4400	9200	1	6
39	170000001	2	12	4800	10000	1	6
40	170000001	2	13	5200	10800	1	6
41	170000001	2	14	5600	11600	1	6
42	170000001	2	15	6000	12400	1	6
43	170000001	2	16	6400	13200	1	6
44	170000001	2	17	6800	14000	1	6
45	170000001	2	18	7200	14800	1	6
46	170000001	2	19	7600	15600	1	6
47	170000001	2	20	8000	16400	1	6
48	170000001	2	21	8400	17200	1	6
49	170000001	2	22	8800	18000	1	6
50	170000001	2	23	9200	18800	1	6
51	170000001	2	24	9600	19600	1	6
52	170000001	2	25	10000	0	1	6
53	170000002	1	0	0	400	1	6
54	170000002	1	1	400	1200	1	6
55	170000002	1	2	800	2000	1	6
56	170000002	1	3	1200	2800	1	6
57	170000002	1	4	1600	3600	1	6
58	170000002	1	5	2000	4400	1	6
59	170000002	1	6	2400	5200	1	6
60	170000002	1	7	2800	6000	1	6
61	170000002	1	8	3200	6800	1	6
62	170000002	1	9	3600	7600	1	6
63	170000002	1	10	4000	8400	1	6
64	170000002	1	11	4400	9200	1	6
65	170000002	1	12	4800	10000	1	6
66	170000002	1	13	5200	10800	1	6
67	170000002	1	14	5600	11600	1	6
68	170000002	1	15	6000	12400	1	6
69	170000002	1	16	6400	13200	1	6
70	170000002	1	17	6800	14000	1	6
71	170000002	1	18	7200	14800	1	6
72	170000002	1	19	7600	15600	1	6
73	170000002	1	20	8000	16400	1	6
74	170000002	1	21	8400	17200	1	6
75	170000002	1	22	8800	18000	1	6
76	170000002	1	23	9200	18800	1	6
77	170000002	1	24	9600	19600	1	6
78	170000002	1	25	10000	0	1	6
79	170000002	2	0	0	400	1	6
80	170000002	2	1	400	1200	1	6
81	170000002	2	2	800	2000	1	6
82	170000002	2	3	1200	2800	1	6
83	170000002	2	4	1600	3600	1	6
84	170000002	2	5	2000	4400	1	6
85	170000002	2	6	2400	5200	1	6
86	170000002	2	7	2800	6000	1	6
87	170000002	2	8	3200	6800	1	6
88	170000002	2	9	3600	7600	1	6
89	170000002	2	10	4000	8400	1	6
90	170000002	2	11	4400	9200	1	6
91	170000002	2	12	4800	10000	1	6
92	170000002	2	13	5200	10800	1	6
93	170000002	2	14	5600	11600	1	6
94	170000002	2	15	6000	12400	1	6
95	170000002	2	16	6400	13200	1	6
96	170000002	2	17	6800	14000	1	6
97	170000002	2	18	7200	14800	1	6
98	170000002	2	19	7600	15600	1	6
99	170000002	2	20	8000	16400	1	6
100	170000002	2	21	8400	17200	1	6
101	170000002	2	22	8800	18000	1	6
102	170000002	2	23	9200	18800	1	6
103	170000002	2	24	9600	19600	1	6
104	170000002	2	25	10000	0	1	6
105	170000003	1	0	0	400	1	6
106	170000003	1	1	400	1200	1	6
107	170000003	1	2	800	2000	1	6
108	170000003	1	3	1200	2800	1	6
109	170000003	1	4	1600	3600	1	6
110	170000003	1	5	2000	4400	1	6
111	170000003	1	6	2400	5200	1	6
112	170000003	1	7	2800	6000	1	6
113	170000003	1	8	3200	6800	1	6
114	170000003	1	9	3600	7600	1	6
115	170000003	1	10	4000	8400	1	6
116	170000003	1	11	4400	9200	1	6
117	170000003	1	12	4800	10000	1	6
118	170000003	1	13	5200	10800	1	6
119	170000003	1	14	5600	11600	1	6
120	170000003	1	15	6000	12400	1	6
121	170000003	1	16	6400	13200	1	6
122	170000003	1	17	6800	14000	1	6
123	170000003	1	18	7200	14800	1	6
124	170000003	1	19	7600	15600	1	6
125	170000003	1	20	8000	16400	1	6
126	170000003	1	21	8400	17200	1	6
127	170000003	1	22	8800	18000	1	6
128	170000003	1	23	9200	18800	1	6
129	170000003	1	24	9600	19600	1	6
130	170000003	1	25	10000	0	1	6
131	170000003	2	0	0	400	1	6
132	170000003	2	1	400	1200	1	6
133	170000003	2	2	800	2000	1	6
134	170000003	2	3	1200	2800	1	6
135	170000003	2	4	1600	3600	1	6
136	170000003	2	5	2000	4400	1	6
137	170000003	2	6	2400	5200	1	6
138	170000003	2	7	2800	6000	1	6
139	170000003	2	8	3200	6800	1	6
140	170000003	2	9	3600	7600	1	6
141	170000003	2	10	4000	8400	1	6
142	170000003	2	11	4400	9200	1	6
143	170000003	2	12	4800	10000	1	6
144	170000003	2	13	5200	10800	1	6
145	170000003	2	14	5600	11600	1	6
146	170000003	2	15	6000	12400	1	6
147	170000003	2	16	6400	13200	1	6
148	170000003	2	17	6800	14000	1	6
149	170000003	2	18	7200	14800	1	6
150	170000003	2	19	7600	15600	1	6
151	170000003	2	20	8000	16400	1	6
152	170000003	2	21	8400	17200	1	6
153	170000003	2	22	8800	18000	1	6
154	170000003	2	23	9200	18800	1	6
155	170000003	2	24	9600	19600	1	6
156	170000003	2	25	10000	0	1	6
157	170000004	1	0	0	400	1	6
158	170000004	1	1	400	1200	1	6
159	170000004	1	2	800	2000	1	6
160	170000004	1	3	1200	2800	1	6
161	170000004	1	4	1600	3600	1	6
162	170000004	1	5	2000	4400	1	6
163	170000004	1	6	2400	5200	1	6
164	170000004	1	7	2800	6000	1	6
165	170000004	1	8	3200	6800	1	6
166	170000004	1	9	3600	7600	1	6
167	170000004	1	10	4000	8400	1	6
168	170000004	1	11	4400	9200	1	6
169	170000004	1	12	4800	10000	1	6
170	170000004	1	13	5200	10800	1	6
171	170000004	1	14	5600	11600	1	6
172	170000004	1	15	6000	12400	1	6
173	170000004	1	16	6400	13200	1	6
174	170000004	1	17	6800	14000	1	6
175	170000004	1	18	7200	14800	1	6
176	170000004	1	19	7600	15600	1	6
177	170000004	1	20	8000	16400	1	6
178	170000004	1	21	8400	17200	1	6
179	170000004	1	22	8800	18000	1	6
180	170000004	1	23	9200	18800	1	6
181	170000004	1	24	9600	19600	1	6
182	170000004	1	25	10000	0	1	6
183	170000004	2	0	0	400	1	6
184	170000004	2	1	400	1200	1	6
185	170000004	2	2	800	2000	1	6
186	170000004	2	3	1200	2800	1	6
187	170000004	2	4	1600	3600	1	6
188	170000004	2	5	2000	4400	1	6
189	170000004	2	6	2400	5200	1	6
190	170000004	2	7	2800	6000	1	6
191	170000004	2	8	3200	6800	1	6
192	170000004	2	9	3600	7600	1	6
193	170000004	2	10	4000	8400	1	6
194	170000004	2	11	4400	9200	1	6
195	170000004	2	12	4800	10000	1	6
196	170000004	2	13	5200	10800	1	6
197	170000004	2	14	5600	11600	1	6
198	170000004	2	15	6000	12400	1	6
199	170000004	2	16	6400	13200	1	6
200	170000004	2	17	6800	14000	1	6
201	170000004	2	18	7200	14800	1	6
202	170000004	2	19	7600	15600	1	6
203	170000004	2	20	8000	16400	1	6
204	170000004	2	21	8400	17200	1	6
205	170000004	2	22	8800	18000	1	6
206	170000004	2	23	9200	18800	1	6
207	170000004	2	24	9600	19600	1	6
208	170000004	2	25	10000	0	1	6
209	170000005	1	0	0	120	1	6
210	170000005	1	1	400	360	1	6
211	170000005	1	2	800	600	1	6
212	170000005	1	3	1200	840	1	6
213	170000005	1	4	1600	1080	1	6
214	170000005	1	5	2000	1320	1	6
215	170000005	1	6	2400	1560	1	6
216	170000005	1	7	2800	1800	1	6
217	170000005	1	8	3200	2040	1	6
218	170000005	1	9	3600	2280	1	6
219	170000005	1	10	4000	2520	1	6
220	170000005	1	11	4400	2760	1	6
221	170000005	1	12	4800	3000	1	6
222	170000005	1	13	5200	3240	1	6
223	170000005	1	14	5600	3480	1	6
224	170000005	1	15	6000	3720	1	6
225	170000005	1	16	6400	3960	1	6
226	170000005	1	17	6800	4200	1	6
227	170000005	1	18	7200	4440	1	6
228	170000005	1	19	7600	4680	1	6
229	170000005	1	20	8000	4920	1	6
230	170000005	1	21	8400	5160	1	6
231	170000005	1	22	8800	5400	1	6
232	170000005	1	23	9200	5640	1	6
233	170000005	1	24	9600	5880	1	6
234	170000005	1	25	10000	0	1	6
235	170000005	2	0	0	120	1	6
236	170000005	2	1	400	360	1	6
237	170000005	2	2	800	600	1	6
238	170000005	2	3	1200	840	1	6
239	170000005	2	4	1600	1080	1	6
240	170000005	2	5	2000	1320	1	6
241	170000005	2	6	2400	1560	1	6
242	170000005	2	7	2800	1800	1	6
243	170000005	2	8	3200	2040	1	6
244	170000005	2	9	3600	2280	1	6
245	170000005	2	10	4000	2520	1	6
246	170000005	2	11	4400	2760	1	6
247	170000005	2	12	4800	3000	1	6
248	170000005	2	13	5200	3240	1	6
249	170000005	2	14	5600	3480	1	6
250	170000005	2	15	6000	3720	1	6
251	170000005	2	16	6400	3960	1	6
252	170000005	2	17	6800	4200	1	6
253	170000005	2	18	7200	4440	1	6
254	170000005	2	19	7600	4680	1	6
255	170000005	2	20	8000	4920	1	6
256	170000005	2	21	8400	5160	1	6
257	170000005	2	22	8800	5400	1	6
258	170000005	2	23	9200	5640	1	6
259	170000005	2	24	9600	5880	1	6
260	170000005	2	25	10000	0	1	6
261	170000006	1	0	0	120	1	6
262	170000006	1	1	400	360	1	6
263	170000006	1	2	800	600	1	6
264	170000006	1	3	1200	840	1	6
265	170000006	1	4	1600	1080	1	6
266	170000006	1	5	2000	1320	1	6
267	170000006	1	6	2400	1560	1	6
268	170000006	1	7	2800	1800	1	6
269	170000006	1	8	3200	2040	1	6
270	170000006	1	9	3600	2280	1	6
271	170000006	1	10	4000	2520	1	6
272	170000006	1	11	4400	2760	1	6
273	170000006	1	12	4800	3000	1	6
274	170000006	1	13	5200	3240	1	6
275	170000006	1	14	5600	3480	1	6
276	170000006	1	15	6000	3720	1	6
277	170000006	1	16	6400	3960	1	6
278	170000006	1	17	6800	4200	1	6
279	170000006	1	18	7200	4440	1	6
280	170000006	1	19	7600	4680	1	6
281	170000006	1	20	8000	4920	1	6
282	170000006	1	21	8400	5160	1	6
283	170000006	1	22	8800	5400	1	6
284	170000006	1	23	9200	5640	1	6
285	170000006	1	24	9600	5880	1	6
286	170000006	1	25	10000	0	1	6
287	170000006	2	0	0	120	1	6
288	170000006	2	1	400	360	1	6
289	170000006	2	2	800	600	1	6
290	170000006	2	3	1200	840	1	6
291	170000006	2	4	1600	1080	1	6
292	170000006	2	5	2000	1320	1	6
293	170000006	2	6	2400	1560	1	6
294	170000006	2	7	2800	1800	1	6
295	170000006	2	8	3200	2040	1	6
296	170000006	2	9	3600	2280	1	6
297	170000006	2	10	4000	2520	1	6
298	170000006	2	11	4400	2760	1	6
299	170000006	2	12	4800	3000	1	6
300	170000006	2	13	5200	3240	1	6
301	170000006	2	14	5600	3480	1	6
302	170000006	2	15	6000	3720	1	6
303	170000006	2	16	6400	3960	1	6
304	170000006	2	17	6800	4200	1	6
305	170000006	2	18	7200	4440	1	6
306	170000006	2	19	7600	4680	1	6
307	170000006	2	20	8000	4920	1	6
308	170000006	2	21	8400	5160	1	6
309	170000006	2	22	8800	5400	1	6
310	170000006	2	23	9200	5640	1	6
311	170000006	2	24	9600	5880	1	6
312	170000006	2	25	10000	0	1	6
313	170000007	1	0	0	120	1	6
314	170000007	1	1	400	360	1	6
315	170000007	1	2	800	600	1	6
316	170000007	1	3	1200	840	1	6
317	170000007	1	4	1600	1080	1	6
318	170000007	1	5	2000	1320	1	6
319	170000007	1	6	2400	1560	1	6
320	170000007	1	7	2800	1800	1	6
321	170000007	1	8	3200	2040	1	6
322	170000007	1	9	3600	2280	1	6
323	170000007	1	10	4000	2520	1	6
324	170000007	1	11	4400	2760	1	6
325	170000007	1	12	4800	3000	1	6
326	170000007	1	13	5200	3240	1	6
327	170000007	1	14	5600	3480	1	6
328	170000007	1	15	6000	3720	1	6
329	170000007	1	16	6400	3960	1	6
330	170000007	1	17	6800	4200	1	6
331	170000007	1	18	7200	4440	1	6
332	170000007	1	19	7600	4680	1	6
333	170000007	1	20	8000	4920	1	6
334	170000007	1	21	8400	5160	1	6
335	170000007	1	22	8800	5400	1	6
336	170000007	1	23	9200	5640	1	6
337	170000007	1	24	9600	5880	1	6
338	170000007	1	25	10000	0	1	6
339	170000007	2	0	0	120	1	6
340	170000007	2	1	400	360	1	6
341	170000007	2	2	800	600	1	6
342	170000007	2	3	1200	840	1	6
343	170000007	2	4	1600	1080	1	6
344	170000007	2	5	2000	1320	1	6
345	170000007	2	6	2400	1560	1	6
346	170000007	2	7	2800	1800	1	6
347	170000007	2	8	3200	2040	1	6
348	170000007	2	9	3600	2280	1	6
349	170000007	2	10	4000	2520	1	6
350	170000007	2	11	4400	2760	1	6
351	170000007	2	12	4800	3000	1	6
352	170000007	2	13	5200	3240	1	6
353	170000007	2	14	5600	3480	1	6
354	170000007	2	15	6000	3720	1	6
355	170000007	2	16	6400	3960	1	6
356	170000007	2	17	6800	4200	1	6
357	170000007	2	18	7200	4440	1	6
358	170000007	2	19	7600	4680	1	6
359	170000007	2	20	8000	4920	1	6
360	170000007	2	21	8400	5160	1	6
361	170000007	2	22	8800	5400	1	6
362	170000007	2	23	9200	5640	1	6
363	170000007	2	24	9600	5880	1	6
364	170000007	2	25	10000	0	1	6
365	170000008	1	0	0	120	1	6
366	170000008	1	1	400	360	1	6
367	170000008	1	2	800	600	1	6
368	170000008	1	3	1200	840	1	6
369	170000008	1	4	1600	1080	1	6
370	170000008	1	5	2000	1320	1	6
371	170000008	1	6	2400	1560	1	6
372	170000008	1	7	2800	1800	1	6
373	170000008	1	8	3200	2040	1	6
374	170000008	1	9	3600	2280	1	6
375	170000008	1	10	4000	2520	1	6
376	170000008	1	11	4400	2760	1	6
377	170000008	1	12	4800	3000	1	6
378	170000008	1	13	5200	3240	1	6
379	170000008	1	14	5600	3480	1	6
380	170000008	1	15	6000	3720	1	6
381	170000008	1	16	6400	3960	1	6
382	170000008	1	17	6800	4200	1	6
383	170000008	1	18	7200	4440	1	6
384	170000008	1	19	7600	4680	1	6
385	170000008	1	20	8000	4920	1	6
386	170000008	1	21	8400	5160	1	6
387	170000008	1	22	8800	5400	1	6
388	170000008	1	23	9200	5640	1	6
389	170000008	1	24	9600	5880	1	6
390	170000008	1	25	10000	0	1	6
391	170000008	2	0	0	120	1	6
392	170000008	2	1	400	360	1	6
393	170000008	2	2	800	600	1	6
394	170000008	2	3	1200	840	1	6
395	170000008	2	4	1600	1080	1	6
396	170000008	2	5	2000	1320	1	6
397	170000008	2	6	2400	1560	1	6
398	170000008	2	7	2800	1800	1	6
399	170000008	2	8	3200	2040	1	6
400	170000008	2	9	3600	2280	1	6
401	170000008	2	10	4000	2520	1	6
402	170000008	2	11	4400	2760	1	6
403	170000008	2	12	4800	3000	1	6
404	170000008	2	13	5200	3240	1	6
405	170000008	2	14	5600	3480	1	6
406	170000008	2	15	6000	3720	1	6
407	170000008	2	16	6400	3960	1	6
408	170000008	2	17	6800	4200	1	6
409	170000008	2	18	7200	4440	1	6
410	170000008	2	19	7600	4680	1	6
411	170000008	2	20	8000	4920	1	6
412	170000008	2	21	8400	5160	1	6
413	170000008	2	22	8800	5400	1	6
414	170000008	2	23	9200	5640	1	6
415	170000008	2	24	9600	5880	1	6
416	170000008	2	25	10000	0	1	6
417	170000009	1	0	0	120	1	6
418	170000009	1	1	400	360	1	6
419	170000009	1	2	800	600	1	6
420	170000009	1	3	1200	840	1	6
421	170000009	1	4	1600	1080	1	6
422	170000009	1	5	2000	1320	1	6
423	170000009	1	6	2400	1560	1	6
424	170000009	1	7	2800	1800	1	6
425	170000009	1	8	3200	2040	1	6
426	170000009	1	9	3600	2280	1	6
427	170000009	1	10	4000	2520	1	6
428	170000009	1	11	4400	2760	1	6
429	170000009	1	12	4800	3000	1	6
430	170000009	1	13	5200	3240	1	6
431	170000009	1	14	5600	3480	1	6
432	170000009	1	15	6000	3720	1	6
433	170000009	1	16	6400	3960	1	6
434	170000009	1	17	6800	4200	1	6
435	170000009	1	18	7200	4440	1	6
436	170000009	1	19	7600	4680	1	6
437	170000009	1	20	8000	4920	1	6
438	170000009	1	21	8400	5160	1	6
439	170000009	1	22	8800	5400	1	6
440	170000009	1	23	9200	5640	1	6
441	170000009	1	24	9600	5880	1	6
442	170000009	1	25	10000	0	1	6
443	170000009	2	0	0	120	1	6
444	170000009	2	1	400	360	1	6
445	170000009	2	2	800	600	1	6
446	170000009	2	3	1200	840	1	6
447	170000009	2	4	1600	1080	1	6
448	170000009	2	5	2000	1320	1	6
449	170000009	2	6	2400	1560	1	6
450	170000009	2	7	2800	1800	1	6
451	170000009	2	8	3200	2040	1	6
452	170000009	2	9	3600	2280	1	6
453	170000009	2	10	4000	2520	1	6
454	170000009	2	11	4400	2760	1	6
455	170000009	2	12	4800	3000	1	6
456	170000009	2	13	5200	3240	1	6
457	170000009	2	14	5600	3480	1	6
458	170000009	2	15	6000	3720	1	6
459	170000009	2	16	6400	3960	1	6
460	170000009	2	17	6800	4200	1	6
461	170000009	2	18	7200	4440	1	6
462	170000009	2	19	7600	4680	1	6
463	170000009	2	20	8000	4920	1	6
464	170000009	2	21	8400	5160	1	6
465	170000009	2	22	8800	5400	1	6
466	170000009	2	23	9200	5640	1	6
467	170000009	2	24	9600	5880	1	6
468	170000009	2	25	10000	0	1	6
469	170000010	1	0	0	120	1	6
470	170000010	1	1	400	360	1	6
471	170000010	1	2	800	600	1	6
472	170000010	1	3	1200	840	1	6
473	170000010	1	4	1600	1080	1	6
474	170000010	1	5	2000	1320	1	6
475	170000010	1	6	2400	1560	1	6
476	170000010	1	7	2800	1800	1	6
477	170000010	1	8	3200	2040	1	6
478	170000010	1	9	3600	2280	1	6
479	170000010	1	10	4000	2520	1	6
480	170000010	1	11	4400	2760	1	6
481	170000010	1	12	4800	3000	1	6
482	170000010	1	13	5200	3240	1	6
483	170000010	1	14	5600	3480	1	6
484	170000010	1	15	6000	3720	1	6
485	170000010	1	16	6400	3960	1	6
486	170000010	1	17	6800	4200	1	6
487	170000010	1	18	7200	4440	1	6
488	170000010	1	19	7600	4680	1	6
489	170000010	1	20	8000	4920	1	6
490	170000010	1	21	8400	5160	1	6
491	170000010	1	22	8800	5400	1	6
492	170000010	1	23	9200	5640	1	6
493	170000010	1	24	9600	5880	1	6
494	170000010	1	25	10000	0	1	6
495	170000010	2	0	0	120	1	6
496	170000010	2	1	400	360	1	6
497	170000010	2	2	800	600	1	6
498	170000010	2	3	1200	840	1	6
499	170000010	2	4	1600	1080	1	6
500	170000010	2	5	2000	1320	1	6
501	170000010	2	6	2400	1560	1	6
502	170000010	2	7	2800	1800	1	6
503	170000010	2	8	3200	2040	1	6
504	170000010	2	9	3600	2280	1	6
505	170000010	2	10	4000	2520	1	6
506	170000010	2	11	4400	2760	1	6
507	170000010	2	12	4800	3000	1	6
508	170000010	2	13	5200	3240	1	6
509	170000010	2	14	5600	3480	1	6
510	170000010	2	15	6000	3720	1	6
511	170000010	2	16	6400	3960	1	6
512	170000010	2	17	6800	4200	1	6
513	170000010	2	18	7200	4440	1	6
514	170000010	2	19	7600	4680	1	6
515	170000010	2	20	8000	4920	1	6
516	170000010	2	21	8400	5160	1	6
517	170000010	2	22	8800	5400	1	6
518	170000010	2	23	9200	5640	1	6
519	170000010	2	24	9600	5880	1	6
520	170000010	2	25	10000	0	1	6
521	170000011	1	0	0	120	1	6
522	170000011	1	1	400	360	1	6
523	170000011	1	2	800	600	1	6
524	170000011	1	3	1200	840	1	6
525	170000011	1	4	1600	1080	1	6
526	170000011	1	5	2000	1320	1	6
527	170000011	1	6	2400	1560	1	6
528	170000011	1	7	2800	1800	1	6
529	170000011	1	8	3200	2040	1	6
530	170000011	1	9	3600	2280	1	6
531	170000011	1	10	4000	2520	1	6
532	170000011	1	11	4400	2760	1	6
533	170000011	1	12	4800	3000	1	6
534	170000011	1	13	5200	3240	1	6
535	170000011	1	14	5600	3480	1	6
536	170000011	1	15	6000	3720	1	6
537	170000011	1	16	6400	3960	1	6
538	170000011	1	17	6800	4200	1	6
539	170000011	1	18	7200	4440	1	6
540	170000011	1	19	7600	4680	1	6
541	170000011	1	20	8000	4920	1	6
542	170000011	1	21	8400	5160	1	6
543	170000011	1	22	8800	5400	1	6
544	170000011	1	23	9200	5640	1	6
545	170000011	1	24	9600	5880	1	6
546	170000011	1	25	10000	0	1	6
547	170000011	2	0	0	120	1	6
548	170000011	2	1	400	360	1	6
549	170000011	2	2	800	600	1	6
550	170000011	2	3	1200	840	1	6
551	170000011	2	4	1600	1080	1	6
552	170000011	2	5	2000	1320	1	6
553	170000011	2	6	2400	1560	1	6
554	170000011	2	7	2800	1800	1	6
555	170000011	2	8	3200	2040	1	6
556	170000011	2	9	3600	2280	1	6
557	170000011	2	10	4000	2520	1	6
558	170000011	2	11	4400	2760	1	6
559	170000011	2	12	4800	3000	1	6
560	170000011	2	13	5200	3240	1	6
561	170000011	2	14	5600	3480	1	6
562	170000011	2	15	6000	3720	1	6
563	170000011	2	16	6400	3960	1	6
564	170000011	2	17	6800	4200	1	6
565	170000011	2	18	7200	4440	1	6
566	170000011	2	19	7600	4680	1	6
567	170000011	2	20	8000	4920	1	6
568	170000011	2	21	8400	5160	1	6
569	170000011	2	22	8800	5400	1	6
570	170000011	2	23	9200	5640	1	6
571	170000011	2	24	9600	5880	1	6
572	170000011	2	25	10000	0	1	6
573	170000012	1	0	0	120	1	6
574	170000012	1	1	400	360	1	6
575	170000012	1	2	800	600	1	6
576	170000012	1	3	1200	840	1	6
577	170000012	1	4	1600	1080	1	6
578	170000012	1	5	2000	1320	1	6
579	170000012	1	6	2400	1560	1	6
580	170000012	1	7	2800	1800	1	6
581	170000012	1	8	3200	2040	1	6
582	170000012	1	9	3600	2280	1	6
583	170000012	1	10	4000	2520	1	6
584	170000012	1	11	4400	2760	1	6
585	170000012	1	12	4800	3000	1	6
586	170000012	1	13	5200	3240	1	6
587	170000012	1	14	5600	3480	1	6
588	170000012	1	15	6000	3720	1	6
589	170000012	1	16	6400	3960	1	6
590	170000012	1	17	6800	4200	1	6
591	170000012	1	18	7200	4440	1	6
592	170000012	1	19	7600	4680	1	6
593	170000012	1	20	8000	4920	1	6
594	170000012	1	21	8400	5160	1	6
595	170000012	1	22	8800	5400	1	6
596	170000012	1	23	9200	5640	1	6
597	170000012	1	24	9600	5880	1	6
598	170000012	1	25	10000	0	1	6
599	170000012	2	0	0	120	1	6
600	170000012	2	1	400	360	1	6
601	170000012	2	2	800	600	1	6
602	170000012	2	3	1200	840	1	6
603	170000012	2	4	1600	1080	1	6
604	170000012	2	5	2000	1320	1	6
605	170000012	2	6	2400	1560	1	6
606	170000012	2	7	2800	1800	1	6
607	170000012	2	8	3200	2040	1	6
608	170000012	2	9	3600	2280	1	6
609	170000012	2	10	4000	2520	1	6
610	170000012	2	11	4400	2760	1	6
611	170000012	2	12	4800	3000	1	6
612	170000012	2	13	5200	3240	1	6
613	170000012	2	14	5600	3480	1	6
614	170000012	2	15	6000	3720	1	6
615	170000012	2	16	6400	3960	1	6
616	170000012	2	17	6800	4200	1	6
617	170000012	2	18	7200	4440	1	6
618	170000012	2	19	7600	4680	1	6
619	170000012	2	20	8000	4920	1	6
620	170000012	2	21	8400	5160	1	6
621	170000012	2	22	8800	5400	1	6
622	170000012	2	23	9200	5640	1	6
623	170000012	2	24	9600	5880	1	6
624	170000012	2	25	10000	0	1	6
625	170000013	1	0	0	120	1	6
626	170000013	1	1	400	360	1	6
627	170000013	1	2	800	600	1	6
628	170000013	1	3	1200	840	1	6
629	170000013	1	4	1600	1080	1	6
630	170000013	1	5	2000	1320	1	6
631	170000013	1	6	2400	1560	1	6
632	170000013	1	7	2800	1800	1	6
633	170000013	1	8	3200	2040	1	6
634	170000013	1	9	3600	2280	1	6
635	170000013	1	10	4000	2520	1	6
636	170000013	1	11	4400	2760	1	6
637	170000013	1	12	4800	3000	1	6
638	170000013	1	13	5200	3240	1	6
639	170000013	1	14	5600	3480	1	6
640	170000013	1	15	6000	3720	1	6
641	170000013	1	16	6400	3960	1	6
642	170000013	1	17	6800	4200	1	6
643	170000013	1	18	7200	4440	1	6
644	170000013	1	19	7600	4680	1	6
645	170000013	1	20	8000	4920	1	6
646	170000013	1	21	8400	5160	1	6
647	170000013	1	22	8800	5400	1	6
648	170000013	1	23	9200	5640	1	6
649	170000013	1	24	9600	5880	1	6
650	170000013	1	25	10000	0	1	6
651	170000013	2	0	0	120	1	6
652	170000013	2	1	400	360	1	6
653	170000013	2	2	800	600	1	6
654	170000013	2	3	1200	840	1	6
655	170000013	2	4	1600	1080	1	6
656	170000013	2	5	2000	1320	1	6
657	170000013	2	6	2400	1560	1	6
658	170000013	2	7	2800	1800	1	6
659	170000013	2	8	3200	2040	1	6
660	170000013	2	9	3600	2280	1	6
661	170000013	2	10	4000	2520	1	6
662	170000013	2	11	4400	2760	1	6
663	170000013	2	12	4800	3000	1	6
664	170000013	2	13	5200	3240	1	6
665	170000013	2	14	5600	3480	1	6
666	170000013	2	15	6000	3720	1	6
667	170000013	2	16	6400	3960	1	6
668	170000013	2	17	6800	4200	1	6
669	170000013	2	18	7200	4440	1	6
670	170000013	2	19	7600	4680	1	6
671	170000013	2	20	8000	4920	1	6
672	170000013	2	21	8400	5160	1	6
673	170000013	2	22	8800	5400	1	6
674	170000013	2	23	9200	5640	1	6
675	170000013	2	24	9600	5880	1	6
676	170000013	2	25	10000	0	1	6
677	170000014	1	0	0	120	1	6
678	170000014	1	1	400	360	1	6
679	170000014	1	2	800	600	1	6
680	170000014	1	3	1200	840	1	6
681	170000014	1	4	1600	1080	1	6
682	170000014	1	5	2000	1320	1	6
683	170000014	1	6	2400	1560	1	6
684	170000014	1	7	2800	1800	1	6
685	170000014	1	8	3200	2040	1	6
686	170000014	1	9	3600	2280	1	6
687	170000014	1	10	4000	2520	1	6
688	170000014	1	11	4400	2760	1	6
689	170000014	1	12	4800	3000	1	6
690	170000014	1	13	5200	3240	1	6
691	170000014	1	14	5600	3480	1	6
692	170000014	1	15	6000	3720	1	6
693	170000014	1	16	6400	3960	1	6
694	170000014	1	17	6800	4200	1	6
695	170000014	1	18	7200	4440	1	6
696	170000014	1	19	7600	4680	1	6
697	170000014	1	20	8000	4920	1	6
698	170000014	1	21	8400	5160	1	6
699	170000014	1	22	8800	5400	1	6
700	170000014	1	23	9200	5640	1	6
701	170000014	1	24	9600	5880	1	6
702	170000014	1	25	10000	0	1	6
703	170000014	2	0	0	120	1	6
704	170000014	2	1	400	360	1	6
705	170000014	2	2	800	600	1	6
706	170000014	2	3	1200	840	1	6
707	170000014	2	4	1600	1080	1	6
708	170000014	2	5	2000	1320	1	6
709	170000014	2	6	2400	1560	1	6
710	170000014	2	7	2800	1800	1	6
711	170000014	2	8	3200	2040	1	6
712	170000014	2	9	3600	2280	1	6
713	170000014	2	10	4000	2520	1	6
714	170000014	2	11	4400	2760	1	6
715	170000014	2	12	4800	3000	1	6
716	170000014	2	13	5200	3240	1	6
717	170000014	2	14	5600	3480	1	6
718	170000014	2	15	6000	3720	1	6
719	170000014	2	16	6400	3960	1	6
720	170000014	2	17	6800	4200	1	6
721	170000014	2	18	7200	4440	1	6
722	170000014	2	19	7600	4680	1	6
723	170000014	2	20	8000	4920	1	6
724	170000014	2	21	8400	5160	1	6
725	170000014	2	22	8800	5400	1	6
726	170000014	2	23	9200	5640	1	6
727	170000014	2	24	9600	5880	1	6
728	170000014	2	25	10000	0	1	6
729	170000015	1	0	0	120	1	6
730	170000015	1	1	400	360	1	6
731	170000015	1	2	800	600	1	6
732	170000015	1	3	1200	840	1	6
733	170000015	1	4	1600	1080	1	6
734	170000015	1	5	2000	1320	1	6
735	170000015	1	6	2400	1560	1	6
736	170000015	1	7	2800	1800	1	6
737	170000015	1	8	3200	2040	1	6
738	170000015	1	9	3600	2280	1	6
739	170000015	1	10	4000	2520	1	6
740	170000015	1	11	4400	2760	1	6
741	170000015	1	12	4800	3000	1	6
742	170000015	1	13	5200	3240	1	6
743	170000015	1	14	5600	3480	1	6
744	170000015	1	15	6000	3720	1	6
745	170000015	1	16	6400	3960	1	6
746	170000015	1	17	6800	4200	1	6
747	170000015	1	18	7200	4440	1	6
748	170000015	1	19	7600	4680	1	6
749	170000015	1	20	8000	4920	1	6
750	170000015	1	21	8400	5160	1	6
751	170000015	1	22	8800	5400	1	6
752	170000015	1	23	9200	5640	1	6
753	170000015	1	24	9600	5880	1	6
754	170000015	1	25	10000	0	1	6
755	170000015	2	0	0	120	1	6
756	170000015	2	1	400	360	1	6
757	170000015	2	2	800	600	1	6
758	170000015	2	3	1200	840	1	6
759	170000015	2	4	1600	1080	1	6
760	170000015	2	5	2000	1320	1	6
761	170000015	2	6	2400	1560	1	6
762	170000015	2	7	2800	1800	1	6
763	170000015	2	8	3200	2040	1	6
764	170000015	2	9	3600	2280	1	6
765	170000015	2	10	4000	2520	1	6
766	170000015	2	11	4400	2760	1	6
767	170000015	2	12	4800	3000	1	6
768	170000015	2	13	5200	3240	1	6
769	170000015	2	14	5600	3480	1	6
770	170000015	2	15	6000	3720	1	6
771	170000015	2	16	6400	3960	1	6
772	170000015	2	17	6800	4200	1	6
773	170000015	2	18	7200	4440	1	6
774	170000015	2	19	7600	4680	1	6
775	170000015	2	20	8000	4920	1	6
776	170000015	2	21	8400	5160	1	6
777	170000015	2	22	8800	5400	1	6
778	170000015	2	23	9200	5640	1	6
779	170000015	2	24	9600	5880	1	6
780	170000015	2	25	10000	0	1	6
781	170000016	1	0	0	120	1	6
782	170000016	1	1	400	360	1	6
783	170000016	1	2	800	600	1	6
784	170000016	1	3	1200	840	1	6
785	170000016	1	4	1600	1080	1	6
786	170000016	1	5	2000	1320	1	6
787	170000016	1	6	2400	1560	1	6
788	170000016	1	7	2800	1800	1	6
789	170000016	1	8	3200	2040	1	6
790	170000016	1	9	3600	2280	1	6
791	170000016	1	10	4000	2520	1	6
792	170000016	1	11	4400	2760	1	6
793	170000016	1	12	4800	3000	1	6
794	170000016	1	13	5200	3240	1	6
795	170000016	1	14	5600	3480	1	6
796	170000016	1	15	6000	3720	1	6
797	170000016	1	16	6400	3960	1	6
798	170000016	1	17	6800	4200	1	6
799	170000016	1	18	7200	4440	1	6
800	170000016	1	19	7600	4680	1	6
801	170000016	1	20	8000	4920	1	6
802	170000016	1	21	8400	5160	1	6
803	170000016	1	22	8800	5400	1	6
804	170000016	1	23	9200	5640	1	6
805	170000016	1	24	9600	5880	1	6
806	170000016	1	25	10000	0	1	6
807	170000016	2	0	0	120	1	6
808	170000016	2	1	400	360	1	6
809	170000016	2	2	800	600	1	6
810	170000016	2	3	1200	840	1	6
811	170000016	2	4	1600	1080	1	6
812	170000016	2	5	2000	1320	1	6
813	170000016	2	6	2400	1560	1	6
814	170000016	2	7	2800	1800	1	6
815	170000016	2	8	3200	2040	1	6
816	170000016	2	9	3600	2280	1	6
817	170000016	2	10	4000	2520	1	6
818	170000016	2	11	4400	2760	1	6
819	170000016	2	12	4800	3000	1	6
820	170000016	2	13	5200	3240	1	6
821	170000016	2	14	5600	3480	1	6
822	170000016	2	15	6000	3720	1	6
823	170000016	2	16	6400	3960	1	6
824	170000016	2	17	6800	4200	1	6
825	170000016	2	18	7200	4440	1	6
826	170000016	2	19	7600	4680	1	6
827	170000016	2	20	8000	4920	1	6
828	170000016	2	21	8400	5160	1	6
829	170000016	2	22	8800	5400	1	6
830	170000016	2	23	9200	5640	1	6
831	170000016	2	24	9600	5880	1	6
832	170000016	2	25	10000	0	1	6
833	170000017	1	0	0	40	1	6
834	170000017	1	1	400	120	1	6
835	170000017	1	2	800	200	1	6
836	170000017	1	3	1200	280	1	6
837	170000017	1	4	1600	360	1	6
838	170000017	1	5	2000	440	1	6
839	170000017	1	6	2400	520	1	6
840	170000017	1	7	2800	600	1	6
841	170000017	1	8	3200	680	1	6
842	170000017	1	9	3600	760	1	6
843	170000017	1	10	4000	840	1	6
844	170000017	1	11	4400	920	1	6
845	170000017	1	12	4800	1000	1	6
846	170000017	1	13	5200	1080	1	6
847	170000017	1	14	5600	1160	1	6
848	170000017	1	15	6000	1240	1	6
849	170000017	1	16	6400	1320	1	6
850	170000017	1	17	6800	1400	1	6
851	170000017	1	18	7200	1480	1	6
852	170000017	1	19	7600	1560	1	6
853	170000017	1	20	8000	1640	1	6
854	170000017	1	21	8400	1720	1	6
855	170000017	1	22	8800	1800	1	6
856	170000017	1	23	9200	1880	1	6
857	170000017	1	24	9600	1960	1	6
858	170000017	1	25	10000	0	1	6
859	170000017	2	0	0	40	1	6
860	170000017	2	1	400	120	1	6
861	170000017	2	2	800	200	1	6
862	170000017	2	3	1200	280	1	6
863	170000017	2	4	1600	360	1	6
864	170000017	2	5	2000	440	1	6
865	170000017	2	6	2400	520	1	6
866	170000017	2	7	2800	600	1	6
867	170000017	2	8	3200	680	1	6
868	170000017	2	9	3600	760	1	6
869	170000017	2	10	4000	840	1	6
870	170000017	2	11	4400	920	1	6
871	170000017	2	12	4800	1000	1	6
872	170000017	2	13	5200	1080	1	6
873	170000017	2	14	5600	1160	1	6
874	170000017	2	15	6000	1240	1	6
875	170000017	2	16	6400	1320	1	6
876	170000017	2	17	6800	1400	1	6
877	170000017	2	18	7200	1480	1	6
878	170000017	2	19	7600	1560	1	6
879	170000017	2	20	8000	1640	1	6
880	170000017	2	21	8400	1720	1	6
881	170000017	2	22	8800	1800	1	6
882	170000017	2	23	9200	1880	1	6
883	170000017	2	24	9600	1960	1	6
884	170000017	2	25	10000	0	1	6
885	170000018	1	0	0	40	1	6
886	170000018	1	1	400	120	1	6
887	170000018	1	2	800	200	1	6
888	170000018	1	3	1200	280	1	6
889	170000018	1	4	1600	360	1	6
890	170000018	1	5	2000	440	1	6
891	170000018	1	6	2400	520	1	6
892	170000018	1	7	2800	600	1	6
893	170000018	1	8	3200	680	1	6
894	170000018	1	9	3600	760	1	6
895	170000018	1	10	4000	840	1	6
896	170000018	1	11	4400	920	1	6
897	170000018	1	12	4800	1000	1	6
898	170000018	1	13	5200	1080	1	6
899	170000018	1	14	5600	1160	1	6
900	170000018	1	15	6000	1240	1	6
901	170000018	1	16	6400	1320	1	6
902	170000018	1	17	6800	1400	1	6
903	170000018	1	18	7200	1480	1	6
904	170000018	1	19	7600	1560	1	6
905	170000018	1	20	8000	1640	1	6
906	170000018	1	21	8400	1720	1	6
907	170000018	1	22	8800	1800	1	6
908	170000018	1	23	9200	1880	1	6
909	170000018	1	24	9600	1960	1	6
910	170000018	1	25	10000	0	1	6
911	170000018	2	0	0	40	1	6
912	170000018	2	1	400	120	1	6
913	170000018	2	2	800	200	1	6
914	170000018	2	3	1200	280	1	6
915	170000018	2	4	1600	360	1	6
916	170000018	2	5	2000	440	1	6
917	170000018	2	6	2400	520	1	6
918	170000018	2	7	2800	600	1	6
919	170000018	2	8	3200	680	1	6
920	170000018	2	9	3600	760	1	6
921	170000018	2	10	4000	840	1	6
922	170000018	2	11	4400	920	1	6
923	170000018	2	12	4800	1000	1	6
924	170000018	2	13	5200	1080	1	6
925	170000018	2	14	5600	1160	1	6
926	170000018	2	15	6000	1240	1	6
927	170000018	2	16	6400	1320	1	6
928	170000018	2	17	6800	1400	1	6
929	170000018	2	18	7200	1480	1	6
930	170000018	2	19	7600	1560	1	6
931	170000018	2	20	8000	1640	1	6
932	170000018	2	21	8400	1720	1	6
933	170000018	2	22	8800	1800	1	6
934	170000018	2	23	9200	1880	1	6
935	170000018	2	24	9600	1960	1	6
936	170000018	2	25	10000	0	1	6
937	170000019	1	0	0	40	1	6
938	170000019	1	1	400	120	1	6
939	170000019	1	2	800	200	1	6
940	170000019	1	3	1200	280	1	6
941	170000019	1	4	1600	360	1	6
942	170000019	1	5	2000	440	1	6
943	170000019	1	6	2400	520	1	6
944	170000019	1	7	2800	600	1	6
945	170000019	1	8	3200	680	1	6
946	170000019	1	9	3600	760	1	6
947	170000019	1	10	4000	840	1	6
948	170000019	1	11	4400	920	1	6
949	170000019	1	12	4800	1000	1	6
950	170000019	1	13	5200	1080	1	6
951	170000019	1	14	5600	1160	1	6
952	170000019	1	15	6000	1240	1	6
953	170000019	1	16	6400	1320	1	6
954	170000019	1	17	6800	1400	1	6
955	170000019	1	18	7200	1480	1	6
956	170000019	1	19	7600	1560	1	6
957	170000019	1	20	8000	1640	1	6
958	170000019	1	21	8400	1720	1	6
959	170000019	1	22	8800	1800	1	6
960	170000019	1	23	9200	1880	1	6
961	170000019	1	24	9600	1960	1	6
962	170000019	1	25	10000	0	1	6
963	170000019	2	0	0	40	1	6
964	170000019	2	1	400	120	1	6
965	170000019	2	2	800	200	1	6
966	170000019	2	3	1200	280	1	6
967	170000019	2	4	1600	360	1	6
968	170000019	2	5	2000	440	1	6
969	170000019	2	6	2400	520	1	6
970	170000019	2	7	2800	600	1	6
971	170000019	2	8	3200	680	1	6
972	170000019	2	9	3600	760	1	6
973	170000019	2	10	4000	840	1	6
974	170000019	2	11	4400	920	1	6
975	170000019	2	12	4800	1000	1	6
976	170000019	2	13	5200	1080	1	6
977	170000019	2	14	5600	1160	1	6
978	170000019	2	15	6000	1240	1	6
979	170000019	2	16	6400	1320	1	6
980	170000019	2	17	6800	1400	1	6
981	170000019	2	18	7200	1480	1	6
982	170000019	2	19	7600	1560	1	6
983	170000019	2	20	8000	1640	1	6
984	170000019	2	21	8400	1720	1	6
985	170000019	2	22	8800	1800	1	6
986	170000019	2	23	9200	1880	1	6
987	170000019	2	24	9600	1960	1	6
988	170000019	2	25	10000	0	1	6
989	170000020	1	0	0	40	1	6
990	170000020	1	1	400	120	1	6
991	170000020	1	2	800	200	1	6
992	170000020	1	3	1200	280	1	6
993	170000020	1	4	1600	360	1	6
994	170000020	1	5	2000	440	1	6
995	170000020	1	6	2400	520	1	6
996	170000020	1	7	2800	600	1	6
997	170000020	1	8	3200	680	1	6
998	170000020	1	9	3600	760	1	6
999	170000020	1	10	4000	840	1	6
1000	170000020	1	11	4400	920	1	6
1001	170000020	1	12	4800	1000	1	6
1002	170000020	1	13	5200	1080	1	6
1003	170000020	1	14	5600	1160	1	6
1004	170000020	1	15	6000	1240	1	6
1005	170000020	1	16	6400	1320	1	6
1006	170000020	1	17	6800	1400	1	6
1007	170000020	1	18	7200	1480	1	6
1008	170000020	1	19	7600	1560	1	6
1009	170000020	1	20	8000	1640	1	6
1010	170000020	1	21	8400	1720	1	6
1011	170000020	1	22	8800	1800	1	6
1012	170000020	1	23	9200	1880	1	6
1013	170000020	1	24	9600	1960	1	6
1014	170000020	1	25	10000	0	1	6
1015	170000020	2	0	0	40	1	6
1016	170000020	2	1	400	120	1	6
1017	170000020	2	2	800	200	1	6
1018	170000020	2	3	1200	280	1	6
1019	170000020	2	4	1600	360	1	6
1020	170000020	2	5	2000	440	1	6
1021	170000020	2	6	2400	520	1	6
1022	170000020	2	7	2800	600	1	6
1023	170000020	2	8	3200	680	1	6
1024	170000020	2	9	3600	760	1	6
1025	170000020	2	10	4000	840	1	6
1026	170000020	2	11	4400	920	1	6
1027	170000020	2	12	4800	1000	1	6
1028	170000020	2	13	5200	1080	1	6
1029	170000020	2	14	5600	1160	1	6
1030	170000020	2	15	6000	1240	1	6
1031	170000020	2	16	6400	1320	1	6
1032	170000020	2	17	6800	1400	1	6
1033	170000020	2	18	7200	1480	1	6
1034	170000020	2	19	7600	1560	1	6
1035	170000020	2	20	8000	1640	1	6
1036	170000020	2	21	8400	1720	1	6
1037	170000020	2	22	8800	1800	1	6
1038	170000020	2	23	9200	1880	1	6
1039	170000020	2	24	9600	1960	1	6
1040	170000020	2	25	10000	0	1	6
1041	170000021	1	0	0	8	1	6
1042	170000021	1	1	400	24	1	6
1043	170000021	1	2	800	40	1	6
1044	170000021	1	3	1200	56	1	6
1045	170000021	1	4	1600	72	1	6
1046	170000021	1	5	2000	88	1	6
1047	170000021	1	6	2400	104	1	6
1048	170000021	1	7	2800	120	1	6
1049	170000021	1	8	3200	136	1	6
1050	170000021	1	9	3600	152	1	6
1051	170000021	1	10	4000	168	1	6
1052	170000021	1	11	4400	184	1	6
1053	170000021	1	12	4800	200	1	6
1054	170000021	1	13	5200	216	1	6
1055	170000021	1	14	5600	232	1	6
1056	170000021	1	15	6000	248	1	6
1057	170000021	1	16	6400	264	1	6
1058	170000021	1	17	6800	280	1	6
1059	170000021	1	18	7200	296	1	6
1060	170000021	1	19	7600	312	1	6
1061	170000021	1	20	8000	328	1	6
1062	170000021	1	21	8400	344	1	6
1063	170000021	1	22	8800	360	1	6
1064	170000021	1	23	9200	376	1	6
1065	170000021	1	24	9600	392	1	6
1066	170000021	1	25	10000	0	1	6
1067	170000021	2	0	0	8	1	6
1068	170000021	2	1	400	24	1	6
1069	170000021	2	2	800	40	1	6
1070	170000021	2	3	1200	56	1	6
1071	170000021	2	4	1600	72	1	6
1072	170000021	2	5	2000	88	1	6
1073	170000021	2	6	2400	104	1	6
1074	170000021	2	7	2800	120	1	6
1075	170000021	2	8	3200	136	1	6
1076	170000021	2	9	3600	152	1	6
1077	170000021	2	10	4000	168	1	6
1078	170000021	2	11	4400	184	1	6
1079	170000021	2	12	4800	200	1	6
1080	170000021	2	13	5200	216	1	6
1081	170000021	2	14	5600	232	1	6
1082	170000021	2	15	6000	248	1	6
1083	170000021	2	16	6400	264	1	6
1084	170000021	2	17	6800	280	1	6
1085	170000021	2	18	7200	296	1	6
1086	170000021	2	19	7600	312	1	6
1087	170000021	2	20	8000	328	1	6
1088	170000021	2	21	8400	344	1	6
1089	170000021	2	22	8800	360	1	6
1090	170000021	2	23	9200	376	1	6
1091	170000021	2	24	9600	392	1	6
1092	170000021	2	25	10000	0	1	6
1093	170000022	1	0	0	8	1	6
1094	170000022	1	1	400	24	1	6
1095	170000022	1	2	800	40	1	6
1096	170000022	1	3	1200	56	1	6
1097	170000022	1	4	1600	72	1	6
1098	170000022	1	5	2000	88	1	6
1099	170000022	1	6	2400	104	1	6
1100	170000022	1	7	2800	120	1	6
1101	170000022	1	8	3200	136	1	6
1102	170000022	1	9	3600	152	1	6
1103	170000022	1	10	4000	168	1	6
1104	170000022	1	11	4400	184	1	6
1105	170000022	1	12	4800	200	1	6
1106	170000022	1	13	5200	216	1	6
1107	170000022	1	14	5600	232	1	6
1108	170000022	1	15	6000	248	1	6
1109	170000022	1	16	6400	264	1	6
1110	170000022	1	17	6800	280	1	6
1111	170000022	1	18	7200	296	1	6
1112	170000022	1	19	7600	312	1	6
1113	170000022	1	20	8000	328	1	6
1114	170000022	1	21	8400	344	1	6
1115	170000022	1	22	8800	360	1	6
1116	170000022	1	23	9200	376	1	6
1117	170000022	1	24	9600	392	1	6
1118	170000022	1	25	10000	0	1	6
1119	170000022	2	0	0	8	1	6
1120	170000022	2	1	400	24	1	6
1121	170000022	2	2	800	40	1	6
1122	170000022	2	3	1200	56	1	6
1123	170000022	2	4	1600	72	1	6
1124	170000022	2	5	2000	88	1	6
1125	170000022	2	6	2400	104	1	6
1126	170000022	2	7	2800	120	1	6
1127	170000022	2	8	3200	136	1	6
1128	170000022	2	9	3600	152	1	6
1129	170000022	2	10	4000	168	1	6
1130	170000022	2	11	4400	184	1	6
1131	170000022	2	12	4800	200	1	6
1132	170000022	2	13	5200	216	1	6
1133	170000022	2	14	5600	232	1	6
1134	170000022	2	15	6000	248	1	6
1135	170000022	2	16	6400	264	1	6
1136	170000022	2	17	6800	280	1	6
1137	170000022	2	18	7200	296	1	6
1138	170000022	2	19	7600	312	1	6
1139	170000022	2	20	8000	328	1	6
1140	170000022	2	21	8400	344	1	6
1141	170000022	2	22	8800	360	1	6
1142	170000022	2	23	9200	376	1	6
1143	170000022	2	24	9600	392	1	6
1144	170000022	2	25	10000	0	1	6
1145	170000023	1	0	0	8	1	6
1146	170000023	1	1	400	24	1	6
1147	170000023	1	2	800	40	1	6
1148	170000023	1	3	1200	56	1	6
1149	170000023	1	4	1600	72	1	6
1150	170000023	1	5	2000	88	1	6
1151	170000023	1	6	2400	104	1	6
1152	170000023	1	7	2800	120	1	6
1153	170000023	1	8	3200	136	1	6
1154	170000023	1	9	3600	152	1	6
1155	170000023	1	10	4000	168	1	6
1156	170000023	1	11	4400	184	1	6
1157	170000023	1	12	4800	200	1	6
1158	170000023	1	13	5200	216	1	6
1159	170000023	1	14	5600	232	1	6
1160	170000023	1	15	6000	248	1	6
1161	170000023	1	16	6400	264	1	6
1162	170000023	1	17	6800	280	1	6
1163	170000023	1	18	7200	296	1	6
1164	170000023	1	19	7600	312	1	6
1165	170000023	1	20	8000	328	1	6
1166	170000023	1	21	8400	344	1	6
1167	170000023	1	22	8800	360	1	6
1168	170000023	1	23	9200	376	1	6
1169	170000023	1	24	9600	392	1	6
1170	170000023	1	25	10000	0	1	6
1171	170000023	2	0	0	8	1	6
1172	170000023	2	1	400	24	1	6
1173	170000023	2	2	800	40	1	6
1174	170000023	2	3	1200	56	1	6
1175	170000023	2	4	1600	72	1	6
1176	170000023	2	5	2000	88	1	6
1177	170000023	2	6	2400	104	1	6
1178	170000023	2	7	2800	120	1	6
1179	170000023	2	8	3200	136	1	6
1180	170000023	2	9	3600	152	1	6
1181	170000023	2	10	4000	168	1	6
1182	170000023	2	11	4400	184	1	6
1183	170000023	2	12	4800	200	1	6
1184	170000023	2	13	5200	216	1	6
1185	170000023	2	14	5600	232	1	6
1186	170000023	2	15	6000	248	1	6
1187	170000023	2	16	6400	264	1	6
1188	170000023	2	17	6800	280	1	6
1189	170000023	2	18	7200	296	1	6
1190	170000023	2	19	7600	312	1	6
1191	170000023	2	20	8000	328	1	6
1192	170000023	2	21	8400	344	1	6
1193	170000023	2	22	8800	360	1	6
1194	170000023	2	23	9200	376	1	6
1195	170000023	2	24	9600	392	1	6
1196	170000023	2	25	10000	0	1	6
1197	170000024	1	0	0	8	1	6
1198	170000024	1	1	400	24	1	6
1199	170000024	1	2	800	40	1	6
1200	170000024	1	3	1200	56	1	6
1201	170000024	1	4	1600	72	1	6
1202	170000024	1	5	2000	88	1	6
1203	170000024	1	6	2400	104	1	6
1204	170000024	1	7	2800	120	1	6
1205	170000024	1	8	3200	136	1	6
1206	170000024	1	9	3600	152	1	6
1207	170000024	1	10	4000	168	1	6
1208	170000024	1	11	4400	184	1	6
1209	170000024	1	12	4800	200	1	6
1210	170000024	1	13	5200	216	1	6
1211	170000024	1	14	5600	232	1	6
1212	170000024	1	15	6000	248	1	6
1213	170000024	1	16	6400	264	1	6
1214	170000024	1	17	6800	280	1	6
1215	170000024	1	18	7200	296	1	6
1216	170000024	1	19	7600	312	1	6
1217	170000024	1	20	8000	328	1	6
1218	170000024	1	21	8400	344	1	6
1219	170000024	1	22	8800	360	1	6
1220	170000024	1	23	9200	376	1	6
1221	170000024	1	24	9600	392	1	6
1222	170000024	1	25	10000	0	1	6
1223	170000024	2	0	0	8	1	6
1224	170000024	2	1	400	24	1	6
1225	170000024	2	2	800	40	1	6
1226	170000024	2	3	1200	56	1	6
1227	170000024	2	4	1600	72	1	6
1228	170000024	2	5	2000	88	1	6
1229	170000024	2	6	2400	104	1	6
1230	170000024	2	7	2800	120	1	6
1231	170000024	2	8	3200	136	1	6
1232	170000024	2	9	3600	152	1	6
1233	170000024	2	10	4000	168	1	6
1234	170000024	2	11	4400	184	1	6
1235	170000024	2	12	4800	200	1	6
1236	170000024	2	13	5200	216	1	6
1237	170000024	2	14	5600	232	1	6
1238	170000024	2	15	6000	248	1	6
1239	170000024	2	16	6400	264	1	6
1240	170000024	2	17	6800	280	1	6
1241	170000024	2	18	7200	296	1	6
1242	170000024	2	19	7600	312	1	6
1243	170000024	2	20	8000	328	1	6
1244	170000024	2	21	8400	344	1	6
1245	170000024	2	22	8800	360	1	6
1246	170000024	2	23	9200	376	1	6
1247	170000024	2	24	9600	392	1	6
1248	170000024	2	25	10000	0	1	6
1249	170000025	1	0	0	400	1	6
1250	170000025	1	1	400	1200	1	6
1251	170000025	1	2	800	2000	1	6
1252	170000025	1	3	1200	2800	1	6
1253	170000025	1	4	1600	3600	1	6
1254	170000025	1	5	2000	4400	1	6
1255	170000025	1	6	2400	5200	1	6
1256	170000025	1	7	2800	6000	1	6
1257	170000025	1	8	3200	6800	1	6
1258	170000025	1	9	3600	7600	1	6
1259	170000025	1	10	4000	8400	1	6
1260	170000025	1	11	4400	9200	1	6
1261	170000025	1	12	4800	10000	1	6
1262	170000025	1	13	5200	10800	1	6
1263	170000025	1	14	5600	11600	1	6
1264	170000025	1	15	6000	12400	1	6
1265	170000025	1	16	6400	13200	1	6
1266	170000025	1	17	6800	14000	1	6
1267	170000025	1	18	7200	14800	1	6
1268	170000025	1	19	7600	15600	1	6
1269	170000025	1	20	8000	16400	1	6
1270	170000025	1	21	8400	17200	1	6
1271	170000025	1	22	8800	18000	1	6
1272	170000025	1	23	9200	18800	1	6
1273	170000025	1	24	9600	19600	1	6
1274	170000025	1	25	10000	0	1	6
1275	170000025	2	0	0	400	1	6
1276	170000025	2	1	400	1200	1	6
1277	170000025	2	2	800	2000	1	6
1278	170000025	2	3	1200	2800	1	6
1279	170000025	2	4	1600	3600	1	6
1280	170000025	2	5	2000	4400	1	6
1281	170000025	2	6	2400	5200	1	6
1282	170000025	2	7	2800	6000	1	6
1283	170000025	2	8	3200	6800	1	6
1284	170000025	2	9	3600	7600	1	6
1285	170000025	2	10	4000	8400	1	6
1286	170000025	2	11	4400	9200	1	6
1287	170000025	2	12	4800	10000	1	6
1288	170000025	2	13	5200	10800	1	6
1289	170000025	2	14	5600	11600	1	6
1290	170000025	2	15	6000	12400	1	6
1291	170000025	2	16	6400	13200	1	6
1292	170000025	2	17	6800	14000	1	6
1293	170000025	2	18	7200	14800	1	6
1294	170000025	2	19	7600	15600	1	6
1295	170000025	2	20	8000	16400	1	6
1296	170000025	2	21	8400	17200	1	6
1297	170000025	2	22	8800	18000	1	6
1298	170000025	2	23	9200	18800	1	6
1299	170000025	2	24	9600	19600	1	6
1300	170000025	2	25	10000	0	1	6
1301	170000026	1	0	0	400	1	6
1302	170000026	1	1	400	1200	1	6
1303	170000026	1	2	800	2000	1	6
1304	170000026	1	3	1200	2800	1	6
1305	170000026	1	4	1600	3600	1	6
1306	170000026	1	5	2000	4400	1	6
1307	170000026	1	6	2400	5200	1	6
1308	170000026	1	7	2800	6000	1	6
1309	170000026	1	8	3200	6800	1	6
1310	170000026	1	9	3600	7600	1	6
1311	170000026	1	10	4000	8400	1	6
1312	170000026	1	11	4400	9200	1	6
1313	170000026	1	12	4800	10000	1	6
1314	170000026	1	13	5200	10800	1	6
1315	170000026	1	14	5600	11600	1	6
1316	170000026	1	15	6000	12400	1	6
1317	170000026	1	16	6400	13200	1	6
1318	170000026	1	17	6800	14000	1	6
1319	170000026	1	18	7200	14800	1	6
1320	170000026	1	19	7600	15600	1	6
1321	170000026	1	20	8000	16400	1	6
1322	170000026	1	21	8400	17200	1	6
1323	170000026	1	22	8800	18000	1	6
1324	170000026	1	23	9200	18800	1	6
1325	170000026	1	24	9600	19600	1	6
1326	170000026	1	25	10000	0	1	6
1327	170000026	2	0	0	400	1	6
1328	170000026	2	1	400	1200	1	6
1329	170000026	2	2	800	2000	1	6
1330	170000026	2	3	1200	2800	1	6
1331	170000026	2	4	1600	3600	1	6
1332	170000026	2	5	2000	4400	1	6
1333	170000026	2	6	2400	5200	1	6
1334	170000026	2	7	2800	6000	1	6
1335	170000026	2	8	3200	6800	1	6
1336	170000026	2	9	3600	7600	1	6
1337	170000026	2	10	4000	8400	1	6
1338	170000026	2	11	4400	9200	1	6
1339	170000026	2	12	4800	10000	1	6
1340	170000026	2	13	5200	10800	1	6
1341	170000026	2	14	5600	11600	1	6
1342	170000026	2	15	6000	12400	1	6
1343	170000026	2	16	6400	13200	1	6
1344	170000026	2	17	6800	14000	1	6
1345	170000026	2	18	7200	14800	1	6
1346	170000026	2	19	7600	15600	1	6
1347	170000026	2	20	8000	16400	1	6
1348	170000026	2	21	8400	17200	1	6
1349	170000026	2	22	8800	18000	1	6
1350	170000026	2	23	9200	18800	1	6
1351	170000026	2	24	9600	19600	1	6
1352	170000026	2	25	10000	0	1	6
1353	170000027	1	0	0	400	1	6
1354	170000027	1	1	400	1200	1	6
1355	170000027	1	2	800	2000	1	6
1356	170000027	1	3	1200	2800	1	6
1357	170000027	1	4	1600	3600	1	6
1358	170000027	1	5	2000	4400	1	6
1359	170000027	1	6	2400	5200	1	6
1360	170000027	1	7	2800	6000	1	6
1361	170000027	1	8	3200	6800	1	6
1362	170000027	1	9	3600	7600	1	6
1363	170000027	1	10	4000	8400	1	6
1364	170000027	1	11	4400	9200	1	6
1365	170000027	1	12	4800	10000	1	6
1366	170000027	1	13	5200	10800	1	6
1367	170000027	1	14	5600	11600	1	6
1368	170000027	1	15	6000	12400	1	6
1369	170000027	1	16	6400	13200	1	6
1370	170000027	1	17	6800	14000	1	6
1371	170000027	1	18	7200	14800	1	6
1372	170000027	1	19	7600	15600	1	6
1373	170000027	1	20	8000	16400	1	6
1374	170000027	1	21	8400	17200	1	6
1375	170000027	1	22	8800	18000	1	6
1376	170000027	1	23	9200	18800	1	6
1377	170000027	1	24	9600	19600	1	6
1378	170000027	1	25	10000	0	1	6
1379	170000027	2	0	0	400	1	6
1380	170000027	2	1	400	1200	1	6
1381	170000027	2	2	800	2000	1	6
1382	170000027	2	3	1200	2800	1	6
1383	170000027	2	4	1600	3600	1	6
1384	170000027	2	5	2000	4400	1	6
1385	170000027	2	6	2400	5200	1	6
1386	170000027	2	7	2800	6000	1	6
1387	170000027	2	8	3200	6800	1	6
1388	170000027	2	9	3600	7600	1	6
1389	170000027	2	10	4000	8400	1	6
1390	170000027	2	11	4400	9200	1	6
1391	170000027	2	12	4800	10000	1	6
1392	170000027	2	13	5200	10800	1	6
1393	170000027	2	14	5600	11600	1	6
1394	170000027	2	15	6000	12400	1	6
1395	170000027	2	16	6400	13200	1	6
1396	170000027	2	17	6800	14000	1	6
1397	170000027	2	18	7200	14800	1	6
1398	170000027	2	19	7600	15600	1	6
1399	170000027	2	20	8000	16400	1	6
1400	170000027	2	21	8400	17200	1	6
1401	170000027	2	22	8800	18000	1	6
1402	170000027	2	23	9200	18800	1	6
1403	170000027	2	24	9600	19600	1	6
1404	170000027	2	25	10000	0	1	6
1405	170000028	1	0	0	400	1	6
1406	170000028	1	1	400	1200	1	6
1407	170000028	1	2	800	2000	1	6
1408	170000028	1	3	1200	2800	1	6
1409	170000028	1	4	1600	3600	1	6
1410	170000028	1	5	2000	4400	1	6
1411	170000028	1	6	2400	5200	1	6
1412	170000028	1	7	2800	6000	1	6
1413	170000028	1	8	3200	6800	1	6
1414	170000028	1	9	3600	7600	1	6
1415	170000028	1	10	4000	8400	1	6
1416	170000028	1	11	4400	9200	1	6
1417	170000028	1	12	4800	10000	1	6
1418	170000028	1	13	5200	10800	1	6
1419	170000028	1	14	5600	11600	1	6
1420	170000028	1	15	6000	12400	1	6
1421	170000028	1	16	6400	13200	1	6
1422	170000028	1	17	6800	14000	1	6
1423	170000028	1	18	7200	14800	1	6
1424	170000028	1	19	7600	15600	1	6
1425	170000028	1	20	8000	16400	1	6
1426	170000028	1	21	8400	17200	1	6
1427	170000028	1	22	8800	18000	1	6
1428	170000028	1	23	9200	18800	1	6
1429	170000028	1	24	9600	19600	1	6
1430	170000028	1	25	10000	0	1	6
1431	170000028	2	0	0	400	1	6
1432	170000028	2	1	400	1200	1	6
1433	170000028	2	2	800	2000	1	6
1434	170000028	2	3	1200	2800	1	6
1435	170000028	2	4	1600	3600	1	6
1436	170000028	2	5	2000	4400	1	6
1437	170000028	2	6	2400	5200	1	6
1438	170000028	2	7	2800	6000	1	6
1439	170000028	2	8	3200	6800	1	6
1440	170000028	2	9	3600	7600	1	6
1441	170000028	2	10	4000	8400	1	6
1442	170000028	2	11	4400	9200	1	6
1443	170000028	2	12	4800	10000	1	6
1444	170000028	2	13	5200	10800	1	6
1445	170000028	2	14	5600	11600	1	6
1446	170000028	2	15	6000	12400	1	6
1447	170000028	2	16	6400	13200	1	6
1448	170000028	2	17	6800	14000	1	6
1449	170000028	2	18	7200	14800	1	6
1450	170000028	2	19	7600	15600	1	6
1451	170000028	2	20	8000	16400	1	6
1452	170000028	2	21	8400	17200	1	6
1453	170000028	2	22	8800	18000	1	6
1454	170000028	2	23	9200	18800	1	6
1455	170000028	2	24	9600	19600	1	6
1456	170000028	2	25	10000	0	1	6
1457	170000029	1	0	0	400	1	6
1458	170000029	1	1	400	1200	1	6
1459	170000029	1	2	800	2000	1	6
1460	170000029	1	3	1200	2800	1	6
1461	170000029	1	4	1600	3600	1	6
1462	170000029	1	5	2000	4400	1	6
1463	170000029	1	6	2400	5200	1	6
1464	170000029	1	7	2800	6000	1	6
1465	170000029	1	8	3200	6800	1	6
1466	170000029	1	9	3600	7600	1	6
1467	170000029	1	10	4000	8400	1	6
1468	170000029	1	11	4400	9200	1	6
1469	170000029	1	12	4800	10000	1	6
1470	170000029	1	13	5200	10800	1	6
1471	170000029	1	14	5600	11600	1	6
1472	170000029	1	15	6000	12400	1	6
1473	170000029	1	16	6400	13200	1	6
1474	170000029	1	17	6800	14000	1	6
1475	170000029	1	18	7200	14800	1	6
1476	170000029	1	19	7600	15600	1	6
1477	170000029	1	20	8000	16400	1	6
1478	170000029	1	21	8400	17200	1	6
1479	170000029	1	22	8800	18000	1	6
1480	170000029	1	23	9200	18800	1	6
1481	170000029	1	24	9600	19600	1	6
1482	170000029	1	25	10000	0	1	6
1483	170000029	2	0	0	400	1	6
1484	170000029	2	1	400	1200	1	6
1485	170000029	2	2	800	2000	1	6
1486	170000029	2	3	1200	2800	1	6
1487	170000029	2	4	1600	3600	1	6
1488	170000029	2	5	2000	4400	1	6
1489	170000029	2	6	2400	5200	1	6
1490	170000029	2	7	2800	6000	1	6
1491	170000029	2	8	3200	6800	1	6
1492	170000029	2	9	3600	7600	1	6
1493	170000029	2	10	4000	8400	1	6
1494	170000029	2	11	4400	9200	1	6
1495	170000029	2	12	4800	10000	1	6
1496	170000029	2	13	5200	10800	1	6
1497	170000029	2	14	5600	11600	1	6
1498	170000029	2	15	6000	12400	1	6
1499	170000029	2	16	6400	13200	1	6
1500	170000029	2	17	6800	14000	1	6
1501	170000029	2	18	7200	14800	1	6
1502	170000029	2	19	7600	15600	1	6
1503	170000029	2	20	8000	16400	1	6
1504	170000029	2	21	8400	17200	1	6
1505	170000029	2	22	8800	18000	1	6
1506	170000029	2	23	9200	18800	1	6
1507	170000029	2	24	9600	19600	1	6
1508	170000029	2	25	10000	0	1	6
1509	170000030	1	0	0	400	1	6
1510	170000030	1	1	400	1200	1	6
1511	170000030	1	2	800	2000	1	6
1512	170000030	1	3	1200	2800	1	6
1513	170000030	1	4	1600	3600	1	6
1514	170000030	1	5	2000	4400	1	6
1515	170000030	1	6	2400	5200	1	6
1516	170000030	1	7	2800	6000	1	6
1517	170000030	1	8	3200	6800	1	6
1518	170000030	1	9	3600	7600	1	6
1519	170000030	1	10	4000	8400	1	6
1520	170000030	1	11	4400	9200	1	6
1521	170000030	1	12	4800	10000	1	6
1522	170000030	1	13	5200	10800	1	6
1523	170000030	1	14	5600	11600	1	6
1524	170000030	1	15	6000	12400	1	6
1525	170000030	1	16	6400	13200	1	6
1526	170000030	1	17	6800	14000	1	6
1527	170000030	1	18	7200	14800	1	6
1528	170000030	1	19	7600	15600	1	6
1529	170000030	1	20	8000	16400	1	6
1530	170000030	1	21	8400	17200	1	6
1531	170000030	1	22	8800	18000	1	6
1532	170000030	1	23	9200	18800	1	6
1533	170000030	1	24	9600	19600	1	6
1534	170000030	1	25	10000	0	1	6
1535	170000030	2	0	0	400	1	6
1536	170000030	2	1	400	1200	1	6
1537	170000030	2	2	800	2000	1	6
1538	170000030	2	3	1200	2800	1	6
1539	170000030	2	4	1600	3600	1	6
1540	170000030	2	5	2000	4400	1	6
1541	170000030	2	6	2400	5200	1	6
1542	170000030	2	7	2800	6000	1	6
1543	170000030	2	8	3200	6800	1	6
1544	170000030	2	9	3600	7600	1	6
1545	170000030	2	10	4000	8400	1	6
1546	170000030	2	11	4400	9200	1	6
1547	170000030	2	12	4800	10000	1	6
1548	170000030	2	13	5200	10800	1	6
1549	170000030	2	14	5600	11600	1	6
1550	170000030	2	15	6000	12400	1	6
1551	170000030	2	16	6400	13200	1	6
1552	170000030	2	17	6800	14000	1	6
1553	170000030	2	18	7200	14800	1	6
1554	170000030	2	19	7600	15600	1	6
1555	170000030	2	20	8000	16400	1	6
1556	170000030	2	21	8400	17200	1	6
1557	170000030	2	22	8800	18000	1	6
1558	170000030	2	23	9200	18800	1	6
1559	170000030	2	24	9600	19600	1	6
1560	170000030	2	25	10000	0	1	6
1561	170000031	1	0	0	400	1	6
1562	170000031	1	1	400	1200	1	6
1563	170000031	1	2	800	2000	1	6
1564	170000031	1	3	1200	2800	1	6
1565	170000031	1	4	1600	3600	1	6
1566	170000031	1	5	2000	4400	1	6
1567	170000031	1	6	2400	5200	1	6
1568	170000031	1	7	2800	6000	1	6
1569	170000031	1	8	3200	6800	1	6
1570	170000031	1	9	3600	7600	1	6
1571	170000031	1	10	4000	8400	1	6
1572	170000031	1	11	4400	9200	1	6
1573	170000031	1	12	4800	10000	1	6
1574	170000031	1	13	5200	10800	1	6
1575	170000031	1	14	5600	11600	1	6
1576	170000031	1	15	6000	12400	1	6
1577	170000031	1	16	6400	13200	1	6
1578	170000031	1	17	6800	14000	1	6
1579	170000031	1	18	7200	14800	1	6
1580	170000031	1	19	7600	15600	1	6
1581	170000031	1	20	8000	16400	1	6
1582	170000031	1	21	8400	17200	1	6
1583	170000031	1	22	8800	18000	1	6
1584	170000031	1	23	9200	18800	1	6
1585	170000031	1	24	9600	19600	1	6
1586	170000031	1	25	10000	0	1	6
1587	170000031	2	0	0	400	1	6
1588	170000031	2	1	400	1200	1	6
1589	170000031	2	2	800	2000	1	6
1590	170000031	2	3	1200	2800	1	6
1591	170000031	2	4	1600	3600	1	6
1592	170000031	2	5	2000	4400	1	6
1593	170000031	2	6	2400	5200	1	6
1594	170000031	2	7	2800	6000	1	6
1595	170000031	2	8	3200	6800	1	6
1596	170000031	2	9	3600	7600	1	6
1597	170000031	2	10	4000	8400	1	6
1598	170000031	2	11	4400	9200	1	6
1599	170000031	2	12	4800	10000	1	6
1600	170000031	2	13	5200	10800	1	6
1601	170000031	2	14	5600	11600	1	6
1602	170000031	2	15	6000	12400	1	6
1603	170000031	2	16	6400	13200	1	6
1604	170000031	2	17	6800	14000	1	6
1605	170000031	2	18	7200	14800	1	6
1606	170000031	2	19	7600	15600	1	6
1607	170000031	2	20	8000	16400	1	6
1608	170000031	2	21	8400	17200	1	6
1609	170000031	2	22	8800	18000	1	6
1610	170000031	2	23	9200	18800	1	6
1611	170000031	2	24	9600	19600	1	6
1612	170000031	2	25	10000	0	1	6
1613	170000032	1	0	0	400	1	6
1614	170000032	1	1	400	1200	1	6
1615	170000032	1	2	800	2000	1	6
1616	170000032	1	3	1200	2800	1	6
1617	170000032	1	4	1600	3600	1	6
1618	170000032	1	5	2000	4400	1	6
1619	170000032	1	6	2400	5200	1	6
1620	170000032	1	7	2800	6000	1	6
1621	170000032	1	8	3200	6800	1	6
1622	170000032	1	9	3600	7600	1	6
1623	170000032	1	10	4000	8400	1	6
1624	170000032	1	11	4400	9200	1	6
1625	170000032	1	12	4800	10000	1	6
1626	170000032	1	13	5200	10800	1	6
1627	170000032	1	14	5600	11600	1	6
1628	170000032	1	15	6000	12400	1	6
1629	170000032	1	16	6400	13200	1	6
1630	170000032	1	17	6800	14000	1	6
1631	170000032	1	18	7200	14800	1	6
1632	170000032	1	19	7600	15600	1	6
1633	170000032	1	20	8000	16400	1	6
1634	170000032	1	21	8400	17200	1	6
1635	170000032	1	22	8800	18000	1	6
1636	170000032	1	23	9200	18800	1	6
1637	170000032	1	24	9600	19600	1	6
1638	170000032	1	25	10000	0	1	6
1639	170000032	2	0	0	400	1	6
1640	170000032	2	1	400	1200	1	6
1641	170000032	2	2	800	2000	1	6
1642	170000032	2	3	1200	2800	1	6
1643	170000032	2	4	1600	3600	1	6
1644	170000032	2	5	2000	4400	1	6
1645	170000032	2	6	2400	5200	1	6
1646	170000032	2	7	2800	6000	1	6
1647	170000032	2	8	3200	6800	1	6
1648	170000032	2	9	3600	7600	1	6
1649	170000032	2	10	4000	8400	1	6
1650	170000032	2	11	4400	9200	1	6
1651	170000032	2	12	4800	10000	1	6
1652	170000032	2	13	5200	10800	1	6
1653	170000032	2	14	5600	11600	1	6
1654	170000032	2	15	6000	12400	1	6
1655	170000032	2	16	6400	13200	1	6
1656	170000032	2	17	6800	14000	1	6
1657	170000032	2	18	7200	14800	1	6
1658	170000032	2	19	7600	15600	1	6
1659	170000032	2	20	8000	16400	1	6
1660	170000032	2	21	8400	17200	1	6
1661	170000032	2	22	8800	18000	1	6
1662	170000032	2	23	9200	18800	1	6
1663	170000032	2	24	9600	19600	1	6
1664	170000032	2	25	10000	0	1	6
1665	170000033	1	0	0	400	1	6
1666	170000033	1	1	400	1200	1	6
1667	170000033	1	2	800	2000	1	6
1668	170000033	1	3	1200	2800	1	6
1669	170000033	1	4	1600	3600	1	6
1670	170000033	1	5	2000	4400	1	6
1671	170000033	1	6	2400	5200	1	6
1672	170000033	1	7	2800	6000	1	6
1673	170000033	1	8	3200	6800	1	6
1674	170000033	1	9	3600	7600	1	6
1675	170000033	1	10	4000	8400	1	6
1676	170000033	1	11	4400	9200	1	6
1677	170000033	1	12	4800	10000	1	6
1678	170000033	1	13	5200	10800	1	6
1679	170000033	1	14	5600	11600	1	6
1680	170000033	1	15	6000	12400	1	6
1681	170000033	1	16	6400	13200	1	6
1682	170000033	1	17	6800	14000	1	6
1683	170000033	1	18	7200	14800	1	6
1684	170000033	1	19	7600	15600	1	6
1685	170000033	1	20	8000	16400	1	6
1686	170000033	1	21	8400	17200	1	6
1687	170000033	1	22	8800	18000	1	6
1688	170000033	1	23	9200	18800	1	6
1689	170000033	1	24	9600	19600	1	6
1690	170000033	1	25	10000	0	1	6
1691	170000033	2	0	0	400	1	6
1692	170000033	2	1	400	1200	1	6
1693	170000033	2	2	800	2000	1	6
1694	170000033	2	3	1200	2800	1	6
1695	170000033	2	4	1600	3600	1	6
1696	170000033	2	5	2000	4400	1	6
1697	170000033	2	6	2400	5200	1	6
1698	170000033	2	7	2800	6000	1	6
1699	170000033	2	8	3200	6800	1	6
1700	170000033	2	9	3600	7600	1	6
1701	170000033	2	10	4000	8400	1	6
1702	170000033	2	11	4400	9200	1	6
1703	170000033	2	12	4800	10000	1	6
1704	170000033	2	13	5200	10800	1	6
1705	170000033	2	14	5600	11600	1	6
1706	170000033	2	15	6000	12400	1	6
1707	170000033	2	16	6400	13200	1	6
1708	170000033	2	17	6800	14000	1	6
1709	170000033	2	18	7200	14800	1	6
1710	170000033	2	19	7600	15600	1	6
1711	170000033	2	20	8000	16400	1	6
1712	170000033	2	21	8400	17200	1	6
1713	170000033	2	22	8800	18000	1	6
1714	170000033	2	23	9200	18800	1	6
1715	170000033	2	24	9600	19600	1	6
1716	170000033	2	25	10000	0	1	6
1717	170000034	1	0	0	120	1	6
1718	170000034	1	1	400	360	1	6
1719	170000034	1	2	800	600	1	6
1720	170000034	1	3	1200	840	1	6
1721	170000034	1	4	1600	1080	1	6
1722	170000034	1	5	2000	1320	1	6
1723	170000034	1	6	2400	1560	1	6
1724	170000034	1	7	2800	1800	1	6
1725	170000034	1	8	3200	2040	1	6
1726	170000034	1	9	3600	2280	1	6
1727	170000034	1	10	4000	2520	1	6
1728	170000034	1	11	4400	2760	1	6
1729	170000034	1	12	4800	3000	1	6
1730	170000034	1	13	5200	3240	1	6
1731	170000034	1	14	5600	3480	1	6
1732	170000034	1	15	6000	3720	1	6
1733	170000034	1	16	6400	3960	1	6
1734	170000034	1	17	6800	4200	1	6
1735	170000034	1	18	7200	4440	1	6
1736	170000034	1	19	7600	4680	1	6
1737	170000034	1	20	8000	4920	1	6
1738	170000034	1	21	8400	5160	1	6
1739	170000034	1	22	8800	5400	1	6
1740	170000034	1	23	9200	5640	1	6
1741	170000034	1	24	9600	5880	1	6
1742	170000034	1	25	10000	0	1	6
1743	170000034	2	0	0	120	1	6
1744	170000034	2	1	400	360	1	6
1745	170000034	2	2	800	600	1	6
1746	170000034	2	3	1200	840	1	6
1747	170000034	2	4	1600	1080	1	6
1748	170000034	2	5	2000	1320	1	6
1749	170000034	2	6	2400	1560	1	6
1750	170000034	2	7	2800	1800	1	6
1751	170000034	2	8	3200	2040	1	6
1752	170000034	2	9	3600	2280	1	6
1753	170000034	2	10	4000	2520	1	6
1754	170000034	2	11	4400	2760	1	6
1755	170000034	2	12	4800	3000	1	6
1756	170000034	2	13	5200	3240	1	6
1757	170000034	2	14	5600	3480	1	6
1758	170000034	2	15	6000	3720	1	6
1759	170000034	2	16	6400	3960	1	6
1760	170000034	2	17	6800	4200	1	6
1761	170000034	2	18	7200	4440	1	6
1762	170000034	2	19	7600	4680	1	6
1763	170000034	2	20	8000	4920	1	6
1764	170000034	2	21	8400	5160	1	6
1765	170000034	2	22	8800	5400	1	6
1766	170000034	2	23	9200	5640	1	6
1767	170000034	2	24	9600	5880	1	6
1768	170000034	2	25	10000	0	1	6
1769	170000035	1	0	0	400	1	6
1770	170000035	1	1	400	1200	1	6
1771	170000035	1	2	800	2000	1	6
1772	170000035	1	3	1200	2800	1	6
1773	170000035	1	4	1600	3600	1	6
1774	170000035	1	5	2000	4400	1	6
1775	170000035	1	6	2400	5200	1	6
1776	170000035	1	7	2800	6000	1	6
1777	170000035	1	8	3200	6800	1	6
1778	170000035	1	9	3600	7600	1	6
1779	170000035	1	10	4000	8400	1	6
1780	170000035	1	11	4400	9200	1	6
1781	170000035	1	12	4800	10000	1	6
1782	170000035	1	13	5200	10800	1	6
1783	170000035	1	14	5600	11600	1	6
1784	170000035	1	15	6000	12400	1	6
1785	170000035	1	16	6400	13200	1	6
1786	170000035	1	17	6800	14000	1	6
1787	170000035	1	18	7200	14800	1	6
1788	170000035	1	19	7600	15600	1	6
1789	170000035	1	20	8000	16400	1	6
1790	170000035	1	21	8400	17200	1	6
1791	170000035	1	22	8800	18000	1	6
1792	170000035	1	23	9200	18800	1	6
1793	170000035	1	24	9600	19600	1	6
1794	170000035	1	25	10000	0	1	6
1795	170000035	2	0	0	400	1	6
1796	170000035	2	1	400	1200	1	6
1797	170000035	2	2	800	2000	1	6
1798	170000035	2	3	1200	2800	1	6
1799	170000035	2	4	1600	3600	1	6
1800	170000035	2	5	2000	4400	1	6
1801	170000035	2	6	2400	5200	1	6
1802	170000035	2	7	2800	6000	1	6
1803	170000035	2	8	3200	6800	1	6
1804	170000035	2	9	3600	7600	1	6
1805	170000035	2	10	4000	8400	1	6
1806	170000035	2	11	4400	9200	1	6
1807	170000035	2	12	4800	10000	1	6
1808	170000035	2	13	5200	10800	1	6
1809	170000035	2	14	5600	11600	1	6
1810	170000035	2	15	6000	12400	1	6
1811	170000035	2	16	6400	13200	1	6
1812	170000035	2	17	6800	14000	1	6
1813	170000035	2	18	7200	14800	1	6
1814	170000035	2	19	7600	15600	1	6
1815	170000035	2	20	8000	16400	1	6
1816	170000035	2	21	8400	17200	1	6
1817	170000035	2	22	8800	18000	1	6
1818	170000035	2	23	9200	18800	1	6
1819	170000035	2	24	9600	19600	1	6
1820	170000035	2	25	10000	0	1	6
1821	170000036	1	0	0	400	1	6
1822	170000036	1	1	400	1200	1	6
1823	170000036	1	2	800	2000	1	6
1824	170000036	1	3	1200	2800	1	6
1825	170000036	1	4	1600	3600	1	6
1826	170000036	1	5	2000	4400	1	6
1827	170000036	1	6	2400	5200	1	6
1828	170000036	1	7	2800	6000	1	6
1829	170000036	1	8	3200	6800	1	6
1830	170000036	1	9	3600	7600	1	6
1831	170000036	1	10	4000	8400	1	6
1832	170000036	1	11	4400	9200	1	6
1833	170000036	1	12	4800	10000	1	6
1834	170000036	1	13	5200	10800	1	6
1835	170000036	1	14	5600	11600	1	6
1836	170000036	1	15	6000	12400	1	6
1837	170000036	1	16	6400	13200	1	6
1838	170000036	1	17	6800	14000	1	6
1839	170000036	1	18	7200	14800	1	6
1840	170000036	1	19	7600	15600	1	6
1841	170000036	1	20	8000	16400	1	6
1842	170000036	1	21	8400	17200	1	6
1843	170000036	1	22	8800	18000	1	6
1844	170000036	1	23	9200	18800	1	6
1845	170000036	1	24	9600	19600	1	6
1846	170000036	1	25	10000	0	1	6
1847	170000036	2	0	0	400	1	6
1848	170000036	2	1	400	1200	1	6
1849	170000036	2	2	800	2000	1	6
1850	170000036	2	3	1200	2800	1	6
1851	170000036	2	4	1600	3600	1	6
1852	170000036	2	5	2000	4400	1	6
1853	170000036	2	6	2400	5200	1	6
1854	170000036	2	7	2800	6000	1	6
1855	170000036	2	8	3200	6800	1	6
1856	170000036	2	9	3600	7600	1	6
1857	170000036	2	10	4000	8400	1	6
1858	170000036	2	11	4400	9200	1	6
1859	170000036	2	12	4800	10000	1	6
1860	170000036	2	13	5200	10800	1	6
1861	170000036	2	14	5600	11600	1	6
1862	170000036	2	15	6000	12400	1	6
1863	170000036	2	16	6400	13200	1	6
1864	170000036	2	17	6800	14000	1	6
1865	170000036	2	18	7200	14800	1	6
1866	170000036	2	19	7600	15600	1	6
1867	170000036	2	20	8000	16400	1	6
1868	170000036	2	21	8400	17200	1	6
1869	170000036	2	22	8800	18000	1	6
1870	170000036	2	23	9200	18800	1	6
1871	170000036	2	24	9600	19600	1	6
1872	170000036	2	25	10000	0	1	6
1873	170000037	1	0	0	400	1	6
1874	170000037	1	1	400	1200	1	6
1875	170000037	1	2	800	2000	1	6
1876	170000037	1	3	1200	2800	1	6
1877	170000037	1	4	1600	3600	1	6
1878	170000037	1	5	2000	4400	1	6
1879	170000037	1	6	2400	5200	1	6
1880	170000037	1	7	2800	6000	1	6
1881	170000037	1	8	3200	6800	1	6
1882	170000037	1	9	3600	7600	1	6
1883	170000037	1	10	4000	8400	1	6
1884	170000037	1	11	4400	9200	1	6
1885	170000037	1	12	4800	10000	1	6
1886	170000037	1	13	5200	10800	1	6
1887	170000037	1	14	5600	11600	1	6
1888	170000037	1	15	6000	12400	1	6
1889	170000037	1	16	6400	13200	1	6
1890	170000037	1	17	6800	14000	1	6
1891	170000037	1	18	7200	14800	1	6
1892	170000037	1	19	7600	15600	1	6
1893	170000037	1	20	8000	16400	1	6
1894	170000037	1	21	8400	17200	1	6
1895	170000037	1	22	8800	18000	1	6
1896	170000037	1	23	9200	18800	1	6
1897	170000037	1	24	9600	19600	1	6
1898	170000037	1	25	10000	0	1	6
1899	170000037	2	0	0	400	1	6
1900	170000037	2	1	400	1200	1	6
1901	170000037	2	2	800	2000	1	6
1902	170000037	2	3	1200	2800	1	6
1903	170000037	2	4	1600	3600	1	6
1904	170000037	2	5	2000	4400	1	6
1905	170000037	2	6	2400	5200	1	6
1906	170000037	2	7	2800	6000	1	6
1907	170000037	2	8	3200	6800	1	6
1908	170000037	2	9	3600	7600	1	6
1909	170000037	2	10	4000	8400	1	6
1910	170000037	2	11	4400	9200	1	6
1911	170000037	2	12	4800	10000	1	6
1912	170000037	2	13	5200	10800	1	6
1913	170000037	2	14	5600	11600	1	6
1914	170000037	2	15	6000	12400	1	6
1915	170000037	2	16	6400	13200	1	6
1916	170000037	2	17	6800	14000	1	6
1917	170000037	2	18	7200	14800	1	6
1918	170000037	2	19	7600	15600	1	6
1919	170000037	2	20	8000	16400	1	6
1920	170000037	2	21	8400	17200	1	6
1921	170000037	2	22	8800	18000	1	6
1922	170000037	2	23	9200	18800	1	6
1923	170000037	2	24	9600	19600	1	6
1924	170000037	2	25	10000	0	1	6
1925	170000038	1	0	0	400	1	6
1926	170000038	1	1	400	1200	1	6
1927	170000038	1	2	800	2000	1	6
1928	170000038	1	3	1200	2800	1	6
1929	170000038	1	4	1600	3600	1	6
1930	170000038	1	5	2000	4400	1	6
1931	170000038	1	6	2400	5200	1	6
1932	170000038	1	7	2800	6000	1	6
1933	170000038	1	8	3200	6800	1	6
1934	170000038	1	9	3600	7600	1	6
1935	170000038	1	10	4000	8400	1	6
1936	170000038	1	11	4400	9200	1	6
1937	170000038	1	12	4800	10000	1	6
1938	170000038	1	13	5200	10800	1	6
1939	170000038	1	14	5600	11600	1	6
1940	170000038	1	15	6000	12400	1	6
1941	170000038	1	16	6400	13200	1	6
1942	170000038	1	17	6800	14000	1	6
1943	170000038	1	18	7200	14800	1	6
1944	170000038	1	19	7600	15600	1	6
1945	170000038	1	20	8000	16400	1	6
1946	170000038	1	21	8400	17200	1	6
1947	170000038	1	22	8800	18000	1	6
1948	170000038	1	23	9200	18800	1	6
1949	170000038	1	24	9600	19600	1	6
1950	170000038	1	25	10000	0	1	6
1951	170000038	2	0	0	400	1	6
1952	170000038	2	1	400	1200	1	6
1953	170000038	2	2	800	2000	1	6
1954	170000038	2	3	1200	2800	1	6
1955	170000038	2	4	1600	3600	1	6
1956	170000038	2	5	2000	4400	1	6
1957	170000038	2	6	2400	5200	1	6
1958	170000038	2	7	2800	6000	1	6
1959	170000038	2	8	3200	6800	1	6
1960	170000038	2	9	3600	7600	1	6
1961	170000038	2	10	4000	8400	1	6
1962	170000038	2	11	4400	9200	1	6
1963	170000038	2	12	4800	10000	1	6
1964	170000038	2	13	5200	10800	1	6
1965	170000038	2	14	5600	11600	1	6
1966	170000038	2	15	6000	12400	1	6
1967	170000038	2	16	6400	13200	1	6
1968	170000038	2	17	6800	14000	1	6
1969	170000038	2	18	7200	14800	1	6
1970	170000038	2	19	7600	15600	1	6
1971	170000038	2	20	8000	16400	1	6
1972	170000038	2	21	8400	17200	1	6
1973	170000038	2	22	8800	18000	1	6
1974	170000038	2	23	9200	18800	1	6
1975	170000038	2	24	9600	19600	1	6
1976	170000038	2	25	10000	0	1	6
1977	170000039	1	0	0	400	1	6
1978	170000039	1	1	400	1200	1	6
1979	170000039	1	2	800	2000	1	6
1980	170000039	1	3	1200	2800	1	6
1981	170000039	1	4	1600	3600	1	6
1982	170000039	1	5	2000	4400	1	6
1983	170000039	1	6	2400	5200	1	6
1984	170000039	1	7	2800	6000	1	6
1985	170000039	1	8	3200	6800	1	6
1986	170000039	1	9	3600	7600	1	6
1987	170000039	1	10	4000	8400	1	6
1988	170000039	1	11	4400	9200	1	6
1989	170000039	1	12	4800	10000	1	6
1990	170000039	1	13	5200	10800	1	6
1991	170000039	1	14	5600	11600	1	6
1992	170000039	1	15	6000	12400	1	6
1993	170000039	1	16	6400	13200	1	6
1994	170000039	1	17	6800	14000	1	6
1995	170000039	1	18	7200	14800	1	6
1996	170000039	1	19	7600	15600	1	6
1997	170000039	1	20	8000	16400	1	6
1998	170000039	1	21	8400	17200	1	6
1999	170000039	1	22	8800	18000	1	6
2000	170000039	1	23	9200	18800	1	6
2001	170000039	1	24	9600	19600	1	6
2002	170000039	1	25	10000	0	1	6
2003	170000039	2	0	0	400	1	6
2004	170000039	2	1	400	1200	1	6
2005	170000039	2	2	800	2000	1	6
2006	170000039	2	3	1200	2800	1	6
2007	170000039	2	4	1600	3600	1	6
2008	170000039	2	5	2000	4400	1	6
2009	170000039	2	6	2400	5200	1	6
2010	170000039	2	7	2800	6000	1	6
2011	170000039	2	8	3200	6800	1	6
2012	170000039	2	9	3600	7600	1	6
2013	170000039	2	10	4000	8400	1	6
2014	170000039	2	11	4400	9200	1	6
2015	170000039	2	12	4800	10000	1	6
2016	170000039	2	13	5200	10800	1	6
2017	170000039	2	14	5600	11600	1	6
2018	170000039	2	15	6000	12400	1	6
2019	170000039	2	16	6400	13200	1	6
2020	170000039	2	17	6800	14000	1	6
2021	170000039	2	18	7200	14800	1	6
2022	170000039	2	19	7600	15600	1	6
2023	170000039	2	20	8000	16400	1	6
2024	170000039	2	21	8400	17200	1	6
2025	170000039	2	22	8800	18000	1	6
2026	170000039	2	23	9200	18800	1	6
2027	170000039	2	24	9600	19600	1	6
2028	170000039	2	25	10000	0	1	6
2029	170000040	1	0	0	400	1	6
2030	170000040	1	1	400	1200	1	6
2031	170000040	1	2	800	2000	1	6
2032	170000040	1	3	1200	2800	1	6
2033	170000040	1	4	1600	3600	1	6
2034	170000040	1	5	2000	4400	1	6
2035	170000040	1	6	2400	5200	1	6
2036	170000040	1	7	2800	6000	1	6
2037	170000040	1	8	3200	6800	1	6
2038	170000040	1	9	3600	7600	1	6
2039	170000040	1	10	4000	8400	1	6
2040	170000040	1	11	4400	9200	1	6
2041	170000040	1	12	4800	10000	1	6
2042	170000040	1	13	5200	10800	1	6
2043	170000040	1	14	5600	11600	1	6
2044	170000040	1	15	6000	12400	1	6
2045	170000040	1	16	6400	13200	1	6
2046	170000040	1	17	6800	14000	1	6
2047	170000040	1	18	7200	14800	1	6
2048	170000040	1	19	7600	15600	1	6
2049	170000040	1	20	8000	16400	1	6
2050	170000040	1	21	8400	17200	1	6
2051	170000040	1	22	8800	18000	1	6
2052	170000040	1	23	9200	18800	1	6
2053	170000040	1	24	9600	19600	1	6
2054	170000040	1	25	10000	0	1	6
2055	170000040	2	0	0	400	1	6
2056	170000040	2	1	400	1200	1	6
2057	170000040	2	2	800	2000	1	6
2058	170000040	2	3	1200	2800	1	6
2059	170000040	2	4	1600	3600	1	6
2060	170000040	2	5	2000	4400	1	6
2061	170000040	2	6	2400	5200	1	6
2062	170000040	2	7	2800	6000	1	6
2063	170000040	2	8	3200	6800	1	6
2064	170000040	2	9	3600	7600	1	6
2065	170000040	2	10	4000	8400	1	6
2066	170000040	2	11	4400	9200	1	6
2067	170000040	2	12	4800	10000	1	6
2068	170000040	2	13	5200	10800	1	6
2069	170000040	2	14	5600	11600	1	6
2070	170000040	2	15	6000	12400	1	6
2071	170000040	2	16	6400	13200	1	6
2072	170000040	2	17	6800	14000	1	6
2073	170000040	2	18	7200	14800	1	6
2074	170000040	2	19	7600	15600	1	6
2075	170000040	2	20	8000	16400	1	6
2076	170000040	2	21	8400	17200	1	6
2077	170000040	2	22	8800	18000	1	6
2078	170000040	2	23	9200	18800	1	6
2079	170000040	2	24	9600	19600	1	6
2080	170000040	2	25	10000	0	1	6
2081	170000041	1	0	0	120	1	6
2082	170000041	1	1	400	360	1	6
2083	170000041	1	2	800	600	1	6
2084	170000041	1	3	1200	840	1	6
2085	170000041	1	4	1600	1080	1	6
2086	170000041	1	5	2000	1320	1	6
2087	170000041	1	6	2400	1560	1	6
2088	170000041	1	7	2800	1800	1	6
2089	170000041	1	8	3200	2040	1	6
2090	170000041	1	9	3600	2280	1	6
2091	170000041	1	10	4000	2520	1	6
2092	170000041	1	11	4400	2760	1	6
2093	170000041	1	12	4800	3000	1	6
2094	170000041	1	13	5200	3240	1	6
2095	170000041	1	14	5600	3480	1	6
2096	170000041	1	15	6000	3720	1	6
2097	170000041	1	16	6400	3960	1	6
2098	170000041	1	17	6800	4200	1	6
2099	170000041	1	18	7200	4440	1	6
2100	170000041	1	19	7600	4680	1	6
2101	170000041	1	20	8000	4920	1	6
2102	170000041	1	21	8400	5160	1	6
2103	170000041	1	22	8800	5400	1	6
2104	170000041	1	23	9200	5640	1	6
2105	170000041	1	24	9600	5880	1	6
2106	170000041	1	25	10000	0	1	6
2107	170000041	2	0	0	120	1	6
2108	170000041	2	1	400	360	1	6
2109	170000041	2	2	800	600	1	6
2110	170000041	2	3	1200	840	1	6
2111	170000041	2	4	1600	1080	1	6
2112	170000041	2	5	2000	1320	1	6
2113	170000041	2	6	2400	1560	1	6
2114	170000041	2	7	2800	1800	1	6
2115	170000041	2	8	3200	2040	1	6
2116	170000041	2	9	3600	2280	1	6
2117	170000041	2	10	4000	2520	1	6
2118	170000041	2	11	4400	2760	1	6
2119	170000041	2	12	4800	3000	1	6
2120	170000041	2	13	5200	3240	1	6
2121	170000041	2	14	5600	3480	1	6
2122	170000041	2	15	6000	3720	1	6
2123	170000041	2	16	6400	3960	1	6
2124	170000041	2	17	6800	4200	1	6
2125	170000041	2	18	7200	4440	1	6
2126	170000041	2	19	7600	4680	1	6
2127	170000041	2	20	8000	4920	1	6
2128	170000041	2	21	8400	5160	1	6
2129	170000041	2	22	8800	5400	1	6
2130	170000041	2	23	9200	5640	1	6
2131	170000041	2	24	9600	5880	1	6
2132	170000041	2	25	10000	0	1	6
2133	170000042	1	0	0	400	1	6
2134	170000042	1	1	400	1200	1	6
2135	170000042	1	2	800	2000	1	6
2136	170000042	1	3	1200	2800	1	6
2137	170000042	1	4	1600	3600	1	6
2138	170000042	1	5	2000	4400	1	6
2139	170000042	1	6	2400	5200	1	6
2140	170000042	1	7	2800	6000	1	6
2141	170000042	1	8	3200	6800	1	6
2142	170000042	1	9	3600	7600	1	6
2143	170000042	1	10	4000	8400	1	6
2144	170000042	1	11	4400	9200	1	6
2145	170000042	1	12	4800	10000	1	6
2146	170000042	1	13	5200	10800	1	6
2147	170000042	1	14	5600	11600	1	6
2148	170000042	1	15	6000	12400	1	6
2149	170000042	1	16	6400	13200	1	6
2150	170000042	1	17	6800	14000	1	6
2151	170000042	1	18	7200	14800	1	6
2152	170000042	1	19	7600	15600	1	6
2153	170000042	1	20	8000	16400	1	6
2154	170000042	1	21	8400	17200	1	6
2155	170000042	1	22	8800	18000	1	6
2156	170000042	1	23	9200	18800	1	6
2157	170000042	1	24	9600	19600	1	6
2158	170000042	1	25	10000	0	1	6
2159	170000042	2	0	0	400	1	6
2160	170000042	2	1	400	1200	1	6
2161	170000042	2	2	800	2000	1	6
2162	170000042	2	3	1200	2800	1	6
2163	170000042	2	4	1600	3600	1	6
2164	170000042	2	5	2000	4400	1	6
2165	170000042	2	6	2400	5200	1	6
2166	170000042	2	7	2800	6000	1	6
2167	170000042	2	8	3200	6800	1	6
2168	170000042	2	9	3600	7600	1	6
2169	170000042	2	10	4000	8400	1	6
2170	170000042	2	11	4400	9200	1	6
2171	170000042	2	12	4800	10000	1	6
2172	170000042	2	13	5200	10800	1	6
2173	170000042	2	14	5600	11600	1	6
2174	170000042	2	15	6000	12400	1	6
2175	170000042	2	16	6400	13200	1	6
2176	170000042	2	17	6800	14000	1	6
2177	170000042	2	18	7200	14800	1	6
2178	170000042	2	19	7600	15600	1	6
2179	170000042	2	20	8000	16400	1	6
2180	170000042	2	21	8400	17200	1	6
2181	170000042	2	22	8800	18000	1	6
2182	170000042	2	23	9200	18800	1	6
2183	170000042	2	24	9600	19600	1	6
2184	170000042	2	25	10000	0	1	6
2185	170000043	1	0	0	400	1	6
2186	170000043	1	1	400	1200	1	6
2187	170000043	1	2	800	2000	1	6
2188	170000043	1	3	1200	2800	1	6
2189	170000043	1	4	1600	3600	1	6
2190	170000043	1	5	2000	4400	1	6
2191	170000043	1	6	2400	5200	1	6
2192	170000043	1	7	2800	6000	1	6
2193	170000043	1	8	3200	6800	1	6
2194	170000043	1	9	3600	7600	1	6
2195	170000043	1	10	4000	8400	1	6
2196	170000043	1	11	4400	9200	1	6
2197	170000043	1	12	4800	10000	1	6
2198	170000043	1	13	5200	10800	1	6
2199	170000043	1	14	5600	11600	1	6
2200	170000043	1	15	6000	12400	1	6
2201	170000043	1	16	6400	13200	1	6
2202	170000043	1	17	6800	14000	1	6
2203	170000043	1	18	7200	14800	1	6
2204	170000043	1	19	7600	15600	1	6
2205	170000043	1	20	8000	16400	1	6
2206	170000043	1	21	8400	17200	1	6
2207	170000043	1	22	8800	18000	1	6
2208	170000043	1	23	9200	18800	1	6
2209	170000043	1	24	9600	19600	1	6
2210	170000043	1	25	10000	0	1	6
2211	170000043	2	0	0	400	1	6
2212	170000043	2	1	400	1200	1	6
2213	170000043	2	2	800	2000	1	6
2214	170000043	2	3	1200	2800	1	6
2215	170000043	2	4	1600	3600	1	6
2216	170000043	2	5	2000	4400	1	6
2217	170000043	2	6	2400	5200	1	6
2218	170000043	2	7	2800	6000	1	6
2219	170000043	2	8	3200	6800	1	6
2220	170000043	2	9	3600	7600	1	6
2221	170000043	2	10	4000	8400	1	6
2222	170000043	2	11	4400	9200	1	6
2223	170000043	2	12	4800	10000	1	6
2224	170000043	2	13	5200	10800	1	6
2225	170000043	2	14	5600	11600	1	6
2226	170000043	2	15	6000	12400	1	6
2227	170000043	2	16	6400	13200	1	6
2228	170000043	2	17	6800	14000	1	6
2229	170000043	2	18	7200	14800	1	6
2230	170000043	2	19	7600	15600	1	6
2231	170000043	2	20	8000	16400	1	6
2232	170000043	2	21	8400	17200	1	6
2233	170000043	2	22	8800	18000	1	6
2234	170000043	2	23	9200	18800	1	6
2235	170000043	2	24	9600	19600	1	6
2236	170000043	2	25	10000	0	1	6
2237	170000044	1	0	0	400	1	6
2238	170000044	1	1	400	1200	1	6
2239	170000044	1	2	800	2000	1	6
2240	170000044	1	3	1200	2800	1	6
2241	170000044	1	4	1600	3600	1	6
2242	170000044	1	5	2000	4400	1	6
2243	170000044	1	6	2400	5200	1	6
2244	170000044	1	7	2800	6000	1	6
2245	170000044	1	8	3200	6800	1	6
2246	170000044	1	9	3600	7600	1	6
2247	170000044	1	10	4000	8400	1	6
2248	170000044	1	11	4400	9200	1	6
2249	170000044	1	12	4800	10000	1	6
2250	170000044	1	13	5200	10800	1	6
2251	170000044	1	14	5600	11600	1	6
2252	170000044	1	15	6000	12400	1	6
2253	170000044	1	16	6400	13200	1	6
2254	170000044	1	17	6800	14000	1	6
2255	170000044	1	18	7200	14800	1	6
2256	170000044	1	19	7600	15600	1	6
2257	170000044	1	20	8000	16400	1	6
2258	170000044	1	21	8400	17200	1	6
2259	170000044	1	22	8800	18000	1	6
2260	170000044	1	23	9200	18800	1	6
2261	170000044	1	24	9600	19600	1	6
2262	170000044	1	25	10000	0	1	6
2263	170000044	2	0	0	400	1	6
2264	170000044	2	1	400	1200	1	6
2265	170000044	2	2	800	2000	1	6
2266	170000044	2	3	1200	2800	1	6
2267	170000044	2	4	1600	3600	1	6
2268	170000044	2	5	2000	4400	1	6
2269	170000044	2	6	2400	5200	1	6
2270	170000044	2	7	2800	6000	1	6
2271	170000044	2	8	3200	6800	1	6
2272	170000044	2	9	3600	7600	1	6
2273	170000044	2	10	4000	8400	1	6
2274	170000044	2	11	4400	9200	1	6
2275	170000044	2	12	4800	10000	1	6
2276	170000044	2	13	5200	10800	1	6
2277	170000044	2	14	5600	11600	1	6
2278	170000044	2	15	6000	12400	1	6
2279	170000044	2	16	6400	13200	1	6
2280	170000044	2	17	6800	14000	1	6
2281	170000044	2	18	7200	14800	1	6
2282	170000044	2	19	7600	15600	1	6
2283	170000044	2	20	8000	16400	1	6
2284	170000044	2	21	8400	17200	1	6
2285	170000044	2	22	8800	18000	1	6
2286	170000044	2	23	9200	18800	1	6
2287	170000044	2	24	9600	19600	1	6
2288	170000044	2	25	10000	0	1	6
