流水号	星灵ID	星灵阶级	升阶消耗	蕴养上限	包含星蕴ID
int	int	int	int	int	string
Id	StarId	StarLevel	StarLevelCost	StarSpiritLimit	StarContentId
1	170000001	1	400000	5	170001001,170001002,170001003,170001004
2	170000001	2	700000	5	170001005,170001006,170001007,170001008
3	170000001	3	1500000	10	170001009,170001010,170001011,170001012,170001013,170001014,170001015
4	170000001	4	2100000	10	170001016,170001017,170001018,170001019,170001020,170001021,170001022,170001023,170001024,170001025
5	170000001	5	3600000	15	170001026,170001027,170001028,170001029,170001030,170001031,170001032,170001033,170001034,170001035
6	170000001	6	5400000	15	170001036,170001037,170001038,170001039,170001040,170001041,170001042,170001043,170001044,170001045,170001046,170001047,170001048
7	170000001	7	7200000	20	170001049,170001050,170001051,170001052,170001053,170001054,170001055,170001056,170001057,170001058,170001059,170001060,170001061,170001062,170001063
8	170000001	8	10000000	20	170001064,170001065,170001066,170001067,170001068,170001069,170001070,170001071,170001072,170001073,170001074,170001075,170001076,170001077,170001078
9	170000001	9	15000000	25	170001079,170001080,170001081,170001082,170001083,170001084,170001085,170001086,170001087,170001088,170001089,170001090,170001091,170001092,170001093
10	170000001	10	0	25	170001094,170001095,170001096,170001097,170001098,170001099,170001100,170001101,170001102,170001103,170001104,170001105,170001106,170001107,170001108,170001109,170001110
11	170000002	1	400000	5	170002001,170002002,170002003,170002004
12	170000002	2	700000	5	170002005,170002006,170002007,170002008
13	170000002	3	1500000	10	170002009,170002010,170002011,170002012,170002013,170002014,170002015
14	170000002	4	2100000	10	170002016,170002017,170002018,170002019,170002020,170002021,170002022,170002023,170002024,170002025
15	170000002	5	3600000	15	170002026,170002027,170002028,170002029,170002030,170002031,170002032,170002033,170002034,170002035
16	170000002	6	5400000	15	170002036,170002037,170002038,170002039,170002040,170002041,170002042,170002043,170002044,170002045,170002046,170002047,170002048
17	170000002	7	7200000	20	170002049,170002050,170002051,170002052,170002053,170002054,170002055,170002056,170002057,170002058,170002059,170002060,170002061,170002062,170002063
18	170000002	8	10000000	20	170002064,170002065,170002066,170002067,170002068,170002069,170002070,170002071,170002072,170002073,170002074,170002075,170002076,170002077,170002078
19	170000002	9	15000000	25	170002079,170002080,170002081,170002082,170002083,170002084,170002085,170002086,170002087,170002088,170002089,170002090,170002091,170002092,170002093
20	170000002	10	0	25	170002094,170002095,170002096,170002097,170002098,170002099,170002100,170002101,170002102,170002103,170002104,170002105,170002106,170002107,170002108,170002109,170002110
21	170000003	1	400000	5	170003001,170003002,170003003,170003004
22	170000003	2	700000	5	170003005,170003006,170003007,170003008
23	170000003	3	1500000	10	170003009,170003010,170003011,170003012,170003013,170003014,170003015
24	170000003	4	2100000	10	170003016,170003017,170003018,170003019,170003020,170003021,170003022,170003023,170003024,170003025
25	170000003	5	3600000	15	170003026,170003027,170003028,170003029,170003030,170003031,170003032,170003033,170003034,170003035
26	170000003	6	5400000	15	170003036,170003037,170003038,170003039,170003040,170003041,170003042,170003043,170003044,170003045,170003046,170003047,170003048
27	170000003	7	7200000	20	170003049,170003050,170003051,170003052,170003053,170003054,170003055,170003056,170003057,170003058,170003059,170003060,170003061,170003062,170003063
28	170000003	8	10000000	20	170003064,170003065,170003066,170003067,170003068,170003069,170003070,170003071,170003072,170003073,170003074,170003075,170003076,170003077,170003078
29	170000003	9	15000000	25	170003079,170003080,170003081,170003082,170003083,170003084,170003085,170003086,170003087,170003088,170003089,170003090,170003091,170003092,170003093
30	170000003	10	0	25	170003094,170003095,170003096,170003097,170003098,170003099,170003100,170003101,170003102,170003103,170003104,170003105,170003106,170003107,170003108,170003109,170003110
31	170000004	1	400000	5	170004001,170004002,170004003,170004004
32	170000004	2	700000	5	170004005,170004006,170004007,170004008
33	170000004	3	1500000	10	170004009,170004010,170004011,170004012,170004013,170004014,170004015
34	170000004	4	2100000	10	170004016,170004017,170004018,170004019,170004020,170004021,170004022,170004023,170004024,170004025
35	170000004	5	3600000	15	170004026,170004027,170004028,170004029,170004030,170004031,170004032,170004033,170004034,170004035
36	170000004	6	5400000	15	170004036,170004037,170004038,170004039,170004040,170004041,170004042,170004043,170004044,170004045,170004046,170004047,170004048
37	170000004	7	7200000	20	170004049,170004050,170004051,170004052,170004053,170004054,170004055,170004056,170004057,170004058,170004059,170004060,170004061,170004062,170004063
38	170000004	8	10000000	20	170004064,170004065,170004066,170004067,170004068,170004069,170004070,170004071,170004072,170004073,170004074,170004075,170004076,170004077,170004078
39	170000004	9	15000000	25	170004079,170004080,170004081,170004082,170004083,170004084,170004085,170004086,170004087,170004088,170004089,170004090,170004091,170004092,170004093
40	170000004	10	0	25	170004094,170004095,170004096,170004097,170004098,170004099,170004100,170004101,170004102,170004103,170004104,170004105,170004106,170004107,170004108,170004109,170004110
41	170000005	1	200000	5	170005001,170005002,170005003,170005004
42	170000005	2	400000	5	170005005,170005006,170005007,170005008
43	170000005	3	750000	10	170005009,170005010,170005011,170005012,170005013,170005014,170005015
44	170000005	4	1200000	10	170005016,170005017,170005018,170005019,170005020,170005021,170005022,170005023,170005024,170005025
45	170000005	5	2500000	15	170005026,170005027,170005028,170005029,170005030,170005031,170005032,170005033,170005034,170005035
46	170000005	6	3600000	15	170005036,170005037,170005038,170005039,170005040,170005041,170005042,170005043,170005044,170005045,170005046,170005047,170005048
47	170000005	7	5000000	20	170005049,170005050,170005051,170005052,170005053,170005054,170005055,170005056,170005057,170005058,170005059,170005060,170005061
48	170000005	8	0	25	170005062,170005063,170005064,170005065,170005066,170005067,170005068,170005069,170005070,170005071,170005072,170005073,170005074,170005075,170005076
49	170000006	1	200000	5	170006001,170006002,170006003,170006004
50	170000006	2	400000	5	170006005,170006006,170006007,170006008
51	170000006	3	750000	10	170006009,170006010,170006011,170006012,170006013,170006014,170006015
52	170000006	4	1200000	10	170006016,170006017,170006018,170006019,170006020,170006021,170006022,170006023,170006024,170006025
53	170000006	5	2500000	15	170006026,170006027,170006028,170006029,170006030,170006031,170006032,170006033,170006034,170006035
54	170000006	6	3600000	15	170006036,170006037,170006038,170006039,170006040,170006041,170006042,170006043,170006044,170006045,170006046,170006047,170006048
55	170000006	7	5000000	20	170006049,170006050,170006051,170006052,170006053,170006054,170006055,170006056,170006057,170006058,170006059,170006060,170006061
56	170000006	8	0	25	170006062,170006063,170006064,170006065,170006066,170006067,170006068,170006069,170006070,170006071,170006072,170006073,170006074,170006075,170006076
57	170000007	1	200000	5	170007001,170007002,170007003,170007004
58	170000007	2	400000	5	170007005,170007006,170007007,170007008
59	170000007	3	750000	10	170007009,170007010,170007011,170007012,170007013,170007014,170007015
60	170000007	4	1200000	10	170007016,170007017,170007018,170007019,170007020,170007021,170007022,170007023,170007024,170007025
61	170000007	5	2500000	15	170007026,170007027,170007028,170007029,170007030,170007031,170007032,170007033,170007034,170007035
62	170000007	6	3600000	15	170007036,170007037,170007038,170007039,170007040,170007041,170007042,170007043,170007044,170007045,170007046,170007047,170007048
63	170000007	7	5000000	20	170007049,170007050,170007051,170007052,170007053,170007054,170007055,170007056,170007057,170007058,170007059,170007060,170007061
64	170000007	8	0	25	170007062,170007063,170007064,170007065,170007066,170007067,170007068,170007069,170007070,170007071,170007072,170007073,170007074,170007075,170007076
65	170000008	1	200000	5	170008001,170008002,170008003,170008004
66	170000008	2	400000	5	170008005,170008006,170008007,170008008
67	170000008	3	750000	10	170008009,170008010,170008011,170008012,170008013,170008014,170008015
68	170000008	4	1200000	10	170008016,170008017,170008018,170008019,170008020,170008021,170008022,170008023,170008024,170008025
69	170000008	5	2500000	15	170008026,170008027,170008028,170008029,170008030,170008031,170008032,170008033,170008034,170008035
70	170000008	6	3600000	15	170008036,170008037,170008038,170008039,170008040,170008041,170008042,170008043,170008044,170008045,170008046,170008047,170008048
71	170000008	7	5000000	20	170008049,170008050,170008051,170008052,170008053,170008054,170008055,170008056,170008057,170008058,170008059,170008060,170008061
72	170000008	8	0	25	170008062,170008063,170008064,170008065,170008066,170008067,170008068,170008069,170008070,170008071,170008072,170008073,170008074,170008075,170008076
73	170000009	1	200000	5	170009001,170009002,170009003,170009004
74	170000009	2	400000	5	170009005,170009006,170009007,170009008
75	170000009	3	750000	10	170009009,170009010,170009011,170009012,170009013,170009014,170009015
76	170000009	4	1200000	10	170009016,170009017,170009018,170009019,170009020,170009021,170009022,170009023,170009024,170009025
77	170000009	5	2500000	15	170009026,170009027,170009028,170009029,170009030,170009031,170009032,170009033,170009034,170009035
78	170000009	6	3600000	15	170009036,170009037,170009038,170009039,170009040,170009041,170009042,170009043,170009044,170009045,170009046,170009047,170009048
79	170000009	7	5000000	20	170009049,170009050,170009051,170009052,170009053,170009054,170009055,170009056,170009057,170009058,170009059,170009060,170009061
80	170000009	8	0	25	170009062,170009063,170009064,170009065,170009066,170009067,170009068,170009069,170009070,170009071,170009072,170009073,170009074,170009075,170009076
81	170000010	1	200000	5	170010001,170010002,170010003,170010004
82	170000010	2	400000	5	170010005,170010006,170010007,170010008
83	170000010	3	750000	10	170010009,170010010,170010011,170010012,170010013,170010014,170010015
84	170000010	4	1200000	10	170010016,170010017,170010018,170010019,170010020,170010021,170010022,170010023,170010024,170010025
85	170000010	5	2500000	15	170010026,170010027,170010028,170010029,170010030,170010031,170010032,170010033,170010034,170010035
86	170000010	6	3600000	15	170010036,170010037,170010038,170010039,170010040,170010041,170010042,170010043,170010044,170010045,170010046,170010047,170010048
87	170000010	7	5000000	20	170010049,170010050,170010051,170010052,170010053,170010054,170010055,170010056,170010057,170010058,170010059,170010060,170010061
88	170000010	8	0	25	170010062,170010063,170010064,170010065,170010066,170010067,170010068,170010069,170010070,170010071,170010072,170010073,170010074,170010075,170010076
89	170000011	1	200000	5	170011001,170011002,170011003,170011004
90	170000011	2	400000	5	170011005,170011006,170011007,170011008
91	170000011	3	750000	10	170011009,170011010,170011011,170011012,170011013,170011014,170011015
92	170000011	4	1200000	10	170011016,170011017,170011018,170011019,170011020,170011021,170011022,170011023,170011024,170011025
93	170000011	5	2500000	15	170011026,170011027,170011028,170011029,170011030,170011031,170011032,170011033,170011034,170011035
94	170000011	6	3600000	15	170011036,170011037,170011038,170011039,170011040,170011041,170011042,170011043,170011044,170011045,170011046,170011047,170011048
95	170000011	7	5000000	20	170011049,170011050,170011051,170011052,170011053,170011054,170011055,170011056,170011057,170011058,170011059,170011060,170011061
96	170000011	8	0	25	170011062,170011063,170011064,170011065,170011066,170011067,170011068,170011069,170011070,170011071,170011072,170011073,170011074,170011075,170011076
97	170000012	1	200000	5	170012001,170012002,170012003,170012004
98	170000012	2	400000	5	170012005,170012006,170012007,170012008
99	170000012	3	750000	10	170012009,170012010,170012011,170012012,170012013,170012014,170012015
100	170000012	4	1200000	10	170012016,170012017,170012018,170012019,170012020,170012021,170012022,170012023,170012024,170012025
101	170000012	5	2500000	15	170012026,170012027,170012028,170012029,170012030,170012031,170012032,170012033,170012034,170012035
102	170000012	6	3600000	15	170012036,170012037,170012038,170012039,170012040,170012041,170012042,170012043,170012044,170012045,170012046,170012047,170012048
103	170000012	7	5000000	20	170012049,170012050,170012051,170012052,170012053,170012054,170012055,170012056,170012057,170012058,170012059,170012060,170012061
104	170000012	8	0	25	170012062,170012063,170012064,170012065,170012066,170012067,170012068,170012069,170012070,170012071,170012072,170012073,170012074,170012075,170012076
105	170000013	1	200000	5	170013001,170013002,170013003,170013004
106	170000013	2	400000	5	170013005,170013006,170013007,170013008
107	170000013	3	750000	10	170013009,170013010,170013011,170013012,170013013,170013014,170013015
108	170000013	4	1200000	10	170013016,170013017,170013018,170013019,170013020,170013021,170013022,170013023,170013024,170013025
109	170000013	5	2500000	15	170013026,170013027,170013028,170013029,170013030,170013031,170013032,170013033,170013034,170013035
110	170000013	6	3600000	15	170013036,170013037,170013038,170013039,170013040,170013041,170013042,170013043,170013044,170013045,170013046,170013047,170013048
111	170000013	7	5000000	20	170013049,170013050,170013051,170013052,170013053,170013054,170013055,170013056,170013057,170013058,170013059,170013060,170013061
112	170000013	8	0	25	170013062,170013063,170013064,170013065,170013066,170013067,170013068,170013069,170013070,170013071,170013072,170013073,170013074,170013075,170013076
113	170000014	1	200000	5	170014001,170014002,170014003,170014004
114	170000014	2	400000	5	170014005,170014006,170014007,170014008
115	170000014	3	750000	10	170014009,170014010,170014011,170014012,170014013,170014014,170014015
116	170000014	4	1200000	10	170014016,170014017,170014018,170014019,170014020,170014021,170014022,170014023,170014024,170014025
117	170000014	5	2500000	15	170014026,170014027,170014028,170014029,170014030,170014031,170014032,170014033,170014034,170014035
118	170000014	6	3600000	15	170014036,170014037,170014038,170014039,170014040,170014041,170014042,170014043,170014044,170014045,170014046,170014047,170014048
119	170000014	7	5000000	20	170014049,170014050,170014051,170014052,170014053,170014054,170014055,170014056,170014057,170014058,170014059,170014060,170014061
120	170000014	8	0	25	170014062,170014063,170014064,170014065,170014066,170014067,170014068,170014069,170014070,170014071,170014072,170014073,170014074,170014075,170014076
121	170000015	1	200000	5	170015001,170015002,170015003,170015004
122	170000015	2	400000	5	170015005,170015006,170015007,170015008
123	170000015	3	750000	10	170015009,170015010,170015011,170015012,170015013,170015014,170015015
124	170000015	4	1200000	10	170015016,170015017,170015018,170015019,170015020,170015021,170015022,170015023,170015024,170015025
125	170000015	5	2500000	15	170015026,170015027,170015028,170015029,170015030,170015031,170015032,170015033,170015034,170015035
126	170000015	6	3600000	15	170015036,170015037,170015038,170015039,170015040,170015041,170015042,170015043,170015044,170015045,170015046,170015047,170015048
127	170000015	7	5000000	20	170015049,170015050,170015051,170015052,170015053,170015054,170015055,170015056,170015057,170015058,170015059,170015060,170015061
128	170000015	8	0	25	170015062,170015063,170015064,170015065,170015066,170015067,170015068,170015069,170015070,170015071,170015072,170015073,170015074,170015075,170015076
129	170000016	1	200000	5	170016001,170016002,170016003,170016004
130	170000016	2	400000	5	170016005,170016006,170016007,170016008
131	170000016	3	750000	10	170016009,170016010,170016011,170016012,170016013,170016014,170016015
132	170000016	4	1200000	10	170016016,170016017,170016018,170016019,170016020,170016021,170016022,170016023,170016024,170016025
133	170000016	5	2500000	15	170016026,170016027,170016028,170016029,170016030,170016031,170016032,170016033,170016034,170016035
134	170000016	6	3600000	15	170016036,170016037,170016038,170016039,170016040,170016041,170016042,170016043,170016044,170016045,170016046,170016047,170016048
135	170000016	7	5000000	20	170016049,170016050,170016051,170016052,170016053,170016054,170016055,170016056,170016057,170016058,170016059,170016060,170016061
136	170000016	8	0	25	170016062,170016063,170016064,170016065,170016066,170016067,170016068,170016069,170016070,170016071,170016072,170016073,170016074,170016075,170016076
137	170000017	1	100000	10	170017001,170017002,170017003,170017004
138	170000017	2	250000	15	170017005,170017006,170017007,170017008
139	170000017	3	500000	20	170017009,170017010,170017011,170017012,170017013,170017014,170017015
140	170000017	4	800000	25	170017016,170017017,170017018,170017019,170017020,170017021,170017022,170017023,170017024,170017025
141	170000017	5	1500000	25	170017026,170017027,170017028,170017029,170017030,170017031,170017032,170017033,170017034,170017035
142	170000017	6	0	25	170017036,170017037,170017038,170017039,170017040,170017041,170017042,170017043,170017044,170017045,170017046,170017047,170017048
143	170000018	1	100000	10	170018001,170018002,170018003,170018004
144	170000018	2	250000	15	170018005,170018006,170018007,170018008
145	170000018	3	500000	20	170018009,170018010,170018011,170018012,170018013,170018014,170018015
146	170000018	4	800000	25	170018016,170018017,170018018,170018019,170018020,170018021,170018022,170018023,170018024,170018025
147	170000018	5	1500000	25	170018026,170018027,170018028,170018029,170018030,170018031,170018032,170018033,170018034,170018035
148	170000018	6	0	25	170018036,170018037,170018038,170018039,170018040,170018041,170018042,170018043,170018044,170018045,170018046,170018047,170018048
149	170000019	1	100000	10	170019001,170019002,170019003,170019004
150	170000019	2	250000	15	170019005,170019006,170019007,170019008
151	170000019	3	500000	20	170019009,170019010,170019011,170019012,170019013,170019014,170019015
152	170000019	4	800000	25	170019016,170019017,170019018,170019019,170019020,170019021,170019022,170019023,170019024,170019025
153	170000019	5	1500000	25	170019026,170019027,170019028,170019029,170019030,170019031,170019032,170019033,170019034,170019035
154	170000019	6	0	25	170019036,170019037,170019038,170019039,170019040,170019041,170019042,170019043,170019044,170019045,170019046,170019047,170019048
155	170000020	1	100000	10	170020001,170020002,170020003,170020004
156	170000020	2	250000	15	170020005,170020006,170020007,170020008
157	170000020	3	500000	20	170020009,170020010,170020011,170020012,170020013,170020014,170020015
158	170000020	4	800000	25	170020016,170020017,170020018,170020019,170020020,170020021,170020022,170020023,170020024,170020025
159	170000020	5	1500000	25	170020026,170020027,170020028,170020029,170020030,170020031,170020032,170020033,170020034,170020035
160	170000020	6	0	25	170020036,170020037,170020038,170020039,170020040,170020041,170020042,170020043,170020044,170020045,170020046,170020047,170020048
161	170000021	1	40000	10	170021001,170021002,170021003,170021004
162	170000021	2	60000	15	170021005,170021006,170021007,170021008
163	170000021	3	100000	20	170021009,170021010,170021011,170021012,170021013,170021014,170021015
164	170000021	4	200000	25	170021016,170021017,170021018,170021019,170021020,170021021,170021022
165	170000021	5	400000	25	170021023,170021024,170021025,170021026,170021027,170021028,170021029,170021030,170021031,170021032
166	170000021	6	0	25	170021033,170021034,170021035,170021036,170021037,170021038,170021039,170021040,170021041,170021042
167	170000022	1	40000	10	170022001,170022002,170022003,170022004
168	170000022	2	60000	15	170022005,170022006,170022007,170022008
169	170000022	3	100000	20	170022009,170022010,170022011,170022012,170022013,170022014,170022015
170	170000022	4	200000	25	170022016,170022017,170022018,170022019,170022020,170022021,170022022
171	170000022	5	400000	25	170022023,170022024,170022025,170022026,170022027,170022028,170022029,170022030,170022031,170022032
172	170000022	6	0	25	170022033,170022034,170022035,170022036,170022037,170022038,170022039,170022040,170022041,170022042
173	170000023	1	40000	10	170023001,170023002,170023003,170023004
174	170000023	2	60000	15	170023005,170023006,170023007,170023008
175	170000023	3	100000	20	170023009,170023010,170023011,170023012,170023013,170023014,170023015
176	170000023	4	200000	25	170023016,170023017,170023018,170023019,170023020,170023021,170023022
177	170000023	5	400000	25	170023023,170023024,170023025,170023026,170023027,170023028,170023029,170023030,170023031,170023032
178	170000023	6	0	25	170023033,170023034,170023035,170023036,170023037,170023038,170023039,170023040,170023041,170023042
179	170000024	1	40000	10	170024001,170024002,170024003,170024004
180	170000024	2	60000	15	170024005,170024006,170024007,170024008
181	170000024	3	100000	20	170024009,170024010,170024011,170024012,170024013,170024014,170024015
182	170000024	4	200000	25	170024016,170024017,170024018,170024019,170024020,170024021,170024022
183	170000024	5	400000	25	170024023,170024024,170024025,170024026,170024027,170024028,170024029,170024030,170024031,170024032
184	170000024	6	0	25	170024033,170024034,170024035,170024036,170024037,170024038,170024039,170024040,170024041,170024042
185	170000025	1	400000	5	170025001,170025002,170025003,170025004
186	170000025	2	700000	5	170025005,170025006,170025007,170025008
187	170000025	3	1500000	10	170025009,170025010,170025011,170025012,170025013,170025014,170025015
188	170000025	4	2100000	10	170025016,170025017,170025018,170025019,170025020,170025021,170025022,170025023,170025024,170025025
189	170000025	5	3600000	15	170025026,170025027,170025028,170025029,170025030,170025031,170025032,170025033,170025034,170025035
190	170000025	6	5400000	15	170025036,170025037,170025038,170025039,170025040,170025041,170025042,170025043,170025044,170025045,170025046,170025047,170025048
191	170000025	7	7200000	20	170025049,170025050,170025051,170025052,170025053,170025054,170025055,170025056,170025057,170025058,170025059,170025060,170025061,170025062,170025063
192	170000025	8	10000000	20	170025064,170025065,170025066,170025067,170025068,170025069,170025070,170025071,170025072,170025073,170025074,170025075,170025076,170025077,170025078
193	170000025	9	15000000	25	170025079,170025080,170025081,170025082,170025083,170025084,170025085,170025086,170025087,170025088,170025089,170025090,170025091,170025092,170025093
194	170000025	10	0	25	170025094,170025095,170025096,170025097,170025098,170025099,170025100,170025101,170025102,170025103,170025104,170025105,170025106,170025107,170025108,170025109,170025110
195	170000026	1	400000	5	170026001,170026002,170026003,170026004
196	170000026	2	700000	5	170026005,170026006,170026007,170026008
197	170000026	3	1500000	10	170026009,170026010,170026011,170026012,170026013,170026014,170026015
198	170000026	4	2100000	10	170026016,170026017,170026018,170026019,170026020,170026021,170026022,170026023,170026024,170026025
199	170000026	5	3600000	15	170026026,170026027,170026028,170026029,170026030,170026031,170026032,170026033,170026034,170026035
200	170000026	6	5400000	15	170026036,170026037,170026038,170026039,170026040,170026041,170026042,170026043,170026044,170026045,170026046,170026047,170026048
201	170000026	7	7200000	20	170026049,170026050,170026051,170026052,170026053,170026054,170026055,170026056,170026057,170026058,170026059,170026060,170026061,170026062,170026063
202	170000026	8	10000000	20	170026064,170026065,170026066,170026067,170026068,170026069,170026070,170026071,170026072,170026073,170026074,170026075,170026076,170026077,170026078
203	170000026	9	15000000	25	170026079,170026080,170026081,170026082,170026083,170026084,170026085,170026086,170026087,170026088,170026089,170026090,170026091,170026092,170026093
204	170000026	10	0	25	170026094,170026095,170026096,170026097,170026098,170026099,170026100,170026101,170026102,170026103,170026104,170026105,170026106,170026107,170026108,170026109,170026110
205	170000027	1	400000	5	170027001,170027002,170027003,170027004
206	170000027	2	700000	5	170027005,170027006,170027007,170027008
207	170000027	3	1500000	10	170027009,170027010,170027011,170027012,170027013,170027014,170027015
208	170000027	4	2100000	10	170027016,170027017,170027018,170027019,170027020,170027021,170027022,170027023,170027024,170027025
209	170000027	5	3600000	15	170027026,170027027,170027028,170027029,170027030,170027031,170027032,170027033,170027034,170027035
210	170000027	6	5400000	15	170027036,170027037,170027038,170027039,170027040,170027041,170027042,170027043,170027044,170027045,170027046,170027047,170027048
211	170000027	7	7200000	20	170027049,170027050,170027051,170027052,170027053,170027054,170027055,170027056,170027057,170027058,170027059,170027060,170027061,170027062,170027063
212	170000027	8	10000000	20	170027064,170027065,170027066,170027067,170027068,170027069,170027070,170027071,170027072,170027073,170027074,170027075,170027076,170027077,170027078
213	170000027	9	15000000	25	170027079,170027080,170027081,170027082,170027083,170027084,170027085,170027086,170027087,170027088,170027089,170027090,170027091,170027092,170027093
214	170000027	10	0	25	170027094,170027095,170027096,170027097,170027098,170027099,170027100,170027101,170027102,170027103,170027104,170027105,170027106,170027107,170027108,170027109,170027110
215	170000028	1	400000	5	170028001,170028002,170028003,170028004
216	170000028	2	700000	5	170028005,170028006,170028007,170028008
217	170000028	3	1500000	10	170028009,170028010,170028011,170028012,170028013,170028014,170028015
218	170000028	4	2100000	10	170028016,170028017,170028018,170028019,170028020,170028021,170028022,170028023,170028024,170028025
219	170000028	5	3600000	15	170028026,170028027,170028028,170028029,170028030,170028031,170028032,170028033,170028034,170028035
220	170000028	6	5400000	15	170028036,170028037,170028038,170028039,170028040,170028041,170028042,170028043,170028044,170028045,170028046,170028047,170028048
221	170000028	7	7200000	20	170028049,170028050,170028051,170028052,170028053,170028054,170028055,170028056,170028057,170028058,170028059,170028060,170028061,170028062,170028063
222	170000028	8	10000000	20	170028064,170028065,170028066,170028067,170028068,170028069,170028070,170028071,170028072,170028073,170028074,170028075,170028076,170028077,170028078
223	170000028	9	15000000	25	170028079,170028080,170028081,170028082,170028083,170028084,170028085,170028086,170028087,170028088,170028089,170028090,170028091,170028092,170028093
224	170000028	10	0	25	170028094,170028095,170028096,170028097,170028098,170028099,170028100,170028101,170028102,170028103,170028104,170028105,170028106,170028107,170028108,170028109,170028110
225	170000029	1	400000	5	170029001,170029002,170029003,170029004
226	170000029	2	700000	5	170029005,170029006,170029007,170029008
227	170000029	3	1500000	10	170029009,170029010,170029011,170029012,170029013,170029014,170029015
228	170000029	4	2100000	10	170029016,170029017,170029018,170029019,170029020,170029021,170029022,170029023,170029024,170029025
229	170000029	5	3600000	15	170029026,170029027,170029028,170029029,170029030,170029031,170029032,170029033,170029034,170029035
230	170000029	6	5400000	15	170029036,170029037,170029038,170029039,170029040,170029041,170029042,170029043,170029044,170029045,170029046,170029047,170029048
231	170000029	7	7200000	20	170029049,170029050,170029051,170029052,170029053,170029054,170029055,170029056,170029057,170029058,170029059,170029060,170029061,170029062,170029063
232	170000029	8	10000000	20	170029064,170029065,170029066,170029067,170029068,170029069,170029070,170029071,170029072,170029073,170029074,170029075,170029076,170029077,170029078
233	170000029	9	15000000	25	170029079,170029080,170029081,170029082,170029083,170029084,170029085,170029086,170029087,170029088,170029089,170029090,170029091,170029092,170029093
234	170000029	10	0	25	170029094,170029095,170029096,170029097,170029098,170029099,170029100,170029101,170029102,170029103,170029104,170029105,170029106,170029107,170029108,170029109,170029110
235	170000030	1	400000	5	170030001,170030002,170030003,170030004
236	170000030	2	700000	5	170030005,170030006,170030007,170030008
237	170000030	3	1500000	10	170030009,170030010,170030011,170030012,170030013,170030014,170030015
238	170000030	4	2100000	10	170030016,170030017,170030018,170030019,170030020,170030021,170030022,170030023,170030024,170030025
239	170000030	5	3600000	15	170030026,170030027,170030028,170030029,170030030,170030031,170030032,170030033,170030034,170030035
240	170000030	6	5400000	15	170030036,170030037,170030038,170030039,170030040,170030041,170030042,170030043,170030044,170030045,170030046,170030047,170030048
241	170000030	7	7200000	20	170030049,170030050,170030051,170030052,170030053,170030054,170030055,170030056,170030057,170030058,170030059,170030060,170030061,170030062,170030063
242	170000030	8	10000000	20	170030064,170030065,170030066,170030067,170030068,170030069,170030070,170030071,170030072,170030073,170030074,170030075,170030076,170030077,170030078
243	170000030	9	15000000	25	170030079,170030080,170030081,170030082,170030083,170030084,170030085,170030086,170030087,170030088,170030089,170030090,170030091,170030092,170030093
244	170000030	10	0	25	170030094,170030095,170030096,170030097,170030098,170030099,170030100,170030101,170030102,170030103,170030104,170030105,170030106,170030107,170030108,170030109,170030110
245	170000031	1	400000	5	170031001,170031002,170031003,170031004
246	170000031	2	700000	5	170031005,170031006,170031007,170031008
247	170000031	3	1500000	10	170031009,170031010,170031011,170031012,170031013,170031014,170031015
248	170000031	4	2100000	10	170031016,170031017,170031018,170031019,170031020,170031021,170031022,170031023,170031024,170031025
249	170000031	5	3600000	15	170031026,170031027,170031028,170031029,170031030,170031031,170031032,170031033,170031034,170031035
250	170000031	6	5400000	15	170031036,170031037,170031038,170031039,170031040,170031041,170031042,170031043,170031044,170031045,170031046,170031047,170031048
251	170000031	7	7200000	20	170031049,170031050,170031051,170031052,170031053,170031054,170031055,170031056,170031057,170031058,170031059,170031060,170031061,170031062,170031063
252	170000031	8	10000000	20	170031064,170031065,170031066,170031067,170031068,170031069,170031070,170031071,170031072,170031073,170031074,170031075,170031076,170031077,170031078
253	170000031	9	15000000	25	170031079,170031080,170031081,170031082,170031083,170031084,170031085,170031086,170031087,170031088,170031089,170031090,170031091,170031092,170031093
254	170000031	10	0	25	170031094,170031095,170031096,170031097,170031098,170031099,170031100,170031101,170031102,170031103,170031104,170031105,170031106,170031107,170031108,170031109,170031110
255	170000032	1	400000	5	170032001,170032002,170032003,170032004
256	170000032	2	700000	5	170032005,170032006,170032007,170032008
257	170000032	3	1500000	10	170032009,170032010,170032011,170032012,170032013,170032014,170032015
258	170000032	4	2100000	10	170032016,170032017,170032018,170032019,170032020,170032021,170032022,170032023,170032024,170032025
259	170000032	5	3600000	15	170032026,170032027,170032028,170032029,170032030,170032031,170032032,170032033,170032034,170032035
260	170000032	6	5400000	15	170032036,170032037,170032038,170032039,170032040,170032041,170032042,170032043,170032044,170032045,170032046,170032047,170032048
261	170000032	7	7200000	20	170032049,170032050,170032051,170032052,170032053,170032054,170032055,170032056,170032057,170032058,170032059,170032060,170032061,170032062,170032063
262	170000032	8	10000000	20	170032064,170032065,170032066,170032067,170032068,170032069,170032070,170032071,170032072,170032073,170032074,170032075,170032076,170032077,170032078
263	170000032	9	15000000	25	170032079,170032080,170032081,170032082,170032083,170032084,170032085,170032086,170032087,170032088,170032089,170032090,170032091,170032092,170032093
264	170000032	10	0	25	170032094,170032095,170032096,170032097,170032098,170032099,170032100,170032101,170032102,170032103,170032104,170032105,170032106,170032107,170032108,170032109,170032110
265	170000033	1	400000	5	170033001,170033002,170033003,170033004
266	170000033	2	700000	5	170033005,170033006,170033007,170033008
267	170000033	3	1500000	10	170033009,170033010,170033011,170033012,170033013,170033014,170033015
268	170000033	4	2100000	10	170033016,170033017,170033018,170033019,170033020,170033021,170033022,170033023,170033024,170033025
269	170000033	5	3600000	15	170033026,170033027,170033028,170033029,170033030,170033031,170033032,170033033,170033034,170033035
270	170000033	6	5400000	15	170033036,170033037,170033038,170033039,170033040,170033041,170033042,170033043,170033044,170033045,170033046,170033047,170033048
271	170000033	7	7200000	20	170033049,170033050,170033051,170033052,170033053,170033054,170033055,170033056,170033057,170033058,170033059,170033060,170033061,170033062,170033063
272	170000033	8	10000000	20	170033064,170033065,170033066,170033067,170033068,170033069,170033070,170033071,170033072,170033073,170033074,170033075,170033076,170033077,170033078
273	170000033	9	15000000	25	170033079,170033080,170033081,170033082,170033083,170033084,170033085,170033086,170033087,170033088,170033089,170033090,170033091,170033092,170033093
274	170000033	10	0	25	170033094,170033095,170033096,170033097,170033098,170033099,170033100,170033101,170033102,170033103,170033104,170033105,170033106,170033107,170033108,170033109,170033110
275	170000034	1	200000	5	170034001,170034002,170034003,170034004
276	170000034	2	400000	5	170034005,170034006,170034007,170034008
277	170000034	3	750000	10	170034009,170034010,170034011,170034012,170034013,170034014,170034015
278	170000034	4	1200000	10	170034016,170034017,170034018,170034019,170034020,170034021,170034022,170034023,170034024,170034025
279	170000034	5	2500000	15	170034026,170034027,170034028,170034029,170034030,170034031,170034032,170034033,170034034,170034035
280	170000034	6	3600000	15	170034036,170034037,170034038,170034039,170034040,170034041,170034042,170034043,170034044,170034045,170034046,170034047,170034048
281	170000034	7	5000000	20	170034049,170034050,170034051,170034052,170034053,170034054,170034055,170034056,170034057,170034058,170034059,170034060,170034061
282	170000034	8	0	25	170034062,170034063,170034064,170034065,170034066,170034067,170034068,170034069,170034070,170034071,170034072,170034073,170034074,170034075,170034076
283	170000035	1	400000	5	170035001,170035002,170035003,170035004
284	170000035	2	700000	5	170035005,170035006,170035007,170035008
285	170000035	3	1500000	10	170035009,170035010,170035011,170035012,170035013,170035014,170035015
286	170000035	4	2100000	10	170035016,170035017,170035018,170035019,170035020,170035021,170035022,170035023,170035024,170035025
287	170000035	5	3600000	15	170035026,170035027,170035028,170035029,170035030,170035031,170035032,170035033,170035034,170035035
288	170000035	6	5400000	15	170035036,170035037,170035038,170035039,170035040,170035041,170035042,170035043,170035044,170035045,170035046,170035047,170035048
289	170000035	7	7200000	20	170035049,170035050,170035051,170035052,170035053,170035054,170035055,170035056,170035057,170035058,170035059,170035060,170035061,170035062,170035063
290	170000035	8	10000000	20	170035064,170035065,170035066,170035067,170035068,170035069,170035070,170035071,170035072,170035073,170035074,170035075,170035076,170035077,170035078
291	170000035	9	15000000	25	170035079,170035080,170035081,170035082,170035083,170035084,170035085,170035086,170035087,170035088,170035089,170035090,170035091,170035092,170035093
292	170000035	10	0	25	170035094,170035095,170035096,170035097,170035098,170035099,170035100,170035101,170035102,170035103,170035104,170035105,170035106,170035107,170035108,170035109,170035110
293	170000036	1	400000	5	170036001,170036002,170036003,170036004
294	170000036	2	700000	5	170036005,170036006,170036007,170036008
295	170000036	3	1500000	10	170036009,170036010,170036011,170036012,170036013,170036014,170036015
296	170000036	4	2100000	10	170036016,170036017,170036018,170036019,170036020,170036021,170036022,170036023,170036024,170036025
297	170000036	5	3600000	15	170036026,170036027,170036028,170036029,170036030,170036031,170036032,170036033,170036034,170036035
298	170000036	6	5400000	15	170036036,170036037,170036038,170036039,170036040,170036041,170036042,170036043,170036044,170036045,170036046,170036047,170036048
299	170000036	7	7200000	20	170036049,170036050,170036051,170036052,170036053,170036054,170036055,170036056,170036057,170036058,170036059,170036060,170036061,170036062,170036063
300	170000036	8	10000000	20	170036064,170036065,170036066,170036067,170036068,170036069,170036070,170036071,170036072,170036073,170036074,170036075,170036076,170036077,170036078
301	170000036	9	15000000	25	170036079,170036080,170036081,170036082,170036083,170036084,170036085,170036086,170036087,170036088,170036089,170036090,170036091,170036092,170036093
302	170000036	10	0	25	170036094,170036095,170036096,170036097,170036098,170036099,170036100,170036101,170036102,170036103,170036104,170036105,170036106,170036107,170036108,170036109,170036110
303	170000037	1	400000	5	170036001,170036002,170036003,170036004
304	170000037	2	700000	5	170036005,170036006,170036007,170036008
305	170000037	3	1500000	10	170036009,170036010,170036011,170036012,170036013,170036014,170036015
306	170000037	4	2100000	10	170036016,170036017,170036018,170036019,170036020,170036021,170036022,170036023,170036024,170036025
307	170000037	5	3600000	15	170036026,170036027,170036028,170036029,170036030,170036031,170036032,170036033,170036034,170036035
308	170000037	6	5400000	15	170036036,170036037,170036038,170036039,170036040,170036041,170036042,170036043,170036044,170036045,170036046,170036047,170036048
309	170000037	7	7200000	20	170036049,170036050,170036051,170036052,170036053,170036054,170036055,170036056,170036057,170036058,170036059,170036060,170036061,170036062,170036063
310	170000037	8	10000000	20	170036064,170036065,170036066,170036067,170036068,170036069,170036070,170036071,170036072,170036073,170036074,170036075,170036076,170036077,170036078
311	170000037	9	15000000	25	170036079,170036080,170036081,170036082,170036083,170036084,170036085,170036086,170036087,170036088,170036089,170036090,170036091,170036092,170036093
312	170000037	10	0	25	170036094,170036095,170036096,170036097,170036098,170036099,170036100,170036101,170036102,170036103,170036104,170036105,170036106,170036107,170036108,170036109,170036110
313	170000038	1	400000	5	170038001,170038002,170038003,170038004
314	170000038	2	700000	5	170038005,170038006,170038007,170038008
315	170000038	3	1500000	10	170038009,170038010,170038011,170038012,170038013,170038014,170038015
316	170000038	4	2100000	10	170038016,170038017,170038018,170038019,170038020,170038021,170038022,170038023,170038024,170038025
317	170000038	5	3600000	15	170038026,170038027,170038028,170038029,170038030,170038031,170038032,170038033,170038034,170038035
318	170000038	6	5400000	15	170038036,170038037,170038038,170038039,170038040,170038041,170038042,170038043,170038044,170038045,170038046,170038047,170038048
319	170000038	7	7200000	20	170038049,170038050,170038051,170038052,170038053,170038054,170038055,170038056,170038057,170038058,170038059,170038060,170038061,170038062,170038063
320	170000038	8	10000000	20	170038064,170038065,170038066,170038067,170038068,170038069,170038070,170038071,170038072,170038073,170038074,170038075,170038076,170038077,170038078
321	170000038	9	15000000	25	170038079,170038080,170038081,170038082,170038083,170038084,170038085,170038086,170038087,170038088,170038089,170038090,170038091,170038092,170038093
322	170000038	10	0	25	170038094,170038095,170038096,170038097,170038098,170038099,170038100,170038101,170038102,170038103,170038104,170038105,170038106,170038107,170038108,170038109,170038110
323	170000039	1	400000	5	170039001,170039002,170039003,170039004
324	170000039	2	700000	5	170039005,170039006,170039007,170039008
325	170000039	3	1500000	10	170039009,170039010,170039011,170039012,170039013,170039014,170039015
326	170000039	4	2100000	10	170039016,170039017,170039018,170039019,170039020,170039021,170039022,170039023,170039024,170039025
327	170000039	5	3600000	15	170039026,170039027,170039028,170039029,170039030,170039031,170039032,170039033,170039034,170039035
328	170000039	6	5400000	15	170039036,170039037,170039038,170039039,170039040,170039041,170039042,170039043,170039044,170039045,170039046,170039047,170039048
329	170000039	7	7200000	20	170039049,170039050,170039051,170039052,170039053,170039054,170039055,170039056,170039057,170039058,170039059,170039060,170039061,170039062,170039063
330	170000039	8	10000000	20	170039064,170039065,170039066,170039067,170039068,170039069,170039070,170039071,170039072,170039073,170039074,170039075,170039076,170039077,170039078
331	170000039	9	15000000	25	170039079,170039080,170039081,170039082,170039083,170039084,170039085,170039086,170039087,170039088,170039089,170039090,170039091,170039092,170039093
332	170000039	10	0	25	170039094,170039095,170039096,170039097,170039098,170039099,170039100,170039101,170039102,170039103,170039104,170039105,170039106,170039107,170039108,170039109,170039110
333	170000040	1	400000	5	170040001,170040002,170040003,170040004
334	170000040	2	700000	5	170040005,170040006,170040007,170040008
335	170000040	3	1500000	10	170040009,170040010,170040011,170040012,170040013,170040014,170040015
336	170000040	4	2100000	10	170040016,170040017,170040018,170040019,170040020,170040021,170040022,170040023,170040024,170040025
337	170000040	5	3600000	15	170040026,170040027,170040028,170040029,170040030,170040031,170040032,170040033,170040034,170040035
338	170000040	6	5400000	15	170040036,170040037,170040038,170040039,170040040,170040041,170040042,170040043,170040044,170040045,170040046,170040047,170040048
339	170000040	7	7200000	20	170040049,170040050,170040051,170040052,170040053,170040054,170040055,170040056,170040057,170040058,170040059,170040060,170040061,170040062,170040063
340	170000040	8	10000000	20	170040064,170040065,170040066,170040067,170040068,170040069,170040070,170040071,170040072,170040073,170040074,170040075,170040076,170040077,170040078
341	170000040	9	15000000	25	170040079,170040080,170040081,170040082,170040083,170040084,170040085,170040086,170040087,170040088,170040089,170040090,170040091,170040092,170040093
342	170000040	10	0	25	170040094,170040095,170040096,170040097,170040098,170040099,170040100,170040101,170040102,170040103,170040104,170040105,170040106,170040107,170040108,170040109,170040110
343	170000041	1	200000	5	170016001,170016002,170016003,170016004
344	170000041	2	400000	5	170016005,170016006,170016007,170016008
345	170000041	3	750000	10	170016009,170016010,170016011,170016012,170016013,170016014,170016015
346	170000041	4	1200000	10	170016016,170016017,170016018,170016019,170016020,170016021,170016022,170016023,170016024,170016025
347	170000041	5	2500000	15	170016026,170016027,170016028,170016029,170016030,170016031,170016032,170016033,170016034,170016035
348	170000041	6	3600000	15	170016036,170016037,170016038,170016039,170016040,170016041,170016042,170016043,170016044,170016045,170016046,170016047,170016048
349	170000041	7	5000000	20	170016049,170016050,170016051,170016052,170016053,170016054,170016055,170016056,170016057,170016058,170016059,170016060,170016061
350	170000041	8	0	25	170016062,170016063,170016064,170016065,170016066,170016067,170016068,170016069,170016070,170016071,170016072,170016073,170016074,170016075,170016076
351	170000042	1	400000	5	170040001,170040002,170040003,170040004
352	170000042	2	700000	5	170040005,170040006,170040007,170040008
353	170000042	3	1500000	10	170040009,170040010,170040011,170040012,170040013,170040014,170040015
354	170000042	4	2100000	10	170040016,170040017,170040018,170040019,170040020,170040021,170040022,170040023,170040024,170040025
355	170000042	5	3600000	15	170040026,170040027,170040028,170040029,170040030,170040031,170040032,170040033,170040034,170040035
356	170000042	6	5400000	15	170040036,170040037,170040038,170040039,170040040,170040041,170040042,170040043,170040044,170040045,170040046,170040047,170040048
357	170000042	7	7200000	20	170040049,170040050,170040051,170040052,170040053,170040054,170040055,170040056,170040057,170040058,170040059,170040060,170040061,170040062,170040063
358	170000042	8	10000000	20	170040064,170040065,170040066,170040067,170040068,170040069,170040070,170040071,170040072,170040073,170040074,170040075,170040076,170040077,170040078
359	170000042	9	15000000	25	170040079,170040080,170040081,170040082,170040083,170040084,170040085,170040086,170040087,170040088,170040089,170040090,170040091,170040092,170040093
360	170000042	10	0	25	170040094,170040095,170040096,170040097,170040098,170040099,170040100,170040101,170040102,170040103,170040104,170040105,170040106,170040107,170040108,170040109,170040110
361	170000043	1	400000	5	170040001,170040002,170040003,170040004
362	170000043	2	700000	5	170040005,170040006,170040007,170040008
363	170000043	3	1500000	10	170040009,170040010,170040011,170040012,170040013,170040014,170040015
364	170000043	4	2100000	10	170040016,170040017,170040018,170040019,170040020,170040021,170040022,170040023,170040024,170040025
365	170000043	5	3600000	15	170040026,170040027,170040028,170040029,170040030,170040031,170040032,170040033,170040034,170040035
366	170000043	6	5400000	15	170040036,170040037,170040038,170040039,170040040,170040041,170040042,170040043,170040044,170040045,170040046,170040047,170040048
367	170000043	7	7200000	20	170040049,170040050,170040051,170040052,170040053,170040054,170040055,170040056,170040057,170040058,170040059,170040060,170040061,170040062,170040063
368	170000043	8	10000000	20	170040064,170040065,170040066,170040067,170040068,170040069,170040070,170040071,170040072,170040073,170040074,170040075,170040076,170040077,170040078
369	170000043	9	15000000	25	170040079,170040080,170040081,170040082,170040083,170040084,170040085,170040086,170040087,170040088,170040089,170040090,170040091,170040092,170040093
370	170000043	10	0	25	170040094,170040095,170040096,170040097,170040098,170040099,170040100,170040101,170040102,170040103,170040104,170040105,170040106,170040107,170040108,170040109,170040110
371	170000044	1	400000	5	170002001,170002002,170002003,170002004
372	170000044	2	700000	5	170002005,170002006,170002007,170002008
373	170000044	3	1500000	10	170002009,170002010,170002011,170002012,170002013,170002014,170002015
374	170000044	4	2100000	10	170002016,170002017,170002018,170002019,170002020,170002021,170002022,170002023,170002024,170002025
375	170000044	5	3600000	15	170002026,170002027,170002028,170002029,170002030,170002031,170002032,170002033,170002034,170002035
376	170000044	6	5400000	15	170002036,170002037,170002038,170002039,170002040,170002041,170002042,170002043,170002044,170002045,170002046,170002047,170002048
377	170000044	7	7200000	20	170002049,170002050,170002051,170002052,170002053,170002054,170002055,170002056,170002057,170002058,170002059,170002060,170002061,170002062,170002063
378	170000044	8	10000000	20	170002064,170002065,170002066,170002067,170002068,170002069,170002070,170002071,170002072,170002073,170002074,170002075,170002076,170002077,170002078
379	170000044	9	15000000	25	170002079,170002080,170002081,170002082,170002083,170002084,170002085,170002086,170002087,170002088,170002089,170002090,170002091,170002092,170002093
380	170000044	10	0	25	170002094,170002095,170002096,170002097,170002098,170002099,170002100,170002101,170002102,170002103,170002104,170002105,170002106,170002107,170002108,170002109,170002110
