编号	等级	部位	限制等级	消耗道具	道具数量	消耗道具2	货币类型	货币数量	属性加成	战力类型	战力计算	一键加持组
int	int	int	int	string	int	string	int	int	string	int	int	int
ID	StrengthenLevel	EquipPart	LimitLevel	CostItem	ItemNum	CostOtherItem	CostCurrencyType	CostCurrenyNum	PropValueId	CPType	CPValue	StrengthenGroup
1	0	1	0		0		0	0		1	6	1
2	1	1	1	item103010121003	1		1	1000	1100001001	1	6	1
3	2	1	1	item103010121003	1		1	2000	1100001002	1	6	1
4	3	1	1	item103010121003	1		1	3000	1100001003	1	6	1
5	4	1	1	item103010121003	1		1	4000	1100001004	1	6	1
6	5	1	1	item103010121003	1		1	5000	1100001005	1	6	1
7	6	1	1	item103010121003	2		1	6000	1100001006	1	6	1
8	7	1	1	item103010121003	2		1	7000	1100001007	1	6	1
9	8	1	1	item103010121003	2		1	8000	1100001008	1	6	1
10	9	1	1	item103010121003	2		1	9000	1100001009	1	6	1
11	10	1	1	item103010121003	2		1	10000	1100001010	1	6	1
12	11	1	1	item103010121003	3		1	11000	1100001011	1	6	1
13	12	1	1	item103010121003	3		1	12000	1100001012	1	6	1
14	13	1	1	item103010121003	3		1	13000	1100001013	1	6	1
15	14	1	1	item103010121003	3		1	14000	1100001014	1	6	1
16	15	1	1	item103010121003	3		1	15000	1100001015	1	6	1
17	16	1	1	item103010121003	4		1	16000	1100001016	1	6	1
18	17	1	1	item103010121003	4		1	17000	1100001017	1	6	1
19	18	1	1	item103010121003	4		1	18000	1100001018	1	6	1
20	19	1	1	item103010121003	4		1	19000	1100001019	1	6	1
21	20	1	1	item103010121003	4		1	20000	1100001020	1	6	1
22	21	1	20	item103010121004	1		1	21000	1100001021	1	6	2
23	22	1	20	item103010121004	1		1	22000	1100001022	1	6	2
24	23	1	20	item103010121004	1		1	23000	1100001023	1	6	2
25	24	1	20	item103010121004	1		1	24000	1100001024	1	6	2
26	25	1	20	item103010121004	1		1	25000	1100001025	1	6	2
27	26	1	20	item103010121004	2		1	26000	1100001026	1	6	2
28	27	1	20	item103010121004	2		1	27000	1100001027	1	6	2
29	28	1	20	item103010121004	2		1	28000	1100001028	1	6	2
30	29	1	20	item103010121004	2		1	29000	1100001029	1	6	2
31	30	1	20	item103010121004	2		1	30000	1100001030	1	6	2
32	31	1	30	item103010121004	3		1	31000	1100001031	1	6	2
33	32	1	30	item103010121004	3		1	32000	1100001032	1	6	2
34	33	1	30	item103010121004	3		1	33000	1100001033	1	6	2
35	34	1	30	item103010121004	3		1	34000	1100001034	1	6	2
36	35	1	30	item103010121004	3		1	35000	1100001035	1	6	2
37	36	1	30	item103010121004	4		1	36000	1100001036	1	6	2
38	37	1	30	item103010121004	4		1	37000	1100001037	1	6	2
39	38	1	30	item103010121004	4		1	38000	1100001038	1	6	2
40	39	1	30	item103010121004	4		1	39000	1100001039	1	6	2
41	40	1	30	item103010121004	4		1	40000	1100001040	1	6	2
42	41	1	35	item103010121005	1		1	41000	1100001041	1	6	3
43	42	1	35	item103010121005	1		1	42000	1100001042	1	6	3
44	43	1	35	item103010121005	1		1	43000	1100001043	1	6	3
45	44	1	35	item103010121005	1		1	44000	1100001044	1	6	3
46	45	1	35	item103010121005	1		1	45000	1100001045	1	6	3
47	46	1	35	item103010121005	2		1	46000	1100001046	1	6	3
48	47	1	35	item103010121005	2		1	47000	1100001047	1	6	3
49	48	1	35	item103010121005	2		1	48000	1100001048	1	6	3
50	49	1	35	item103010121005	2		1	49000	1100001049	1	6	3
51	50	1	35	item103010121005	2		1	50000	1100001050	1	6	3
52	51	1	45	item103010121005	3		1	51000	1100001051	1	6	3
53	52	1	45	item103010121005	3		1	52000	1100001052	1	6	3
54	53	1	45	item103010121005	3		1	53000	1100001053	1	6	3
55	54	1	45	item103010121005	3		1	54000	1100001054	1	6	3
56	55	1	45	item103010121005	3		1	55000	1100001055	1	6	3
57	56	1	45	item103010121005	4		1	56000	1100001056	1	6	3
58	57	1	45	item103010121005	4		1	57000	1100001057	1	6	3
59	58	1	45	item103010121005	4		1	58000	1100001058	1	6	3
60	59	1	45	item103010121005	4		1	59000	1100001059	1	6	3
61	60	1	45	item103010121005	4		1	60000	1100001060	1	6	3
62	61	1	50	item103010121006	1		1	61000	1100001061	1	6	4
63	62	1	50	item103010121006	1		1	62000	1100001062	1	6	4
64	63	1	50	item103010121006	1		1	63000	1100001063	1	6	4
65	64	1	50	item103010121006	1		1	64000	1100001064	1	6	4
66	65	1	50	item103010121006	1		1	65000	1100001065	1	6	4
67	66	1	50	item103010121006	2		1	66000	1100001066	1	6	4
68	67	1	50	item103010121006	2		1	67000	1100001067	1	6	4
69	68	1	50	item103010121006	2		1	68000	1100001068	1	6	4
70	69	1	50	item103010121006	2		1	69000	1100001069	1	6	4
71	70	1	50	item103010121006	2		1	70000	1100001070	1	6	4
72	71	1	60	item103010121006	3		1	71000	1100001071	1	6	4
73	72	1	60	item103010121006	3		1	72000	1100001072	1	6	4
74	73	1	60	item103010121006	3		1	73000	1100001073	1	6	4
75	74	1	60	item103010121006	3		1	74000	1100001074	1	6	4
76	75	1	60	item103010121006	3		1	75000	1100001075	1	6	4
77	76	1	60	item103010121006	4		1	76000	1100001076	1	6	4
78	77	1	60	item103010121006	4		1	77000	1100001077	1	6	4
79	78	1	60	item103010121006	4		1	78000	1100001078	1	6	4
80	79	1	60	item103010121006	4		1	79000	1100001079	1	6	4
81	80	1	60	item103010121006	4		1	80000	1100001080	1	6	4
82	81	1	65	item103010121007	1		1	81000	1100001081	1	6	5
83	82	1	65	item103010121007	1		1	82000	1100001082	1	6	5
84	83	1	65	item103010121007	1		1	83000	1100001083	1	6	5
85	84	1	65	item103010121007	1		1	84000	1100001084	1	6	5
86	85	1	65	item103010121007	1		1	85000	1100001085	1	6	5
87	86	1	65	item103010121007	2		1	86000	1100001086	1	6	5
88	87	1	65	item103010121007	2		1	87000	1100001087	1	6	5
89	88	1	65	item103010121007	2		1	88000	1100001088	1	6	5
90	89	1	65	item103010121007	2		1	89000	1100001089	1	6	5
91	90	1	65	item103010121007	2		1	90000	1100001090	1	6	5
92	91	1	70	item103010121007	3		1	91000	1100001091	1	6	5
93	92	1	70	item103010121007	3		1	92000	1100001092	1	6	5
94	93	1	70	item103010121007	3		1	93000	1100001093	1	6	5
95	94	1	70	item103010121007	3		1	94000	1100001094	1	6	5
96	95	1	70	item103010121007	3		1	95000	1100001095	1	6	5
97	96	1	70	item103010121007	4		1	96000	1100001096	1	6	5
98	97	1	70	item103010121007	4		1	97000	1100001097	1	6	5
99	98	1	70	item103010121007	4		1	98000	1100001098	1	6	5
100	99	1	70	item103010121007	4		1	99000	1100001099	1	6	5
101	100	1	70	item103010121007	4		1	100000	1100001100	1	6	5
102	0	2	0		0		0	0		1	6	1
103	1	2	1	item103010121003	1		1	1000	1100002001	1	6	1
104	2	2	1	item103010121003	1		1	2000	1100002002	1	6	1
105	3	2	1	item103010121003	1		1	3000	1100002003	1	6	1
106	4	2	1	item103010121003	1		1	4000	1100002004	1	6	1
107	5	2	1	item103010121003	1		1	5000	1100002005	1	6	1
108	6	2	1	item103010121003	2		1	6000	1100002006	1	6	1
109	7	2	1	item103010121003	2		1	7000	1100002007	1	6	1
110	8	2	1	item103010121003	2		1	8000	1100002008	1	6	1
111	9	2	1	item103010121003	2		1	9000	1100002009	1	6	1
112	10	2	1	item103010121003	2		1	10000	1100002010	1	6	1
113	11	2	1	item103010121003	3		1	11000	1100002011	1	6	1
114	12	2	1	item103010121003	3		1	12000	1100002012	1	6	1
115	13	2	1	item103010121003	3		1	13000	1100002013	1	6	1
116	14	2	1	item103010121003	3		1	14000	1100002014	1	6	1
117	15	2	1	item103010121003	3		1	15000	1100002015	1	6	1
118	16	2	1	item103010121003	4		1	16000	1100002016	1	6	1
119	17	2	1	item103010121003	4		1	17000	1100002017	1	6	1
120	18	2	1	item103010121003	4		1	18000	1100002018	1	6	1
121	19	2	1	item103010121003	4		1	19000	1100002019	1	6	1
122	20	2	1	item103010121003	4		1	20000	1100002020	1	6	1
123	21	2	20	item103010121004	1		1	21000	1100002021	1	6	2
124	22	2	20	item103010121004	1		1	22000	1100002022	1	6	2
125	23	2	20	item103010121004	1		1	23000	1100002023	1	6	2
126	24	2	20	item103010121004	1		1	24000	1100002024	1	6	2
127	25	2	20	item103010121004	1		1	25000	1100002025	1	6	2
128	26	2	20	item103010121004	2		1	26000	1100002026	1	6	2
129	27	2	20	item103010121004	2		1	27000	1100002027	1	6	2
130	28	2	20	item103010121004	2		1	28000	1100002028	1	6	2
131	29	2	20	item103010121004	2		1	29000	1100002029	1	6	2
132	30	2	20	item103010121004	2		1	30000	1100002030	1	6	2
133	31	2	30	item103010121004	3		1	31000	1100002031	1	6	2
134	32	2	30	item103010121004	3		1	32000	1100002032	1	6	2
135	33	2	30	item103010121004	3		1	33000	1100002033	1	6	2
136	34	2	30	item103010121004	3		1	34000	1100002034	1	6	2
137	35	2	30	item103010121004	3		1	35000	1100002035	1	6	2
138	36	2	30	item103010121004	4		1	36000	1100002036	1	6	2
139	37	2	30	item103010121004	4		1	37000	1100002037	1	6	2
140	38	2	30	item103010121004	4		1	38000	1100002038	1	6	2
141	39	2	30	item103010121004	4		1	39000	1100002039	1	6	2
142	40	2	30	item103010121004	4		1	40000	1100002040	1	6	2
143	41	2	35	item103010121005	1		1	41000	1100002041	1	6	3
144	42	2	35	item103010121005	1		1	42000	1100002042	1	6	3
145	43	2	35	item103010121005	1		1	43000	1100002043	1	6	3
146	44	2	35	item103010121005	1		1	44000	1100002044	1	6	3
147	45	2	35	item103010121005	1		1	45000	1100002045	1	6	3
148	46	2	35	item103010121005	2		1	46000	1100002046	1	6	3
149	47	2	35	item103010121005	2		1	47000	1100002047	1	6	3
150	48	2	35	item103010121005	2		1	48000	1100002048	1	6	3
151	49	2	35	item103010121005	2		1	49000	1100002049	1	6	3
152	50	2	35	item103010121005	2		1	50000	1100002050	1	6	3
153	51	2	45	item103010121005	3		1	51000	1100002051	1	6	3
154	52	2	45	item103010121005	3		1	52000	1100002052	1	6	3
155	53	2	45	item103010121005	3		1	53000	1100002053	1	6	3
156	54	2	45	item103010121005	3		1	54000	1100002054	1	6	3
157	55	2	45	item103010121005	3		1	55000	1100002055	1	6	3
158	56	2	45	item103010121005	4		1	56000	1100002056	1	6	3
159	57	2	45	item103010121005	4		1	57000	1100002057	1	6	3
160	58	2	45	item103010121005	4		1	58000	1100002058	1	6	3
161	59	2	45	item103010121005	4		1	59000	1100002059	1	6	3
162	60	2	45	item103010121005	4		1	60000	1100002060	1	6	3
163	61	2	50	item103010121006	1		1	61000	1100002061	1	6	4
164	62	2	50	item103010121006	1		1	62000	1100002062	1	6	4
165	63	2	50	item103010121006	1		1	63000	1100002063	1	6	4
166	64	2	50	item103010121006	1		1	64000	1100002064	1	6	4
167	65	2	50	item103010121006	1		1	65000	1100002065	1	6	4
168	66	2	50	item103010121006	2		1	66000	1100002066	1	6	4
169	67	2	50	item103010121006	2		1	67000	1100002067	1	6	4
170	68	2	50	item103010121006	2		1	68000	1100002068	1	6	4
171	69	2	50	item103010121006	2		1	69000	1100002069	1	6	4
172	70	2	50	item103010121006	2		1	70000	1100002070	1	6	4
173	71	2	60	item103010121006	3		1	71000	1100002071	1	6	4
174	72	2	60	item103010121006	3		1	72000	1100002072	1	6	4
175	73	2	60	item103010121006	3		1	73000	1100002073	1	6	4
176	74	2	60	item103010121006	3		1	74000	1100002074	1	6	4
177	75	2	60	item103010121006	3		1	75000	1100002075	1	6	4
178	76	2	60	item103010121006	4		1	76000	1100002076	1	6	4
179	77	2	60	item103010121006	4		1	77000	1100002077	1	6	4
180	78	2	60	item103010121006	4		1	78000	1100002078	1	6	4
181	79	2	60	item103010121006	4		1	79000	1100002079	1	6	4
182	80	2	60	item103010121006	4		1	80000	1100002080	1	6	4
183	81	2	65	item103010121007	1		1	81000	1100002081	1	6	5
184	82	2	65	item103010121007	1		1	82000	1100002082	1	6	5
185	83	2	65	item103010121007	1		1	83000	1100002083	1	6	5
186	84	2	65	item103010121007	1		1	84000	1100002084	1	6	5
187	85	2	65	item103010121007	1		1	85000	1100002085	1	6	5
188	86	2	65	item103010121007	2		1	86000	1100002086	1	6	5
189	87	2	65	item103010121007	2		1	87000	1100002087	1	6	5
190	88	2	65	item103010121007	2		1	88000	1100002088	1	6	5
191	89	2	65	item103010121007	2		1	89000	1100002089	1	6	5
192	90	2	65	item103010121007	2		1	90000	1100002090	1	6	5
193	91	2	70	item103010121007	3		1	91000	1100002091	1	6	5
194	92	2	70	item103010121007	3		1	92000	1100002092	1	6	5
195	93	2	70	item103010121007	3		1	93000	1100002093	1	6	5
196	94	2	70	item103010121007	3		1	94000	1100002094	1	6	5
197	95	2	70	item103010121007	3		1	95000	1100002095	1	6	5
198	96	2	70	item103010121007	4		1	96000	1100002096	1	6	5
199	97	2	70	item103010121007	4		1	97000	1100002097	1	6	5
200	98	2	70	item103010121007	4		1	98000	1100002098	1	6	5
201	99	2	70	item103010121007	4		1	99000	1100002099	1	6	5
202	100	2	70	item103010121007	4		1	100000	1100002100	1	6	5
203	0	3	0		0		0	0		1	6	1
204	1	3	1	item103010121003	1		1	1000	1100003001	1	6	1
205	2	3	1	item103010121003	1		1	2000	1100003002	1	6	1
206	3	3	1	item103010121003	1		1	3000	1100003003	1	6	1
207	4	3	1	item103010121003	1		1	4000	1100003004	1	6	1
208	5	3	1	item103010121003	1		1	5000	1100003005	1	6	1
209	6	3	1	item103010121003	2		1	6000	1100003006	1	6	1
210	7	3	1	item103010121003	2		1	7000	1100003007	1	6	1
211	8	3	1	item103010121003	2		1	8000	1100003008	1	6	1
212	9	3	1	item103010121003	2		1	9000	1100003009	1	6	1
213	10	3	1	item103010121003	2		1	10000	1100003010	1	6	1
214	11	3	1	item103010121003	3		1	11000	1100003011	1	6	1
215	12	3	1	item103010121003	3		1	12000	1100003012	1	6	1
216	13	3	1	item103010121003	3		1	13000	1100003013	1	6	1
217	14	3	1	item103010121003	3		1	14000	1100003014	1	6	1
218	15	3	1	item103010121003	3		1	15000	1100003015	1	6	1
219	16	3	1	item103010121003	4		1	16000	1100003016	1	6	1
220	17	3	1	item103010121003	4		1	17000	1100003017	1	6	1
221	18	3	1	item103010121003	4		1	18000	1100003018	1	6	1
222	19	3	1	item103010121003	4		1	19000	1100003019	1	6	1
223	20	3	1	item103010121003	4		1	20000	1100003020	1	6	1
224	21	3	20	item103010121004	1		1	21000	1100003021	1	6	2
225	22	3	20	item103010121004	1		1	22000	1100003022	1	6	2
226	23	3	20	item103010121004	1		1	23000	1100003023	1	6	2
227	24	3	20	item103010121004	1		1	24000	1100003024	1	6	2
228	25	3	20	item103010121004	1		1	25000	1100003025	1	6	2
229	26	3	20	item103010121004	2		1	26000	1100003026	1	6	2
230	27	3	20	item103010121004	2		1	27000	1100003027	1	6	2
231	28	3	20	item103010121004	2		1	28000	1100003028	1	6	2
232	29	3	20	item103010121004	2		1	29000	1100003029	1	6	2
233	30	3	20	item103010121004	2		1	30000	1100003030	1	6	2
234	31	3	30	item103010121004	3		1	31000	1100003031	1	6	2
235	32	3	30	item103010121004	3		1	32000	1100003032	1	6	2
236	33	3	30	item103010121004	3		1	33000	1100003033	1	6	2
237	34	3	30	item103010121004	3		1	34000	1100003034	1	6	2
238	35	3	30	item103010121004	3		1	35000	1100003035	1	6	2
239	36	3	30	item103010121004	4		1	36000	1100003036	1	6	2
240	37	3	30	item103010121004	4		1	37000	1100003037	1	6	2
241	38	3	30	item103010121004	4		1	38000	1100003038	1	6	2
242	39	3	30	item103010121004	4		1	39000	1100003039	1	6	2
243	40	3	30	item103010121004	4		1	40000	1100003040	1	6	2
244	41	3	35	item103010121005	1		1	41000	1100003041	1	6	3
245	42	3	35	item103010121005	1		1	42000	1100003042	1	6	3
246	43	3	35	item103010121005	1		1	43000	1100003043	1	6	3
247	44	3	35	item103010121005	1		1	44000	1100003044	1	6	3
248	45	3	35	item103010121005	1		1	45000	1100003045	1	6	3
249	46	3	35	item103010121005	2		1	46000	1100003046	1	6	3
250	47	3	35	item103010121005	2		1	47000	1100003047	1	6	3
251	48	3	35	item103010121005	2		1	48000	1100003048	1	6	3
252	49	3	35	item103010121005	2		1	49000	1100003049	1	6	3
253	50	3	35	item103010121005	2		1	50000	1100003050	1	6	3
254	51	3	45	item103010121005	3		1	51000	1100003051	1	6	3
255	52	3	45	item103010121005	3		1	52000	1100003052	1	6	3
256	53	3	45	item103010121005	3		1	53000	1100003053	1	6	3
257	54	3	45	item103010121005	3		1	54000	1100003054	1	6	3
258	55	3	45	item103010121005	3		1	55000	1100003055	1	6	3
259	56	3	45	item103010121005	4		1	56000	1100003056	1	6	3
260	57	3	45	item103010121005	4		1	57000	1100003057	1	6	3
261	58	3	45	item103010121005	4		1	58000	1100003058	1	6	3
262	59	3	45	item103010121005	4		1	59000	1100003059	1	6	3
263	60	3	45	item103010121005	4		1	60000	1100003060	1	6	3
264	61	3	50	item103010121006	1		1	61000	1100003061	1	6	4
265	62	3	50	item103010121006	1		1	62000	1100003062	1	6	4
266	63	3	50	item103010121006	1		1	63000	1100003063	1	6	4
267	64	3	50	item103010121006	1		1	64000	1100003064	1	6	4
268	65	3	50	item103010121006	1		1	65000	1100003065	1	6	4
269	66	3	50	item103010121006	2		1	66000	1100003066	1	6	4
270	67	3	50	item103010121006	2		1	67000	1100003067	1	6	4
271	68	3	50	item103010121006	2		1	68000	1100003068	1	6	4
272	69	3	50	item103010121006	2		1	69000	1100003069	1	6	4
273	70	3	50	item103010121006	2		1	70000	1100003070	1	6	4
274	71	3	60	item103010121006	3		1	71000	1100003071	1	6	4
275	72	3	60	item103010121006	3		1	72000	1100003072	1	6	4
276	73	3	60	item103010121006	3		1	73000	1100003073	1	6	4
277	74	3	60	item103010121006	3		1	74000	1100003074	1	6	4
278	75	3	60	item103010121006	3		1	75000	1100003075	1	6	4
279	76	3	60	item103010121006	4		1	76000	1100003076	1	6	4
280	77	3	60	item103010121006	4		1	77000	1100003077	1	6	4
281	78	3	60	item103010121006	4		1	78000	1100003078	1	6	4
282	79	3	60	item103010121006	4		1	79000	1100003079	1	6	4
283	80	3	60	item103010121006	4		1	80000	1100003080	1	6	4
284	81	3	65	item103010121007	1		1	81000	1100003081	1	6	5
285	82	3	65	item103010121007	1		1	82000	1100003082	1	6	5
286	83	3	65	item103010121007	1		1	83000	1100003083	1	6	5
287	84	3	65	item103010121007	1		1	84000	1100003084	1	6	5
288	85	3	65	item103010121007	1		1	85000	1100003085	1	6	5
289	86	3	65	item103010121007	2		1	86000	1100003086	1	6	5
290	87	3	65	item103010121007	2		1	87000	1100003087	1	6	5
291	88	3	65	item103010121007	2		1	88000	1100003088	1	6	5
292	89	3	65	item103010121007	2		1	89000	1100003089	1	6	5
293	90	3	65	item103010121007	2		1	90000	1100003090	1	6	5
294	91	3	70	item103010121007	3		1	91000	1100003091	1	6	5
295	92	3	70	item103010121007	3		1	92000	1100003092	1	6	5
296	93	3	70	item103010121007	3		1	93000	1100003093	1	6	5
297	94	3	70	item103010121007	3		1	94000	1100003094	1	6	5
298	95	3	70	item103010121007	3		1	95000	1100003095	1	6	5
299	96	3	70	item103010121007	4		1	96000	1100003096	1	6	5
300	97	3	70	item103010121007	4		1	97000	1100003097	1	6	5
301	98	3	70	item103010121007	4		1	98000	1100003098	1	6	5
302	99	3	70	item103010121007	4		1	99000	1100003099	1	6	5
303	100	3	70	item103010121007	4		1	100000	1100003100	1	6	5
304	0	4	0		0		0	0		1	6	1
305	1	4	1	item103010121003	1		1	1000	1100004001	1	6	1
306	2	4	1	item103010121003	1		1	2000	1100004002	1	6	1
307	3	4	1	item103010121003	1		1	3000	1100004003	1	6	1
308	4	4	1	item103010121003	1		1	4000	1100004004	1	6	1
309	5	4	1	item103010121003	1		1	5000	1100004005	1	6	1
310	6	4	1	item103010121003	2		1	6000	1100004006	1	6	1
311	7	4	1	item103010121003	2		1	7000	1100004007	1	6	1
312	8	4	1	item103010121003	2		1	8000	1100004008	1	6	1
313	9	4	1	item103010121003	2		1	9000	1100004009	1	6	1
314	10	4	1	item103010121003	2		1	10000	1100004010	1	6	1
315	11	4	1	item103010121003	3		1	11000	1100004011	1	6	1
316	12	4	1	item103010121003	3		1	12000	1100004012	1	6	1
317	13	4	1	item103010121003	3		1	13000	1100004013	1	6	1
318	14	4	1	item103010121003	3		1	14000	1100004014	1	6	1
319	15	4	1	item103010121003	3		1	15000	1100004015	1	6	1
320	16	4	1	item103010121003	4		1	16000	1100004016	1	6	1
321	17	4	1	item103010121003	4		1	17000	1100004017	1	6	1
322	18	4	1	item103010121003	4		1	18000	1100004018	1	6	1
323	19	4	1	item103010121003	4		1	19000	1100004019	1	6	1
324	20	4	1	item103010121003	4		1	20000	1100004020	1	6	1
325	21	4	20	item103010121004	1		1	21000	1100004021	1	6	2
326	22	4	20	item103010121004	1		1	22000	1100004022	1	6	2
327	23	4	20	item103010121004	1		1	23000	1100004023	1	6	2
328	24	4	20	item103010121004	1		1	24000	1100004024	1	6	2
329	25	4	20	item103010121004	1		1	25000	1100004025	1	6	2
330	26	4	20	item103010121004	2		1	26000	1100004026	1	6	2
331	27	4	20	item103010121004	2		1	27000	1100004027	1	6	2
332	28	4	20	item103010121004	2		1	28000	1100004028	1	6	2
333	29	4	20	item103010121004	2		1	29000	1100004029	1	6	2
334	30	4	20	item103010121004	2		1	30000	1100004030	1	6	2
335	31	4	30	item103010121004	3		1	31000	1100004031	1	6	2
336	32	4	30	item103010121004	3		1	32000	1100004032	1	6	2
337	33	4	30	item103010121004	3		1	33000	1100004033	1	6	2
338	34	4	30	item103010121004	3		1	34000	1100004034	1	6	2
339	35	4	30	item103010121004	3		1	35000	1100004035	1	6	2
340	36	4	30	item103010121004	4		1	36000	1100004036	1	6	2
341	37	4	30	item103010121004	4		1	37000	1100004037	1	6	2
342	38	4	30	item103010121004	4		1	38000	1100004038	1	6	2
343	39	4	30	item103010121004	4		1	39000	1100004039	1	6	2
344	40	4	30	item103010121004	4		1	40000	1100004040	1	6	2
345	41	4	35	item103010121005	1		1	41000	1100004041	1	6	3
346	42	4	35	item103010121005	1		1	42000	1100004042	1	6	3
347	43	4	35	item103010121005	1		1	43000	1100004043	1	6	3
348	44	4	35	item103010121005	1		1	44000	1100004044	1	6	3
349	45	4	35	item103010121005	1		1	45000	1100004045	1	6	3
350	46	4	35	item103010121005	2		1	46000	1100004046	1	6	3
351	47	4	35	item103010121005	2		1	47000	1100004047	1	6	3
352	48	4	35	item103010121005	2		1	48000	1100004048	1	6	3
353	49	4	35	item103010121005	2		1	49000	1100004049	1	6	3
354	50	4	35	item103010121005	2		1	50000	1100004050	1	6	3
355	51	4	45	item103010121005	3		1	51000	1100004051	1	6	3
356	52	4	45	item103010121005	3		1	52000	1100004052	1	6	3
357	53	4	45	item103010121005	3		1	53000	1100004053	1	6	3
358	54	4	45	item103010121005	3		1	54000	1100004054	1	6	3
359	55	4	45	item103010121005	3		1	55000	1100004055	1	6	3
360	56	4	45	item103010121005	4		1	56000	1100004056	1	6	3
361	57	4	45	item103010121005	4		1	57000	1100004057	1	6	3
362	58	4	45	item103010121005	4		1	58000	1100004058	1	6	3
363	59	4	45	item103010121005	4		1	59000	1100004059	1	6	3
364	60	4	45	item103010121005	4		1	60000	1100004060	1	6	3
365	61	4	50	item103010121006	1		1	61000	1100004061	1	6	4
366	62	4	50	item103010121006	1		1	62000	1100004062	1	6	4
367	63	4	50	item103010121006	1		1	63000	1100004063	1	6	4
368	64	4	50	item103010121006	1		1	64000	1100004064	1	6	4
369	65	4	50	item103010121006	1		1	65000	1100004065	1	6	4
370	66	4	50	item103010121006	2		1	66000	1100004066	1	6	4
371	67	4	50	item103010121006	2		1	67000	1100004067	1	6	4
372	68	4	50	item103010121006	2		1	68000	1100004068	1	6	4
373	69	4	50	item103010121006	2		1	69000	1100004069	1	6	4
374	70	4	50	item103010121006	2		1	70000	1100004070	1	6	4
375	71	4	60	item103010121006	3		1	71000	1100004071	1	6	4
376	72	4	60	item103010121006	3		1	72000	1100004072	1	6	4
377	73	4	60	item103010121006	3		1	73000	1100004073	1	6	4
378	74	4	60	item103010121006	3		1	74000	1100004074	1	6	4
379	75	4	60	item103010121006	3		1	75000	1100004075	1	6	4
380	76	4	60	item103010121006	4		1	76000	1100004076	1	6	4
381	77	4	60	item103010121006	4		1	77000	1100004077	1	6	4
382	78	4	60	item103010121006	4		1	78000	1100004078	1	6	4
383	79	4	60	item103010121006	4		1	79000	1100004079	1	6	4
384	80	4	60	item103010121006	4		1	80000	1100004080	1	6	4
385	81	4	65	item103010121007	1		1	81000	1100004081	1	6	5
386	82	4	65	item103010121007	1		1	82000	1100004082	1	6	5
387	83	4	65	item103010121007	1		1	83000	1100004083	1	6	5
388	84	4	65	item103010121007	1		1	84000	1100004084	1	6	5
389	85	4	65	item103010121007	1		1	85000	1100004085	1	6	5
390	86	4	65	item103010121007	2		1	86000	1100004086	1	6	5
391	87	4	65	item103010121007	2		1	87000	1100004087	1	6	5
392	88	4	65	item103010121007	2		1	88000	1100004088	1	6	5
393	89	4	65	item103010121007	2		1	89000	1100004089	1	6	5
394	90	4	65	item103010121007	2		1	90000	1100004090	1	6	5
395	91	4	70	item103010121007	3		1	91000	1100004091	1	6	5
396	92	4	70	item103010121007	3		1	92000	1100004092	1	6	5
397	93	4	70	item103010121007	3		1	93000	1100004093	1	6	5
398	94	4	70	item103010121007	3		1	94000	1100004094	1	6	5
399	95	4	70	item103010121007	3		1	95000	1100004095	1	6	5
400	96	4	70	item103010121007	4		1	96000	1100004096	1	6	5
401	97	4	70	item103010121007	4		1	97000	1100004097	1	6	5
402	98	4	70	item103010121007	4		1	98000	1100004098	1	6	5
403	99	4	70	item103010121007	4		1	99000	1100004099	1	6	5
404	100	4	70	item103010121007	4		1	100000	1100004100	1	6	5
405	0	5	0		0		0	0		1	6	1
406	1	5	1	item103010121003	1		1	1000	1100005001	1	6	1
407	2	5	1	item103010121003	1		1	2000	1100005002	1	6	1
408	3	5	1	item103010121003	1		1	3000	1100005003	1	6	1
409	4	5	1	item103010121003	1		1	4000	1100005004	1	6	1
410	5	5	1	item103010121003	1		1	5000	1100005005	1	6	1
411	6	5	1	item103010121003	2		1	6000	1100005006	1	6	1
412	7	5	1	item103010121003	2		1	7000	1100005007	1	6	1
413	8	5	1	item103010121003	2		1	8000	1100005008	1	6	1
414	9	5	1	item103010121003	2		1	9000	1100005009	1	6	1
415	10	5	1	item103010121003	2		1	10000	1100005010	1	6	1
416	11	5	1	item103010121003	3		1	11000	1100005011	1	6	1
417	12	5	1	item103010121003	3		1	12000	1100005012	1	6	1
418	13	5	1	item103010121003	3		1	13000	1100005013	1	6	1
419	14	5	1	item103010121003	3		1	14000	1100005014	1	6	1
420	15	5	1	item103010121003	3		1	15000	1100005015	1	6	1
421	16	5	1	item103010121003	4		1	16000	1100005016	1	6	1
422	17	5	1	item103010121003	4		1	17000	1100005017	1	6	1
423	18	5	1	item103010121003	4		1	18000	1100005018	1	6	1
424	19	5	1	item103010121003	4		1	19000	1100005019	1	6	1
425	20	5	1	item103010121003	4		1	20000	1100005020	1	6	1
426	21	5	20	item103010121004	1		1	21000	1100005021	1	6	2
427	22	5	20	item103010121004	1		1	22000	1100005022	1	6	2
428	23	5	20	item103010121004	1		1	23000	1100005023	1	6	2
429	24	5	20	item103010121004	1		1	24000	1100005024	1	6	2
430	25	5	20	item103010121004	1		1	25000	1100005025	1	6	2
431	26	5	20	item103010121004	2		1	26000	1100005026	1	6	2
432	27	5	20	item103010121004	2		1	27000	1100005027	1	6	2
433	28	5	20	item103010121004	2		1	28000	1100005028	1	6	2
434	29	5	20	item103010121004	2		1	29000	1100005029	1	6	2
435	30	5	20	item103010121004	2		1	30000	1100005030	1	6	2
436	31	5	30	item103010121004	3		1	31000	1100005031	1	6	2
437	32	5	30	item103010121004	3		1	32000	1100005032	1	6	2
438	33	5	30	item103010121004	3		1	33000	1100005033	1	6	2
439	34	5	30	item103010121004	3		1	34000	1100005034	1	6	2
440	35	5	30	item103010121004	3		1	35000	1100005035	1	6	2
441	36	5	30	item103010121004	4		1	36000	1100005036	1	6	2
442	37	5	30	item103010121004	4		1	37000	1100005037	1	6	2
443	38	5	30	item103010121004	4		1	38000	1100005038	1	6	2
444	39	5	30	item103010121004	4		1	39000	1100005039	1	6	2
445	40	5	30	item103010121004	4		1	40000	1100005040	1	6	2
446	41	5	35	item103010121005	1		1	41000	1100005041	1	6	3
447	42	5	35	item103010121005	1		1	42000	1100005042	1	6	3
448	43	5	35	item103010121005	1		1	43000	1100005043	1	6	3
449	44	5	35	item103010121005	1		1	44000	1100005044	1	6	3
450	45	5	35	item103010121005	1		1	45000	1100005045	1	6	3
451	46	5	35	item103010121005	2		1	46000	1100005046	1	6	3
452	47	5	35	item103010121005	2		1	47000	1100005047	1	6	3
453	48	5	35	item103010121005	2		1	48000	1100005048	1	6	3
454	49	5	35	item103010121005	2		1	49000	1100005049	1	6	3
455	50	5	35	item103010121005	2		1	50000	1100005050	1	6	3
456	51	5	45	item103010121005	3		1	51000	1100005051	1	6	3
457	52	5	45	item103010121005	3		1	52000	1100005052	1	6	3
458	53	5	45	item103010121005	3		1	53000	1100005053	1	6	3
459	54	5	45	item103010121005	3		1	54000	1100005054	1	6	3
460	55	5	45	item103010121005	3		1	55000	1100005055	1	6	3
461	56	5	45	item103010121005	4		1	56000	1100005056	1	6	3
462	57	5	45	item103010121005	4		1	57000	1100005057	1	6	3
463	58	5	45	item103010121005	4		1	58000	1100005058	1	6	3
464	59	5	45	item103010121005	4		1	59000	1100005059	1	6	3
465	60	5	45	item103010121005	4		1	60000	1100005060	1	6	3
466	61	5	50	item103010121006	1		1	61000	1100005061	1	6	4
467	62	5	50	item103010121006	1		1	62000	1100005062	1	6	4
468	63	5	50	item103010121006	1		1	63000	1100005063	1	6	4
469	64	5	50	item103010121006	1		1	64000	1100005064	1	6	4
470	65	5	50	item103010121006	1		1	65000	1100005065	1	6	4
471	66	5	50	item103010121006	2		1	66000	1100005066	1	6	4
472	67	5	50	item103010121006	2		1	67000	1100005067	1	6	4
473	68	5	50	item103010121006	2		1	68000	1100005068	1	6	4
474	69	5	50	item103010121006	2		1	69000	1100005069	1	6	4
475	70	5	50	item103010121006	2		1	70000	1100005070	1	6	4
476	71	5	60	item103010121006	3		1	71000	1100005071	1	6	4
477	72	5	60	item103010121006	3		1	72000	1100005072	1	6	4
478	73	5	60	item103010121006	3		1	73000	1100005073	1	6	4
479	74	5	60	item103010121006	3		1	74000	1100005074	1	6	4
480	75	5	60	item103010121006	3		1	75000	1100005075	1	6	4
481	76	5	60	item103010121006	4		1	76000	1100005076	1	6	4
482	77	5	60	item103010121006	4		1	77000	1100005077	1	6	4
483	78	5	60	item103010121006	4		1	78000	1100005078	1	6	4
484	79	5	60	item103010121006	4		1	79000	1100005079	1	6	4
485	80	5	60	item103010121006	4		1	80000	1100005080	1	6	4
486	81	5	65	item103010121007	1		1	81000	1100005081	1	6	5
487	82	5	65	item103010121007	1		1	82000	1100005082	1	6	5
488	83	5	65	item103010121007	1		1	83000	1100005083	1	6	5
489	84	5	65	item103010121007	1		1	84000	1100005084	1	6	5
490	85	5	65	item103010121007	1		1	85000	1100005085	1	6	5
491	86	5	65	item103010121007	2		1	86000	1100005086	1	6	5
492	87	5	65	item103010121007	2		1	87000	1100005087	1	6	5
493	88	5	65	item103010121007	2		1	88000	1100005088	1	6	5
494	89	5	65	item103010121007	2		1	89000	1100005089	1	6	5
495	90	5	65	item103010121007	2		1	90000	1100005090	1	6	5
496	91	5	70	item103010121007	3		1	91000	1100005091	1	6	5
497	92	5	70	item103010121007	3		1	92000	1100005092	1	6	5
498	93	5	70	item103010121007	3		1	93000	1100005093	1	6	5
499	94	5	70	item103010121007	3		1	94000	1100005094	1	6	5
500	95	5	70	item103010121007	3		1	95000	1100005095	1	6	5
501	96	5	70	item103010121007	4		1	96000	1100005096	1	6	5
502	97	5	70	item103010121007	4		1	97000	1100005097	1	6	5
503	98	5	70	item103010121007	4		1	98000	1100005098	1	6	5
504	99	5	70	item103010121007	4		1	99000	1100005099	1	6	5
505	100	5	70	item103010121007	4		1	100000	1100005100	1	6	5
506	0	6	0		0		0	0		1	6	1
507	1	6	1	item103010121003	1		1	1000	1100006001	1	6	1
508	2	6	1	item103010121003	1		1	2000	1100006002	1	6	1
509	3	6	1	item103010121003	1		1	3000	1100006003	1	6	1
510	4	6	1	item103010121003	1		1	4000	1100006004	1	6	1
511	5	6	1	item103010121003	1		1	5000	1100006005	1	6	1
512	6	6	1	item103010121003	2		1	6000	1100006006	1	6	1
513	7	6	1	item103010121003	2		1	7000	1100006007	1	6	1
514	8	6	1	item103010121003	2		1	8000	1100006008	1	6	1
515	9	6	1	item103010121003	2		1	9000	1100006009	1	6	1
516	10	6	1	item103010121003	2		1	10000	1100006010	1	6	1
517	11	6	1	item103010121003	3		1	11000	1100006011	1	6	1
518	12	6	1	item103010121003	3		1	12000	1100006012	1	6	1
519	13	6	1	item103010121003	3		1	13000	1100006013	1	6	1
520	14	6	1	item103010121003	3		1	14000	1100006014	1	6	1
521	15	6	1	item103010121003	3		1	15000	1100006015	1	6	1
522	16	6	1	item103010121003	4		1	16000	1100006016	1	6	1
523	17	6	1	item103010121003	4		1	17000	1100006017	1	6	1
524	18	6	1	item103010121003	4		1	18000	1100006018	1	6	1
525	19	6	1	item103010121003	4		1	19000	1100006019	1	6	1
526	20	6	1	item103010121003	4		1	20000	1100006020	1	6	1
527	21	6	20	item103010121004	1		1	21000	1100006021	1	6	2
528	22	6	20	item103010121004	1		1	22000	1100006022	1	6	2
529	23	6	20	item103010121004	1		1	23000	1100006023	1	6	2
530	24	6	20	item103010121004	1		1	24000	1100006024	1	6	2
531	25	6	20	item103010121004	1		1	25000	1100006025	1	6	2
532	26	6	20	item103010121004	2		1	26000	1100006026	1	6	2
533	27	6	20	item103010121004	2		1	27000	1100006027	1	6	2
534	28	6	20	item103010121004	2		1	28000	1100006028	1	6	2
535	29	6	20	item103010121004	2		1	29000	1100006029	1	6	2
536	30	6	20	item103010121004	2		1	30000	1100006030	1	6	2
537	31	6	30	item103010121004	3		1	31000	1100006031	1	6	2
538	32	6	30	item103010121004	3		1	32000	1100006032	1	6	2
539	33	6	30	item103010121004	3		1	33000	1100006033	1	6	2
540	34	6	30	item103010121004	3		1	34000	1100006034	1	6	2
541	35	6	30	item103010121004	3		1	35000	1100006035	1	6	2
542	36	6	30	item103010121004	4		1	36000	1100006036	1	6	2
543	37	6	30	item103010121004	4		1	37000	1100006037	1	6	2
544	38	6	30	item103010121004	4		1	38000	1100006038	1	6	2
545	39	6	30	item103010121004	4		1	39000	1100006039	1	6	2
546	40	6	30	item103010121004	4		1	40000	1100006040	1	6	2
547	41	6	35	item103010121005	1		1	41000	1100006041	1	6	3
548	42	6	35	item103010121005	1		1	42000	1100006042	1	6	3
549	43	6	35	item103010121005	1		1	43000	1100006043	1	6	3
550	44	6	35	item103010121005	1		1	44000	1100006044	1	6	3
551	45	6	35	item103010121005	1		1	45000	1100006045	1	6	3
552	46	6	35	item103010121005	2		1	46000	1100006046	1	6	3
553	47	6	35	item103010121005	2		1	47000	1100006047	1	6	3
554	48	6	35	item103010121005	2		1	48000	1100006048	1	6	3
555	49	6	35	item103010121005	2		1	49000	1100006049	1	6	3
556	50	6	35	item103010121005	2		1	50000	1100006050	1	6	3
557	51	6	45	item103010121005	3		1	51000	1100006051	1	6	3
558	52	6	45	item103010121005	3		1	52000	1100006052	1	6	3
559	53	6	45	item103010121005	3		1	53000	1100006053	1	6	3
560	54	6	45	item103010121005	3		1	54000	1100006054	1	6	3
561	55	6	45	item103010121005	3		1	55000	1100006055	1	6	3
562	56	6	45	item103010121005	4		1	56000	1100006056	1	6	3
563	57	6	45	item103010121005	4		1	57000	1100006057	1	6	3
564	58	6	45	item103010121005	4		1	58000	1100006058	1	6	3
565	59	6	45	item103010121005	4		1	59000	1100006059	1	6	3
566	60	6	45	item103010121005	4		1	60000	1100006060	1	6	3
567	61	6	50	item103010121006	1		1	61000	1100006061	1	6	4
568	62	6	50	item103010121006	1		1	62000	1100006062	1	6	4
569	63	6	50	item103010121006	1		1	63000	1100006063	1	6	4
570	64	6	50	item103010121006	1		1	64000	1100006064	1	6	4
571	65	6	50	item103010121006	1		1	65000	1100006065	1	6	4
572	66	6	50	item103010121006	2		1	66000	1100006066	1	6	4
573	67	6	50	item103010121006	2		1	67000	1100006067	1	6	4
574	68	6	50	item103010121006	2		1	68000	1100006068	1	6	4
575	69	6	50	item103010121006	2		1	69000	1100006069	1	6	4
576	70	6	50	item103010121006	2		1	70000	1100006070	1	6	4
577	71	6	60	item103010121006	3		1	71000	1100006071	1	6	4
578	72	6	60	item103010121006	3		1	72000	1100006072	1	6	4
579	73	6	60	item103010121006	3		1	73000	1100006073	1	6	4
580	74	6	60	item103010121006	3		1	74000	1100006074	1	6	4
581	75	6	60	item103010121006	3		1	75000	1100006075	1	6	4
582	76	6	60	item103010121006	4		1	76000	1100006076	1	6	4
583	77	6	60	item103010121006	4		1	77000	1100006077	1	6	4
584	78	6	60	item103010121006	4		1	78000	1100006078	1	6	4
585	79	6	60	item103010121006	4		1	79000	1100006079	1	6	4
586	80	6	60	item103010121006	4		1	80000	1100006080	1	6	4
587	81	6	65	item103010121007	1		1	81000	1100006081	1	6	5
588	82	6	65	item103010121007	1		1	82000	1100006082	1	6	5
589	83	6	65	item103010121007	1		1	83000	1100006083	1	6	5
590	84	6	65	item103010121007	1		1	84000	1100006084	1	6	5
591	85	6	65	item103010121007	1		1	85000	1100006085	1	6	5
592	86	6	65	item103010121007	2		1	86000	1100006086	1	6	5
593	87	6	65	item103010121007	2		1	87000	1100006087	1	6	5
594	88	6	65	item103010121007	2		1	88000	1100006088	1	6	5
595	89	6	65	item103010121007	2		1	89000	1100006089	1	6	5
596	90	6	65	item103010121007	2		1	90000	1100006090	1	6	5
597	91	6	70	item103010121007	3		1	91000	1100006091	1	6	5
598	92	6	70	item103010121007	3		1	92000	1100006092	1	6	5
599	93	6	70	item103010121007	3		1	93000	1100006093	1	6	5
600	94	6	70	item103010121007	3		1	94000	1100006094	1	6	5
601	95	6	70	item103010121007	3		1	95000	1100006095	1	6	5
602	96	6	70	item103010121007	4		1	96000	1100006096	1	6	5
603	97	6	70	item103010121007	4		1	97000	1100006097	1	6	5
604	98	6	70	item103010121007	4		1	98000	1100006098	1	6	5
605	99	6	70	item103010121007	4		1	99000	1100006099	1	6	5
606	100	6	70	item103010121007	4		1	100000	1100006100	1	6	5
607	0	7	0		0		0	0		1	6	1
608	1	7	1	item103010121003	1		1	1000	1100007001	1	6	1
609	2	7	1	item103010121003	1		1	2000	1100007002	1	6	1
610	3	7	1	item103010121003	1		1	3000	1100007003	1	6	1
611	4	7	1	item103010121003	1		1	4000	1100007004	1	6	1
612	5	7	1	item103010121003	1		1	5000	1100007005	1	6	1
613	6	7	1	item103010121003	2		1	6000	1100007006	1	6	1
614	7	7	1	item103010121003	2		1	7000	1100007007	1	6	1
615	8	7	1	item103010121003	2		1	8000	1100007008	1	6	1
616	9	7	1	item103010121003	2		1	9000	1100007009	1	6	1
617	10	7	1	item103010121003	2		1	10000	1100007010	1	6	1
618	11	7	1	item103010121003	3		1	11000	1100007011	1	6	1
619	12	7	1	item103010121003	3		1	12000	1100007012	1	6	1
620	13	7	1	item103010121003	3		1	13000	1100007013	1	6	1
621	14	7	1	item103010121003	3		1	14000	1100007014	1	6	1
622	15	7	1	item103010121003	3		1	15000	1100007015	1	6	1
623	16	7	1	item103010121003	4		1	16000	1100007016	1	6	1
624	17	7	1	item103010121003	4		1	17000	1100007017	1	6	1
625	18	7	1	item103010121003	4		1	18000	1100007018	1	6	1
626	19	7	1	item103010121003	4		1	19000	1100007019	1	6	1
627	20	7	1	item103010121003	4		1	20000	1100007020	1	6	1
628	21	7	20	item103010121004	1		1	21000	1100007021	1	6	2
629	22	7	20	item103010121004	1		1	22000	1100007022	1	6	2
630	23	7	20	item103010121004	1		1	23000	1100007023	1	6	2
631	24	7	20	item103010121004	1		1	24000	1100007024	1	6	2
632	25	7	20	item103010121004	1		1	25000	1100007025	1	6	2
633	26	7	20	item103010121004	2		1	26000	1100007026	1	6	2
634	27	7	20	item103010121004	2		1	27000	1100007027	1	6	2
635	28	7	20	item103010121004	2		1	28000	1100007028	1	6	2
636	29	7	20	item103010121004	2		1	29000	1100007029	1	6	2
637	30	7	20	item103010121004	2		1	30000	1100007030	1	6	2
638	31	7	30	item103010121004	3		1	31000	1100007031	1	6	2
639	32	7	30	item103010121004	3		1	32000	1100007032	1	6	2
640	33	7	30	item103010121004	3		1	33000	1100007033	1	6	2
641	34	7	30	item103010121004	3		1	34000	1100007034	1	6	2
642	35	7	30	item103010121004	3		1	35000	1100007035	1	6	2
643	36	7	30	item103010121004	4		1	36000	1100007036	1	6	2
644	37	7	30	item103010121004	4		1	37000	1100007037	1	6	2
645	38	7	30	item103010121004	4		1	38000	1100007038	1	6	2
646	39	7	30	item103010121004	4		1	39000	1100007039	1	6	2
647	40	7	30	item103010121004	4		1	40000	1100007040	1	6	2
648	41	7	35	item103010121005	1		1	41000	1100007041	1	6	3
649	42	7	35	item103010121005	1		1	42000	1100007042	1	6	3
650	43	7	35	item103010121005	1		1	43000	1100007043	1	6	3
651	44	7	35	item103010121005	1		1	44000	1100007044	1	6	3
652	45	7	35	item103010121005	1		1	45000	1100007045	1	6	3
653	46	7	35	item103010121005	2		1	46000	1100007046	1	6	3
654	47	7	35	item103010121005	2		1	47000	1100007047	1	6	3
655	48	7	35	item103010121005	2		1	48000	1100007048	1	6	3
656	49	7	35	item103010121005	2		1	49000	1100007049	1	6	3
657	50	7	35	item103010121005	2		1	50000	1100007050	1	6	3
658	51	7	45	item103010121005	3		1	51000	1100007051	1	6	3
659	52	7	45	item103010121005	3		1	52000	1100007052	1	6	3
660	53	7	45	item103010121005	3		1	53000	1100007053	1	6	3
661	54	7	45	item103010121005	3		1	54000	1100007054	1	6	3
662	55	7	45	item103010121005	3		1	55000	1100007055	1	6	3
663	56	7	45	item103010121005	4		1	56000	1100007056	1	6	3
664	57	7	45	item103010121005	4		1	57000	1100007057	1	6	3
665	58	7	45	item103010121005	4		1	58000	1100007058	1	6	3
666	59	7	45	item103010121005	4		1	59000	1100007059	1	6	3
667	60	7	45	item103010121005	4		1	60000	1100007060	1	6	3
668	61	7	50	item103010121006	1		1	61000	1100007061	1	6	4
669	62	7	50	item103010121006	1		1	62000	1100007062	1	6	4
670	63	7	50	item103010121006	1		1	63000	1100007063	1	6	4
671	64	7	50	item103010121006	1		1	64000	1100007064	1	6	4
672	65	7	50	item103010121006	1		1	65000	1100007065	1	6	4
673	66	7	50	item103010121006	2		1	66000	1100007066	1	6	4
674	67	7	50	item103010121006	2		1	67000	1100007067	1	6	4
675	68	7	50	item103010121006	2		1	68000	1100007068	1	6	4
676	69	7	50	item103010121006	2		1	69000	1100007069	1	6	4
677	70	7	50	item103010121006	2		1	70000	1100007070	1	6	4
678	71	7	60	item103010121006	3		1	71000	1100007071	1	6	4
679	72	7	60	item103010121006	3		1	72000	1100007072	1	6	4
680	73	7	60	item103010121006	3		1	73000	1100007073	1	6	4
681	74	7	60	item103010121006	3		1	74000	1100007074	1	6	4
682	75	7	60	item103010121006	3		1	75000	1100007075	1	6	4
683	76	7	60	item103010121006	4		1	76000	1100007076	1	6	4
684	77	7	60	item103010121006	4		1	77000	1100007077	1	6	4
685	78	7	60	item103010121006	4		1	78000	1100007078	1	6	4
686	79	7	60	item103010121006	4		1	79000	1100007079	1	6	4
687	80	7	60	item103010121006	4		1	80000	1100007080	1	6	4
688	81	7	65	item103010121007	1		1	81000	1100007081	1	6	5
689	82	7	65	item103010121007	1		1	82000	1100007082	1	6	5
690	83	7	65	item103010121007	1		1	83000	1100007083	1	6	5
691	84	7	65	item103010121007	1		1	84000	1100007084	1	6	5
692	85	7	65	item103010121007	1		1	85000	1100007085	1	6	5
693	86	7	65	item103010121007	2		1	86000	1100007086	1	6	5
694	87	7	65	item103010121007	2		1	87000	1100007087	1	6	5
695	88	7	65	item103010121007	2		1	88000	1100007088	1	6	5
696	89	7	65	item103010121007	2		1	89000	1100007089	1	6	5
697	90	7	65	item103010121007	2		1	90000	1100007090	1	6	5
698	91	7	70	item103010121007	3		1	91000	1100007091	1	6	5
699	92	7	70	item103010121007	3		1	92000	1100007092	1	6	5
700	93	7	70	item103010121007	3		1	93000	1100007093	1	6	5
701	94	7	70	item103010121007	3		1	94000	1100007094	1	6	5
702	95	7	70	item103010121007	3		1	95000	1100007095	1	6	5
703	96	7	70	item103010121007	4		1	96000	1100007096	1	6	5
704	97	7	70	item103010121007	4		1	97000	1100007097	1	6	5
705	98	7	70	item103010121007	4		1	98000	1100007098	1	6	5
706	99	7	70	item103010121007	4		1	99000	1100007099	1	6	5
707	100	7	70	item103010121007	4		1	100000	1100007100	1	6	5
708	0	8	0		0		0	0		1	6	1
709	1	8	1	item103010121003	1		1	1000	1100008001	1	6	1
710	2	8	1	item103010121003	1		1	2000	1100008002	1	6	1
711	3	8	1	item103010121003	1		1	3000	1100008003	1	6	1
712	4	8	1	item103010121003	1		1	4000	1100008004	1	6	1
713	5	8	1	item103010121003	1		1	5000	1100008005	1	6	1
714	6	8	1	item103010121003	2		1	6000	1100008006	1	6	1
715	7	8	1	item103010121003	2		1	7000	1100008007	1	6	1
716	8	8	1	item103010121003	2		1	8000	1100008008	1	6	1
717	9	8	1	item103010121003	2		1	9000	1100008009	1	6	1
718	10	8	1	item103010121003	2		1	10000	1100008010	1	6	1
719	11	8	1	item103010121003	3		1	11000	1100008011	1	6	1
720	12	8	1	item103010121003	3		1	12000	1100008012	1	6	1
721	13	8	1	item103010121003	3		1	13000	1100008013	1	6	1
722	14	8	1	item103010121003	3		1	14000	1100008014	1	6	1
723	15	8	1	item103010121003	3		1	15000	1100008015	1	6	1
724	16	8	1	item103010121003	4		1	16000	1100008016	1	6	1
725	17	8	1	item103010121003	4		1	17000	1100008017	1	6	1
726	18	8	1	item103010121003	4		1	18000	1100008018	1	6	1
727	19	8	1	item103010121003	4		1	19000	1100008019	1	6	1
728	20	8	1	item103010121003	4		1	20000	1100008020	1	6	1
729	21	8	20	item103010121004	1		1	21000	1100008021	1	6	2
730	22	8	20	item103010121004	1		1	22000	1100008022	1	6	2
731	23	8	20	item103010121004	1		1	23000	1100008023	1	6	2
732	24	8	20	item103010121004	1		1	24000	1100008024	1	6	2
733	25	8	20	item103010121004	1		1	25000	1100008025	1	6	2
734	26	8	20	item103010121004	2		1	26000	1100008026	1	6	2
735	27	8	20	item103010121004	2		1	27000	1100008027	1	6	2
736	28	8	20	item103010121004	2		1	28000	1100008028	1	6	2
737	29	8	20	item103010121004	2		1	29000	1100008029	1	6	2
738	30	8	20	item103010121004	2		1	30000	1100008030	1	6	2
739	31	8	30	item103010121004	3		1	31000	1100008031	1	6	2
740	32	8	30	item103010121004	3		1	32000	1100008032	1	6	2
741	33	8	30	item103010121004	3		1	33000	1100008033	1	6	2
742	34	8	30	item103010121004	3		1	34000	1100008034	1	6	2
743	35	8	30	item103010121004	3		1	35000	1100008035	1	6	2
744	36	8	30	item103010121004	4		1	36000	1100008036	1	6	2
745	37	8	30	item103010121004	4		1	37000	1100008037	1	6	2
746	38	8	30	item103010121004	4		1	38000	1100008038	1	6	2
747	39	8	30	item103010121004	4		1	39000	1100008039	1	6	2
748	40	8	30	item103010121004	4		1	40000	1100008040	1	6	2
749	41	8	35	item103010121005	1		1	41000	1100008041	1	6	3
750	42	8	35	item103010121005	1		1	42000	1100008042	1	6	3
751	43	8	35	item103010121005	1		1	43000	1100008043	1	6	3
752	44	8	35	item103010121005	1		1	44000	1100008044	1	6	3
753	45	8	35	item103010121005	1		1	45000	1100008045	1	6	3
754	46	8	35	item103010121005	2		1	46000	1100008046	1	6	3
755	47	8	35	item103010121005	2		1	47000	1100008047	1	6	3
756	48	8	35	item103010121005	2		1	48000	1100008048	1	6	3
757	49	8	35	item103010121005	2		1	49000	1100008049	1	6	3
758	50	8	35	item103010121005	2		1	50000	1100008050	1	6	3
759	51	8	45	item103010121005	3		1	51000	1100008051	1	6	3
760	52	8	45	item103010121005	3		1	52000	1100008052	1	6	3
761	53	8	45	item103010121005	3		1	53000	1100008053	1	6	3
762	54	8	45	item103010121005	3		1	54000	1100008054	1	6	3
763	55	8	45	item103010121005	3		1	55000	1100008055	1	6	3
764	56	8	45	item103010121005	4		1	56000	1100008056	1	6	3
765	57	8	45	item103010121005	4		1	57000	1100008057	1	6	3
766	58	8	45	item103010121005	4		1	58000	1100008058	1	6	3
767	59	8	45	item103010121005	4		1	59000	1100008059	1	6	3
768	60	8	45	item103010121005	4		1	60000	1100008060	1	6	3
769	61	8	50	item103010121006	1		1	61000	1100008061	1	6	4
770	62	8	50	item103010121006	1		1	62000	1100008062	1	6	4
771	63	8	50	item103010121006	1		1	63000	1100008063	1	6	4
772	64	8	50	item103010121006	1		1	64000	1100008064	1	6	4
773	65	8	50	item103010121006	1		1	65000	1100008065	1	6	4
774	66	8	50	item103010121006	2		1	66000	1100008066	1	6	4
775	67	8	50	item103010121006	2		1	67000	1100008067	1	6	4
776	68	8	50	item103010121006	2		1	68000	1100008068	1	6	4
777	69	8	50	item103010121006	2		1	69000	1100008069	1	6	4
778	70	8	50	item103010121006	2		1	70000	1100008070	1	6	4
779	71	8	60	item103010121006	3		1	71000	1100008071	1	6	4
780	72	8	60	item103010121006	3		1	72000	1100008072	1	6	4
781	73	8	60	item103010121006	3		1	73000	1100008073	1	6	4
782	74	8	60	item103010121006	3		1	74000	1100008074	1	6	4
783	75	8	60	item103010121006	3		1	75000	1100008075	1	6	4
784	76	8	60	item103010121006	4		1	76000	1100008076	1	6	4
785	77	8	60	item103010121006	4		1	77000	1100008077	1	6	4
786	78	8	60	item103010121006	4		1	78000	1100008078	1	6	4
787	79	8	60	item103010121006	4		1	79000	1100008079	1	6	4
788	80	8	60	item103010121006	4		1	80000	1100008080	1	6	4
789	81	8	65	item103010121007	1		1	81000	1100008081	1	6	5
790	82	8	65	item103010121007	1		1	82000	1100008082	1	6	5
791	83	8	65	item103010121007	1		1	83000	1100008083	1	6	5
792	84	8	65	item103010121007	1		1	84000	1100008084	1	6	5
793	85	8	65	item103010121007	1		1	85000	1100008085	1	6	5
794	86	8	65	item103010121007	2		1	86000	1100008086	1	6	5
795	87	8	65	item103010121007	2		1	87000	1100008087	1	6	5
796	88	8	65	item103010121007	2		1	88000	1100008088	1	6	5
797	89	8	65	item103010121007	2		1	89000	1100008089	1	6	5
798	90	8	65	item103010121007	2		1	90000	1100008090	1	6	5
799	91	8	70	item103010121007	3		1	91000	1100008091	1	6	5
800	92	8	70	item103010121007	3		1	92000	1100008092	1	6	5
801	93	8	70	item103010121007	3		1	93000	1100008093	1	6	5
802	94	8	70	item103010121007	3		1	94000	1100008094	1	6	5
803	95	8	70	item103010121007	3		1	95000	1100008095	1	6	5
804	96	8	70	item103010121007	4		1	96000	1100008096	1	6	5
805	97	8	70	item103010121007	4		1	97000	1100008097	1	6	5
806	98	8	70	item103010121007	4		1	98000	1100008098	1	6	5
807	99	8	70	item103010121007	4		1	99000	1100008099	1	6	5
808	100	8	70	item103010121007	4		1	100000	1100008100	1	6	5
809	0	9	0		0		0	0		1	6	1
810	1	9	1	item103010121003	1		1	1000	1100009001	1	6	1
811	2	9	1	item103010121003	1		1	2000	1100009002	1	6	1
812	3	9	1	item103010121003	1		1	3000	1100009003	1	6	1
813	4	9	1	item103010121003	1		1	4000	1100009004	1	6	1
814	5	9	1	item103010121003	1		1	5000	1100009005	1	6	1
815	6	9	1	item103010121003	2		1	6000	1100009006	1	6	1
816	7	9	1	item103010121003	2		1	7000	1100009007	1	6	1
817	8	9	1	item103010121003	2		1	8000	1100009008	1	6	1
818	9	9	1	item103010121003	2		1	9000	1100009009	1	6	1
819	10	9	1	item103010121003	2		1	10000	1100009010	1	6	1
820	11	9	1	item103010121003	3		1	11000	1100009011	1	6	1
821	12	9	1	item103010121003	3		1	12000	1100009012	1	6	1
822	13	9	1	item103010121003	3		1	13000	1100009013	1	6	1
823	14	9	1	item103010121003	3		1	14000	1100009014	1	6	1
824	15	9	1	item103010121003	3		1	15000	1100009015	1	6	1
825	16	9	1	item103010121003	4		1	16000	1100009016	1	6	1
826	17	9	1	item103010121003	4		1	17000	1100009017	1	6	1
827	18	9	1	item103010121003	4		1	18000	1100009018	1	6	1
828	19	9	1	item103010121003	4		1	19000	1100009019	1	6	1
829	20	9	1	item103010121003	4		1	20000	1100009020	1	6	1
830	21	9	20	item103010121004	1		1	21000	1100009021	1	6	2
831	22	9	20	item103010121004	1		1	22000	1100009022	1	6	2
832	23	9	20	item103010121004	1		1	23000	1100009023	1	6	2
833	24	9	20	item103010121004	1		1	24000	1100009024	1	6	2
834	25	9	20	item103010121004	1		1	25000	1100009025	1	6	2
835	26	9	20	item103010121004	2		1	26000	1100009026	1	6	2
836	27	9	20	item103010121004	2		1	27000	1100009027	1	6	2
837	28	9	20	item103010121004	2		1	28000	1100009028	1	6	2
838	29	9	20	item103010121004	2		1	29000	1100009029	1	6	2
839	30	9	20	item103010121004	2		1	30000	1100009030	1	6	2
840	31	9	30	item103010121004	3		1	31000	1100009031	1	6	2
841	32	9	30	item103010121004	3		1	32000	1100009032	1	6	2
842	33	9	30	item103010121004	3		1	33000	1100009033	1	6	2
843	34	9	30	item103010121004	3		1	34000	1100009034	1	6	2
844	35	9	30	item103010121004	3		1	35000	1100009035	1	6	2
845	36	9	30	item103010121004	4		1	36000	1100009036	1	6	2
846	37	9	30	item103010121004	4		1	37000	1100009037	1	6	2
847	38	9	30	item103010121004	4		1	38000	1100009038	1	6	2
848	39	9	30	item103010121004	4		1	39000	1100009039	1	6	2
849	40	9	30	item103010121004	4		1	40000	1100009040	1	6	2
850	41	9	35	item103010121005	1		1	41000	1100009041	1	6	3
851	42	9	35	item103010121005	1		1	42000	1100009042	1	6	3
852	43	9	35	item103010121005	1		1	43000	1100009043	1	6	3
853	44	9	35	item103010121005	1		1	44000	1100009044	1	6	3
854	45	9	35	item103010121005	1		1	45000	1100009045	1	6	3
855	46	9	35	item103010121005	2		1	46000	1100009046	1	6	3
856	47	9	35	item103010121005	2		1	47000	1100009047	1	6	3
857	48	9	35	item103010121005	2		1	48000	1100009048	1	6	3
858	49	9	35	item103010121005	2		1	49000	1100009049	1	6	3
859	50	9	35	item103010121005	2		1	50000	1100009050	1	6	3
860	51	9	45	item103010121005	3		1	51000	1100009051	1	6	3
861	52	9	45	item103010121005	3		1	52000	1100009052	1	6	3
862	53	9	45	item103010121005	3		1	53000	1100009053	1	6	3
863	54	9	45	item103010121005	3		1	54000	1100009054	1	6	3
864	55	9	45	item103010121005	3		1	55000	1100009055	1	6	3
865	56	9	45	item103010121005	4		1	56000	1100009056	1	6	3
866	57	9	45	item103010121005	4		1	57000	1100009057	1	6	3
867	58	9	45	item103010121005	4		1	58000	1100009058	1	6	3
868	59	9	45	item103010121005	4		1	59000	1100009059	1	6	3
869	60	9	45	item103010121005	4		1	60000	1100009060	1	6	3
870	61	9	50	item103010121006	1		1	61000	1100009061	1	6	4
871	62	9	50	item103010121006	1		1	62000	1100009062	1	6	4
872	63	9	50	item103010121006	1		1	63000	1100009063	1	6	4
873	64	9	50	item103010121006	1		1	64000	1100009064	1	6	4
874	65	9	50	item103010121006	1		1	65000	1100009065	1	6	4
875	66	9	50	item103010121006	2		1	66000	1100009066	1	6	4
876	67	9	50	item103010121006	2		1	67000	1100009067	1	6	4
877	68	9	50	item103010121006	2		1	68000	1100009068	1	6	4
878	69	9	50	item103010121006	2		1	69000	1100009069	1	6	4
879	70	9	50	item103010121006	2		1	70000	1100009070	1	6	4
880	71	9	60	item103010121006	3		1	71000	1100009071	1	6	4
881	72	9	60	item103010121006	3		1	72000	1100009072	1	6	4
882	73	9	60	item103010121006	3		1	73000	1100009073	1	6	4
883	74	9	60	item103010121006	3		1	74000	1100009074	1	6	4
884	75	9	60	item103010121006	3		1	75000	1100009075	1	6	4
885	76	9	60	item103010121006	4		1	76000	1100009076	1	6	4
886	77	9	60	item103010121006	4		1	77000	1100009077	1	6	4
887	78	9	60	item103010121006	4		1	78000	1100009078	1	6	4
888	79	9	60	item103010121006	4		1	79000	1100009079	1	6	4
889	80	9	60	item103010121006	4		1	80000	1100009080	1	6	4
890	81	9	65	item103010121007	1		1	81000	1100009081	1	6	5
891	82	9	65	item103010121007	1		1	82000	1100009082	1	6	5
892	83	9	65	item103010121007	1		1	83000	1100009083	1	6	5
893	84	9	65	item103010121007	1		1	84000	1100009084	1	6	5
894	85	9	65	item103010121007	1		1	85000	1100009085	1	6	5
895	86	9	65	item103010121007	2		1	86000	1100009086	1	6	5
896	87	9	65	item103010121007	2		1	87000	1100009087	1	6	5
897	88	9	65	item103010121007	2		1	88000	1100009088	1	6	5
898	89	9	65	item103010121007	2		1	89000	1100009089	1	6	5
899	90	9	65	item103010121007	2		1	90000	1100009090	1	6	5
900	91	9	70	item103010121007	3		1	91000	1100009091	1	6	5
901	92	9	70	item103010121007	3		1	92000	1100009092	1	6	5
902	93	9	70	item103010121007	3		1	93000	1100009093	1	6	5
903	94	9	70	item103010121007	3		1	94000	1100009094	1	6	5
904	95	9	70	item103010121007	3		1	95000	1100009095	1	6	5
905	96	9	70	item103010121007	4		1	96000	1100009096	1	6	5
906	97	9	70	item103010121007	4		1	97000	1100009097	1	6	5
907	98	9	70	item103010121007	4		1	98000	1100009098	1	6	5
908	99	9	70	item103010121007	4		1	99000	1100009099	1	6	5
909	100	9	70	item103010121007	4		1	100000	1100009100	1	6	5
910	0	10	0		0		0	0		1	6	1
911	1	10	1	item103010121003	1		1	1000	1100010001	1	6	1
912	2	10	1	item103010121003	1		1	2000	1100010002	1	6	1
913	3	10	1	item103010121003	1		1	3000	1100010003	1	6	1
914	4	10	1	item103010121003	1		1	4000	1100010004	1	6	1
915	5	10	1	item103010121003	1		1	5000	1100010005	1	6	1
916	6	10	1	item103010121003	2		1	6000	1100010006	1	6	1
917	7	10	1	item103010121003	2		1	7000	1100010007	1	6	1
918	8	10	1	item103010121003	2		1	8000	1100010008	1	6	1
919	9	10	1	item103010121003	2		1	9000	1100010009	1	6	1
920	10	10	1	item103010121003	2		1	10000	1100010010	1	6	1
921	11	10	1	item103010121003	3		1	11000	1100010011	1	6	1
922	12	10	1	item103010121003	3		1	12000	1100010012	1	6	1
923	13	10	1	item103010121003	3		1	13000	1100010013	1	6	1
924	14	10	1	item103010121003	3		1	14000	1100010014	1	6	1
925	15	10	1	item103010121003	3		1	15000	1100010015	1	6	1
926	16	10	1	item103010121003	4		1	16000	1100010016	1	6	1
927	17	10	1	item103010121003	4		1	17000	1100010017	1	6	1
928	18	10	1	item103010121003	4		1	18000	1100010018	1	6	1
929	19	10	1	item103010121003	4		1	19000	1100010019	1	6	1
930	20	10	1	item103010121003	4		1	20000	1100010020	1	6	1
931	21	10	20	item103010121004	1		1	21000	1100010021	1	6	2
932	22	10	20	item103010121004	1		1	22000	1100010022	1	6	2
933	23	10	20	item103010121004	1		1	23000	1100010023	1	6	2
934	24	10	20	item103010121004	1		1	24000	1100010024	1	6	2
935	25	10	20	item103010121004	1		1	25000	1100010025	1	6	2
936	26	10	20	item103010121004	2		1	26000	1100010026	1	6	2
937	27	10	20	item103010121004	2		1	27000	1100010027	1	6	2
938	28	10	20	item103010121004	2		1	28000	1100010028	1	6	2
939	29	10	20	item103010121004	2		1	29000	1100010029	1	6	2
940	30	10	20	item103010121004	2		1	30000	1100010030	1	6	2
941	31	10	30	item103010121004	3		1	31000	1100010031	1	6	2
942	32	10	30	item103010121004	3		1	32000	1100010032	1	6	2
943	33	10	30	item103010121004	3		1	33000	1100010033	1	6	2
944	34	10	30	item103010121004	3		1	34000	1100010034	1	6	2
945	35	10	30	item103010121004	3		1	35000	1100010035	1	6	2
946	36	10	30	item103010121004	4		1	36000	1100010036	1	6	2
947	37	10	30	item103010121004	4		1	37000	1100010037	1	6	2
948	38	10	30	item103010121004	4		1	38000	1100010038	1	6	2
949	39	10	30	item103010121004	4		1	39000	1100010039	1	6	2
950	40	10	30	item103010121004	4		1	40000	1100010040	1	6	2
951	41	10	35	item103010121005	1		1	41000	1100010041	1	6	3
952	42	10	35	item103010121005	1		1	42000	1100010042	1	6	3
953	43	10	35	item103010121005	1		1	43000	1100010043	1	6	3
954	44	10	35	item103010121005	1		1	44000	1100010044	1	6	3
955	45	10	35	item103010121005	1		1	45000	1100010045	1	6	3
956	46	10	35	item103010121005	2		1	46000	1100010046	1	6	3
957	47	10	35	item103010121005	2		1	47000	1100010047	1	6	3
958	48	10	35	item103010121005	2		1	48000	1100010048	1	6	3
959	49	10	35	item103010121005	2		1	49000	1100010049	1	6	3
960	50	10	35	item103010121005	2		1	50000	1100010050	1	6	3
961	51	10	45	item103010121005	3		1	51000	1100010051	1	6	3
962	52	10	45	item103010121005	3		1	52000	1100010052	1	6	3
963	53	10	45	item103010121005	3		1	53000	1100010053	1	6	3
964	54	10	45	item103010121005	3		1	54000	1100010054	1	6	3
965	55	10	45	item103010121005	3		1	55000	1100010055	1	6	3
966	56	10	45	item103010121005	4		1	56000	1100010056	1	6	3
967	57	10	45	item103010121005	4		1	57000	1100010057	1	6	3
968	58	10	45	item103010121005	4		1	58000	1100010058	1	6	3
969	59	10	45	item103010121005	4		1	59000	1100010059	1	6	3
970	60	10	45	item103010121005	4		1	60000	1100010060	1	6	3
971	61	10	50	item103010121006	1		1	61000	1100010061	1	6	4
972	62	10	50	item103010121006	1		1	62000	1100010062	1	6	4
973	63	10	50	item103010121006	1		1	63000	1100010063	1	6	4
974	64	10	50	item103010121006	1		1	64000	1100010064	1	6	4
975	65	10	50	item103010121006	1		1	65000	1100010065	1	6	4
976	66	10	50	item103010121006	2		1	66000	1100010066	1	6	4
977	67	10	50	item103010121006	2		1	67000	1100010067	1	6	4
978	68	10	50	item103010121006	2		1	68000	1100010068	1	6	4
979	69	10	50	item103010121006	2		1	69000	1100010069	1	6	4
980	70	10	50	item103010121006	2		1	70000	1100010070	1	6	4
981	71	10	60	item103010121006	3		1	71000	1100010071	1	6	4
982	72	10	60	item103010121006	3		1	72000	1100010072	1	6	4
983	73	10	60	item103010121006	3		1	73000	1100010073	1	6	4
984	74	10	60	item103010121006	3		1	74000	1100010074	1	6	4
985	75	10	60	item103010121006	3		1	75000	1100010075	1	6	4
986	76	10	60	item103010121006	4		1	76000	1100010076	1	6	4
987	77	10	60	item103010121006	4		1	77000	1100010077	1	6	4
988	78	10	60	item103010121006	4		1	78000	1100010078	1	6	4
989	79	10	60	item103010121006	4		1	79000	1100010079	1	6	4
990	80	10	60	item103010121006	4		1	80000	1100010080	1	6	4
991	81	10	65	item103010121007	1		1	81000	1100010081	1	6	5
992	82	10	65	item103010121007	1		1	82000	1100010082	1	6	5
993	83	10	65	item103010121007	1		1	83000	1100010083	1	6	5
994	84	10	65	item103010121007	1		1	84000	1100010084	1	6	5
995	85	10	65	item103010121007	1		1	85000	1100010085	1	6	5
996	86	10	65	item103010121007	2		1	86000	1100010086	1	6	5
997	87	10	65	item103010121007	2		1	87000	1100010087	1	6	5
998	88	10	65	item103010121007	2		1	88000	1100010088	1	6	5
999	89	10	65	item103010121007	2		1	89000	1100010089	1	6	5
1000	90	10	65	item103010121007	2		1	90000	1100010090	1	6	5
1001	91	10	70	item103010121007	3		1	91000	1100010091	1	6	5
1002	92	10	70	item103010121007	3		1	92000	1100010092	1	6	5
1003	93	10	70	item103010121007	3		1	93000	1100010093	1	6	5
1004	94	10	70	item103010121007	3		1	94000	1100010094	1	6	5
1005	95	10	70	item103010121007	3		1	95000	1100010095	1	6	5
1006	96	10	70	item103010121007	4		1	96000	1100010096	1	6	5
1007	97	10	70	item103010121007	4		1	97000	1100010097	1	6	5
1008	98	10	70	item103010121007	4		1	98000	1100010098	1	6	5
1009	99	10	70	item103010121007	4		1	99000	1100010099	1	6	5
1010	100	10	70	item103010121007	4		1	100000	1100010100	1	6	5
1011	101	1	75	item103010121007	1	item103010121008,1	1	110000	1100001101	1	6	6
1012	102	1	75	item103010121007	1	item103010121008,1	1	120000	1100001102	1	6	6
1013	103	1	75	item103010121007	1	item103010121008,1	1	130000	1100001103	1	6	6
1014	104	1	75	item103010121007	1	item103010121008,1	1	140000	1100001104	1	6	6
1015	105	1	75	item103010121007	1	item103010121008,1	1	150000	1100001105	1	6	6
1016	106	1	75	item103010121007	2	item103010121008,1	1	160000	1100001106	1	6	6
1017	107	1	75	item103010121007	2	item103010121008,1	1	170000	1100001107	1	6	6
1018	108	1	75	item103010121007	2	item103010121008,1	1	180000	1100001108	1	6	6
1019	109	1	75	item103010121007	2	item103010121008,1	1	190000	1100001109	1	6	6
1020	110	1	75	item103010121007	2	item103010121008,1	1	200000	1100001110	1	6	6
1021	111	1	75	item103010121007	3	item103010121008,2	1	210000	1100001111	1	6	6
1022	112	1	75	item103010121007	3	item103010121008,2	1	220000	1100001112	1	6	6
1023	113	1	75	item103010121007	3	item103010121008,2	1	230000	1100001113	1	6	6
1024	114	1	75	item103010121007	3	item103010121008,2	1	240000	1100001114	1	6	6
1025	115	1	75	item103010121007	3	item103010121008,2	1	250000	1100001115	1	6	6
1026	116	1	75	item103010121007	4	item103010121008,2	1	260000	1100001116	1	6	6
1027	117	1	75	item103010121007	4	item103010121008,2	1	270000	1100001117	1	6	6
1028	118	1	75	item103010121007	4	item103010121008,2	1	280000	1100001118	1	6	6
1029	119	1	75	item103010121007	4	item103010121008,2	1	290000	1100001119	1	6	6
1030	120	1	75	item103010121007	4	item103010121008,2	1	300000	1100001120	1	6	6
1031	101	2	75	item103010121007	1	item103010121008,1	1	110000	1100002101	1	6	6
1032	102	2	75	item103010121007	1	item103010121008,1	1	120000	1100002102	1	6	6
1033	103	2	75	item103010121007	1	item103010121008,1	1	130000	1100002103	1	6	6
1034	104	2	75	item103010121007	1	item103010121008,1	1	140000	1100002104	1	6	6
1035	105	2	75	item103010121007	1	item103010121008,1	1	150000	1100002105	1	6	6
1036	106	2	75	item103010121007	2	item103010121008,1	1	160000	1100002106	1	6	6
1037	107	2	75	item103010121007	2	item103010121008,1	1	170000	1100002107	1	6	6
1038	108	2	75	item103010121007	2	item103010121008,1	1	180000	1100002108	1	6	6
1039	109	2	75	item103010121007	2	item103010121008,1	1	190000	1100002109	1	6	6
1040	110	2	75	item103010121007	2	item103010121008,1	1	200000	1100002110	1	6	6
1041	111	2	75	item103010121007	3	item103010121008,2	1	210000	1100002111	1	6	6
1042	112	2	75	item103010121007	3	item103010121008,2	1	220000	1100002112	1	6	6
1043	113	2	75	item103010121007	3	item103010121008,2	1	230000	1100002113	1	6	6
1044	114	2	75	item103010121007	3	item103010121008,2	1	240000	1100002114	1	6	6
1045	115	2	75	item103010121007	3	item103010121008,2	1	250000	1100002115	1	6	6
1046	116	2	75	item103010121007	4	item103010121008,2	1	260000	1100002116	1	6	6
1047	117	2	75	item103010121007	4	item103010121008,2	1	270000	1100002117	1	6	6
1048	118	2	75	item103010121007	4	item103010121008,2	1	280000	1100002118	1	6	6
1049	119	2	75	item103010121007	4	item103010121008,2	1	290000	1100002119	1	6	6
1050	120	2	75	item103010121007	4	item103010121008,2	1	300000	1100002120	1	6	6
1051	101	3	75	item103010121007	1	item103010121008,1	1	110000	1100003101	1	6	6
1052	102	3	75	item103010121007	1	item103010121008,1	1	120000	1100003102	1	6	6
1053	103	3	75	item103010121007	1	item103010121008,1	1	130000	1100003103	1	6	6
1054	104	3	75	item103010121007	1	item103010121008,1	1	140000	1100003104	1	6	6
1055	105	3	75	item103010121007	1	item103010121008,1	1	150000	1100003105	1	6	6
1056	106	3	75	item103010121007	2	item103010121008,1	1	160000	1100003106	1	6	6
1057	107	3	75	item103010121007	2	item103010121008,1	1	170000	1100003107	1	6	6
1058	108	3	75	item103010121007	2	item103010121008,1	1	180000	1100003108	1	6	6
1059	109	3	75	item103010121007	2	item103010121008,1	1	190000	1100003109	1	6	6
1060	110	3	75	item103010121007	2	item103010121008,1	1	200000	1100003110	1	6	6
1061	111	3	75	item103010121007	3	item103010121008,2	1	210000	1100003111	1	6	6
1062	112	3	75	item103010121007	3	item103010121008,2	1	220000	1100003112	1	6	6
1063	113	3	75	item103010121007	3	item103010121008,2	1	230000	1100003113	1	6	6
1064	114	3	75	item103010121007	3	item103010121008,2	1	240000	1100003114	1	6	6
1065	115	3	75	item103010121007	3	item103010121008,2	1	250000	1100003115	1	6	6
1066	116	3	75	item103010121007	4	item103010121008,2	1	260000	1100003116	1	6	6
1067	117	3	75	item103010121007	4	item103010121008,2	1	270000	1100003117	1	6	6
1068	118	3	75	item103010121007	4	item103010121008,2	1	280000	1100003118	1	6	6
1069	119	3	75	item103010121007	4	item103010121008,2	1	290000	1100003119	1	6	6
1070	120	3	75	item103010121007	4	item103010121008,2	1	300000	1100003120	1	6	6
1071	101	4	75	item103010121007	1	item103010121008,1	1	110000	1100004101	1	6	6
1072	102	4	75	item103010121007	1	item103010121008,1	1	120000	1100004102	1	6	6
1073	103	4	75	item103010121007	1	item103010121008,1	1	130000	1100004103	1	6	6
1074	104	4	75	item103010121007	1	item103010121008,1	1	140000	1100004104	1	6	6
1075	105	4	75	item103010121007	1	item103010121008,1	1	150000	1100004105	1	6	6
1076	106	4	75	item103010121007	2	item103010121008,1	1	160000	1100004106	1	6	6
1077	107	4	75	item103010121007	2	item103010121008,1	1	170000	1100004107	1	6	6
1078	108	4	75	item103010121007	2	item103010121008,1	1	180000	1100004108	1	6	6
1079	109	4	75	item103010121007	2	item103010121008,1	1	190000	1100004109	1	6	6
1080	110	4	75	item103010121007	2	item103010121008,1	1	200000	1100004110	1	6	6
1081	111	4	75	item103010121007	3	item103010121008,2	1	210000	1100004111	1	6	6
1082	112	4	75	item103010121007	3	item103010121008,2	1	220000	1100004112	1	6	6
1083	113	4	75	item103010121007	3	item103010121008,2	1	230000	1100004113	1	6	6
1084	114	4	75	item103010121007	3	item103010121008,2	1	240000	1100004114	1	6	6
1085	115	4	75	item103010121007	3	item103010121008,2	1	250000	1100004115	1	6	6
1086	116	4	75	item103010121007	4	item103010121008,2	1	260000	1100004116	1	6	6
1087	117	4	75	item103010121007	4	item103010121008,2	1	270000	1100004117	1	6	6
1088	118	4	75	item103010121007	4	item103010121008,2	1	280000	1100004118	1	6	6
1089	119	4	75	item103010121007	4	item103010121008,2	1	290000	1100004119	1	6	6
1090	120	4	75	item103010121007	4	item103010121008,2	1	300000	1100004120	1	6	6
1091	101	5	75	item103010121007	1	item103010121008,1	1	110000	1100005101	1	6	6
1092	102	5	75	item103010121007	1	item103010121008,1	1	120000	1100005102	1	6	6
1093	103	5	75	item103010121007	1	item103010121008,1	1	130000	1100005103	1	6	6
1094	104	5	75	item103010121007	1	item103010121008,1	1	140000	1100005104	1	6	6
1095	105	5	75	item103010121007	1	item103010121008,1	1	150000	1100005105	1	6	6
1096	106	5	75	item103010121007	2	item103010121008,1	1	160000	1100005106	1	6	6
1097	107	5	75	item103010121007	2	item103010121008,1	1	170000	1100005107	1	6	6
1098	108	5	75	item103010121007	2	item103010121008,1	1	180000	1100005108	1	6	6
1099	109	5	75	item103010121007	2	item103010121008,1	1	190000	1100005109	1	6	6
1100	110	5	75	item103010121007	2	item103010121008,1	1	200000	1100005110	1	6	6
1101	111	5	75	item103010121007	3	item103010121008,2	1	210000	1100005111	1	6	6
1102	112	5	75	item103010121007	3	item103010121008,2	1	220000	1100005112	1	6	6
1103	113	5	75	item103010121007	3	item103010121008,2	1	230000	1100005113	1	6	6
1104	114	5	75	item103010121007	3	item103010121008,2	1	240000	1100005114	1	6	6
1105	115	5	75	item103010121007	3	item103010121008,2	1	250000	1100005115	1	6	6
1106	116	5	75	item103010121007	4	item103010121008,2	1	260000	1100005116	1	6	6
1107	117	5	75	item103010121007	4	item103010121008,2	1	270000	1100005117	1	6	6
1108	118	5	75	item103010121007	4	item103010121008,2	1	280000	1100005118	1	6	6
1109	119	5	75	item103010121007	4	item103010121008,2	1	290000	1100005119	1	6	6
1110	120	5	75	item103010121007	4	item103010121008,2	1	300000	1100005120	1	6	6
1111	101	6	75	item103010121007	1	item103010121008,1	1	110000	1100006101	1	6	6
1112	102	6	75	item103010121007	1	item103010121008,1	1	120000	1100006102	1	6	6
1113	103	6	75	item103010121007	1	item103010121008,1	1	130000	1100006103	1	6	6
1114	104	6	75	item103010121007	1	item103010121008,1	1	140000	1100006104	1	6	6
1115	105	6	75	item103010121007	1	item103010121008,1	1	150000	1100006105	1	6	6
1116	106	6	75	item103010121007	2	item103010121008,1	1	160000	1100006106	1	6	6
1117	107	6	75	item103010121007	2	item103010121008,1	1	170000	1100006107	1	6	6
1118	108	6	75	item103010121007	2	item103010121008,1	1	180000	1100006108	1	6	6
1119	109	6	75	item103010121007	2	item103010121008,1	1	190000	1100006109	1	6	6
1120	110	6	75	item103010121007	2	item103010121008,1	1	200000	1100006110	1	6	6
1121	111	6	75	item103010121007	3	item103010121008,2	1	210000	1100006111	1	6	6
1122	112	6	75	item103010121007	3	item103010121008,2	1	220000	1100006112	1	6	6
1123	113	6	75	item103010121007	3	item103010121008,2	1	230000	1100006113	1	6	6
1124	114	6	75	item103010121007	3	item103010121008,2	1	240000	1100006114	1	6	6
1125	115	6	75	item103010121007	3	item103010121008,2	1	250000	1100006115	1	6	6
1126	116	6	75	item103010121007	4	item103010121008,2	1	260000	1100006116	1	6	6
1127	117	6	75	item103010121007	4	item103010121008,2	1	270000	1100006117	1	6	6
1128	118	6	75	item103010121007	4	item103010121008,2	1	280000	1100006118	1	6	6
1129	119	6	75	item103010121007	4	item103010121008,2	1	290000	1100006119	1	6	6
1130	120	6	75	item103010121007	4	item103010121008,2	1	300000	1100006120	1	6	6
1131	101	7	75	item103010121007	1	item103010121008,1	1	110000	1100007101	1	6	6
1132	102	7	75	item103010121007	1	item103010121008,1	1	120000	1100007102	1	6	6
1133	103	7	75	item103010121007	1	item103010121008,1	1	130000	1100007103	1	6	6
1134	104	7	75	item103010121007	1	item103010121008,1	1	140000	1100007104	1	6	6
1135	105	7	75	item103010121007	1	item103010121008,1	1	150000	1100007105	1	6	6
1136	106	7	75	item103010121007	2	item103010121008,1	1	160000	1100007106	1	6	6
1137	107	7	75	item103010121007	2	item103010121008,1	1	170000	1100007107	1	6	6
1138	108	7	75	item103010121007	2	item103010121008,1	1	180000	1100007108	1	6	6
1139	109	7	75	item103010121007	2	item103010121008,1	1	190000	1100007109	1	6	6
1140	110	7	75	item103010121007	2	item103010121008,1	1	200000	1100007110	1	6	6
1141	111	7	75	item103010121007	3	item103010121008,2	1	210000	1100007111	1	6	6
1142	112	7	75	item103010121007	3	item103010121008,2	1	220000	1100007112	1	6	6
1143	113	7	75	item103010121007	3	item103010121008,2	1	230000	1100007113	1	6	6
1144	114	7	75	item103010121007	3	item103010121008,2	1	240000	1100007114	1	6	6
1145	115	7	75	item103010121007	3	item103010121008,2	1	250000	1100007115	1	6	6
1146	116	7	75	item103010121007	4	item103010121008,2	1	260000	1100007116	1	6	6
1147	117	7	75	item103010121007	4	item103010121008,2	1	270000	1100007117	1	6	6
1148	118	7	75	item103010121007	4	item103010121008,2	1	280000	1100007118	1	6	6
1149	119	7	75	item103010121007	4	item103010121008,2	1	290000	1100007119	1	6	6
1150	120	7	75	item103010121007	4	item103010121008,2	1	300000	1100007120	1	6	6
1151	101	8	75	item103010121007	1	item103010121008,1	1	110000	1100008101	1	6	6
1152	102	8	75	item103010121007	1	item103010121008,1	1	120000	1100008102	1	6	6
1153	103	8	75	item103010121007	1	item103010121008,1	1	130000	1100008103	1	6	6
1154	104	8	75	item103010121007	1	item103010121008,1	1	140000	1100008104	1	6	6
1155	105	8	75	item103010121007	1	item103010121008,1	1	150000	1100008105	1	6	6
1156	106	8	75	item103010121007	2	item103010121008,1	1	160000	1100008106	1	6	6
1157	107	8	75	item103010121007	2	item103010121008,1	1	170000	1100008107	1	6	6
1158	108	8	75	item103010121007	2	item103010121008,1	1	180000	1100008108	1	6	6
1159	109	8	75	item103010121007	2	item103010121008,1	1	190000	1100008109	1	6	6
1160	110	8	75	item103010121007	2	item103010121008,1	1	200000	1100008110	1	6	6
1161	111	8	75	item103010121007	3	item103010121008,2	1	210000	1100008111	1	6	6
1162	112	8	75	item103010121007	3	item103010121008,2	1	220000	1100008112	1	6	6
1163	113	8	75	item103010121007	3	item103010121008,2	1	230000	1100008113	1	6	6
1164	114	8	75	item103010121007	3	item103010121008,2	1	240000	1100008114	1	6	6
1165	115	8	75	item103010121007	3	item103010121008,2	1	250000	1100008115	1	6	6
1166	116	8	75	item103010121007	4	item103010121008,2	1	260000	1100008116	1	6	6
1167	117	8	75	item103010121007	4	item103010121008,2	1	270000	1100008117	1	6	6
1168	118	8	75	item103010121007	4	item103010121008,2	1	280000	1100008118	1	6	6
1169	119	8	75	item103010121007	4	item103010121008,2	1	290000	1100008119	1	6	6
1170	120	8	75	item103010121007	4	item103010121008,2	1	300000	1100008120	1	6	6
1171	101	9	75	item103010121007	1	item103010121008,1	1	110000	1100009101	1	6	6
1172	102	9	75	item103010121007	1	item103010121008,1	1	120000	1100009102	1	6	6
1173	103	9	75	item103010121007	1	item103010121008,1	1	130000	1100009103	1	6	6
1174	104	9	75	item103010121007	1	item103010121008,1	1	140000	1100009104	1	6	6
1175	105	9	75	item103010121007	1	item103010121008,1	1	150000	1100009105	1	6	6
1176	106	9	75	item103010121007	2	item103010121008,1	1	160000	1100009106	1	6	6
1177	107	9	75	item103010121007	2	item103010121008,1	1	170000	1100009107	1	6	6
1178	108	9	75	item103010121007	2	item103010121008,1	1	180000	1100009108	1	6	6
1179	109	9	75	item103010121007	2	item103010121008,1	1	190000	1100009109	1	6	6
1180	110	9	75	item103010121007	2	item103010121008,1	1	200000	1100009110	1	6	6
1181	111	9	75	item103010121007	3	item103010121008,2	1	210000	1100009111	1	6	6
1182	112	9	75	item103010121007	3	item103010121008,2	1	220000	1100009112	1	6	6
1183	113	9	75	item103010121007	3	item103010121008,2	1	230000	1100009113	1	6	6
1184	114	9	75	item103010121007	3	item103010121008,2	1	240000	1100009114	1	6	6
1185	115	9	75	item103010121007	3	item103010121008,2	1	250000	1100009115	1	6	6
1186	116	9	75	item103010121007	4	item103010121008,2	1	260000	1100009116	1	6	6
1187	117	9	75	item103010121007	4	item103010121008,2	1	270000	1100009117	1	6	6
1188	118	9	75	item103010121007	4	item103010121008,2	1	280000	1100009118	1	6	6
1189	119	9	75	item103010121007	4	item103010121008,2	1	290000	1100009119	1	6	6
1190	120	9	75	item103010121007	4	item103010121008,2	1	300000	1100009120	1	6	6
1191	101	10	75	item103010121007	1	item103010121008,1	1	110000	1100010101	1	6	6
1192	102	10	75	item103010121007	1	item103010121008,1	1	120000	1100010102	1	6	6
1193	103	10	75	item103010121007	1	item103010121008,1	1	130000	1100010103	1	6	6
1194	104	10	75	item103010121007	1	item103010121008,1	1	140000	1100010104	1	6	6
1195	105	10	75	item103010121007	1	item103010121008,1	1	150000	1100010105	1	6	6
1196	106	10	75	item103010121007	2	item103010121008,1	1	160000	1100010106	1	6	6
1197	107	10	75	item103010121007	2	item103010121008,1	1	170000	1100010107	1	6	6
1198	108	10	75	item103010121007	2	item103010121008,1	1	180000	1100010108	1	6	6
1199	109	10	75	item103010121007	2	item103010121008,1	1	190000	1100010109	1	6	6
1200	110	10	75	item103010121007	2	item103010121008,1	1	200000	1100010110	1	6	6
1201	111	10	75	item103010121007	3	item103010121008,2	1	210000	1100010111	1	6	6
1202	112	10	75	item103010121007	3	item103010121008,2	1	220000	1100010112	1	6	6
1203	113	10	75	item103010121007	3	item103010121008,2	1	230000	1100010113	1	6	6
1204	114	10	75	item103010121007	3	item103010121008,2	1	240000	1100010114	1	6	6
1205	115	10	75	item103010121007	3	item103010121008,2	1	250000	1100010115	1	6	6
1206	116	10	75	item103010121007	4	item103010121008,2	1	260000	1100010116	1	6	6
1207	117	10	75	item103010121007	4	item103010121008,2	1	270000	1100010117	1	6	6
1208	118	10	75	item103010121007	4	item103010121008,2	1	280000	1100010118	1	6	6
1209	119	10	75	item103010121007	4	item103010121008,2	1	290000	1100010119	1	6	6
1210	120	10	75	item103010121007	4	item103010121008,2	1	300000	1100010120	1	6	6
