漫步星数	漫步阶数	等级限制	道具消耗	属性增加
int	int	int	string	string
EffectStar	EffectRank	RoleLevelRestrict	ItemConsume	PropAddition
0	1	38		
1	1	38	item100500000001,1	1,50
2	1	38	item100500000001,1	4,5
3	1	38	item100500000001,1	3,5
4	1	38	item100500000001,1	30,20
5	1	38	item100500000001,1	31,20
6	1	38	item100500000001,1	33,20
7	1	38	item100500000001,1	35,20
8	1	38	item100500000001,3	52,12
9	2	38	item100500000001,1	1,50
10	2	38	item100500000001,1	4,5
11	2	38	item100500000001,1	3,5
12	2	38	item100500000001,1	30,20
13	2	38	item100500000001,1	31,20
14	2	38	item100500000001,1	33,20
15	2	38	item100500000001,1	35,20
16	2	38	item100500000001,3	52,12
17	3	38	item100500000001,2	1,50
18	3	38	item100500000001,2	4,5
19	3	38	item100500000001,2	3,5
20	3	38	item100500000001,2	30,20
21	3	38	item100500000001,2	31,20
22	3	38	item100500000001,2	33,20
23	3	38	item100500000001,2	35,20
24	3	38	item100500000001,6	52,12
25	4	38	item100500000001,2	1,50
26	4	38	item100500000001,2	4,5
27	4	38	item100500000001,2	3,5
28	4	38	item100500000001,2	30,20
29	4	38	item100500000001,2	31,20
30	4	38	item100500000001,2	33,20
31	4	38	item100500000001,2	35,20
32	4	38	item100500000001,6	52,12
33	5	38	item100500000001,3	1,50
34	5	38	item100500000001,3	4,5
35	5	38	item100500000001,3	3,5
36	5	38	item100500000001,3	30,20
37	5	38	item100500000001,3	31,20
38	5	38	item100500000001,3	33,20
39	5	38	item100500000001,3	35,20
40	5	38	item100500000001,9	52,12
41	6	40	item100500000001,3	1,80
42	6	40	item100500000001,3	4,8
43	6	40	item100500000001,3	3,8
44	6	40	item100500000001,3	30,20
45	6	40	item100500000001,3	31,20
46	6	40	item100500000001,3	33,20
47	6	40	item100500000001,3	35,20
48	6	40	item100500000001,9	52,12
49	7	40	item100500000001,4	1,80
50	7	40	item100500000001,4	4,8
51	7	40	item100500000001,4	3,8
52	7	40	item100500000001,4	30,20
53	7	40	item100500000001,4	31,20
54	7	40	item100500000001,4	33,20
55	7	40	item100500000001,4	35,20
56	7	40	item100500000001,12	52,12
57	8	40	item100500000001,4	1,80
58	8	40	item100500000001,4	4,8
59	8	40	item100500000001,4	3,8
60	8	40	item100500000001,4	30,20
61	8	40	item100500000001,4	31,20
62	8	40	item100500000001,4	33,20
63	8	40	item100500000001,4	35,20
64	8	40	item100500000001,12	52,12
65	9	40	item100500000001,5	1,80
66	9	40	item100500000001,5	4,8
67	9	40	item100500000001,5	3,8
68	9	40	item100500000001,5	30,20
69	9	40	item100500000001,5	31,20
70	9	40	item100500000001,5	33,20
71	9	40	item100500000001,5	35,20
72	9	40	item100500000001,15	52,12
73	10	40	item100500000001,6	1,80
74	10	40	item100500000001,6	4,8
75	10	40	item100500000001,6	3,8
76	10	40	item100500000001,6	30,20
77	10	40	item100500000001,6	31,20
78	10	40	item100500000001,6	33,20
79	10	40	item100500000001,6	35,20
80	10	40	item100500000001,18	52,12
81	11	45	item100500000001,8	1,120
82	11	45	item100500000001,8	4,12
83	11	45	item100500000001,8	3,12
84	11	45	item100500000001,8	30,20
85	11	45	item100500000001,8	31,20
86	11	45	item100500000001,8	33,20
87	11	45	item100500000001,8	35,20
88	11	45	item100500000001,24	52,12
89	12	45	item100500000001,10	1,120
90	12	45	item100500000001,10	4,12
91	12	45	item100500000001,10	3,12
92	12	45	item100500000001,10	30,20
93	12	45	item100500000001,10	31,20
94	12	45	item100500000001,10	33,20
95	12	45	item100500000001,10	35,20
96	12	45	item100500000001,30	52,12
97	13	45	item100500000001,12	1,120
98	13	45	item100500000001,12	4,12
99	13	45	item100500000001,12	3,12
100	13	45	item100500000001,12	30,20
101	13	45	item100500000001,12	31,20
102	13	45	item100500000001,12	33,20
103	13	45	item100500000001,12	35,20
104	13	45	item100500000001,36	52,12
105	14	45	item100500000001,14	1,120
106	14	45	item100500000001,14	4,12
107	14	45	item100500000001,14	3,12
108	14	45	item100500000001,14	30,20
109	14	45	item100500000001,14	31,20
110	14	45	item100500000001,14	33,20
111	14	45	item100500000001,14	35,20
112	14	45	item100500000001,42	52,12
113	15	45	item100500000001,16	1,120
114	15	45	item100500000001,16	4,12
115	15	45	item100500000001,16	3,12
116	15	45	item100500000001,16	30,20
117	15	45	item100500000001,16	31,20
118	15	45	item100500000001,16	33,20
119	15	45	item100500000001,16	35,20
120	15	45	item100500000001,48	52,12
121	16	50	item100500000001,18	1,160
122	16	50	item100500000001,18	4,16
123	16	50	item100500000001,18	3,16
124	16	50	item100500000001,18	30,20
125	16	50	item100500000001,18	31,20
126	16	50	item100500000001,18	33,20
127	16	50	item100500000001,18	35,20
128	16	50	item100500000001,54	52,12
129	17	50	item100500000001,20	1,160
130	17	50	item100500000001,20	4,16
131	17	50	item100500000001,20	3,16
132	17	50	item100500000001,20	30,20
133	17	50	item100500000001,20	31,20
134	17	50	item100500000001,20	33,20
135	17	50	item100500000001,20	35,20
136	17	50	item100500000001,60	52,12
137	18	50	item100500000001,22	1,160
138	18	50	item100500000001,22	4,16
139	18	50	item100500000001,22	3,16
140	18	50	item100500000001,22	30,20
141	18	50	item100500000001,22	31,20
142	18	50	item100500000001,22	33,20
143	18	50	item100500000001,22	35,20
144	18	50	item100500000001,66	52,12
145	19	50	item100500000001,24	1,160
146	19	50	item100500000001,24	4,16
147	19	50	item100500000001,24	3,16
148	19	50	item100500000001,24	30,20
149	19	50	item100500000001,24	31,20
150	19	50	item100500000001,24	33,20
151	19	50	item100500000001,24	35,20
152	19	50	item100500000001,72	52,12
153	20	50	item100500000001,26	1,160
154	20	50	item100500000001,26	4,16
155	20	50	item100500000001,26	3,16
156	20	50	item100500000001,26	30,20
157	20	50	item100500000001,26	31,20
158	20	50	item100500000001,26	33,20
159	20	50	item100500000001,26	35,20
160	20	50	item100500000001,78	52,12
161	21	55	item100500000001,28	1,200
162	21	55	item100500000001,28	4,20
163	21	55	item100500000001,28	3,20
164	21	55	item100500000001,28	30,20
165	21	55	item100500000001,28	31,20
166	21	55	item100500000001,28	33,20
167	21	55	item100500000001,28	35,20
168	21	55	item100500000001,84	52,12
169	22	55	item100500000001,30	1,200
170	22	55	item100500000001,30	4,20
171	22	55	item100500000001,30	3,20
172	22	55	item100500000001,30	30,20
173	22	55	item100500000001,30	31,20
174	22	55	item100500000001,30	33,20
175	22	55	item100500000001,30	35,20
176	22	55	item100500000001,90	52,12
177	23	55	item100500000001,32	1,200
178	23	55	item100500000001,32	4,20
179	23	55	item100500000001,32	3,20
180	23	55	item100500000001,32	30,20
181	23	55	item100500000001,32	31,20
182	23	55	item100500000001,32	33,20
183	23	55	item100500000001,32	35,20
184	23	55	item100500000001,96	52,12
185	24	55	item100500000001,34	1,200
186	24	55	item100500000001,34	4,20
187	24	55	item100500000001,34	3,20
188	24	55	item100500000001,34	30,20
189	24	55	item100500000001,34	31,20
190	24	55	item100500000001,34	33,20
191	24	55	item100500000001,34	35,20
192	24	55	item100500000001,102	52,12
193	25	55	item100500000001,36	1,200
194	25	55	item100500000001,36	4,20
195	25	55	item100500000001,36	3,20
196	25	55	item100500000001,36	30,20
197	25	55	item100500000001,36	31,20
198	25	55	item100500000001,36	33,20
199	25	55	item100500000001,36	35,20
200	25	55	item100500000001,108	52,12
201	26	60	item100500000001,38	1,300
202	26	60	item100500000001,38	4,30
203	26	60	item100500000001,38	3,30
204	26	60	item100500000001,38	30,20
205	26	60	item100500000001,38	31,20
206	26	60	item100500000001,38	33,20
207	26	60	item100500000001,38	35,20
208	26	60	item100500000001,114	52,12
209	27	60	item100500000001,40	1,300
210	27	60	item100500000001,40	4,30
211	27	60	item100500000001,40	3,30
212	27	60	item100500000001,40	30,20
213	27	60	item100500000001,40	31,20
214	27	60	item100500000001,40	33,20
215	27	60	item100500000001,40	35,20
216	27	60	item100500000001,120	52,12
217	28	60	item100500000001,50	1,300
218	28	60	item100500000001,50	4,30
219	28	60	item100500000001,50	3,30
220	28	60	item100500000001,50	30,20
221	28	60	item100500000001,50	31,20
222	28	60	item100500000001,50	33,20
223	28	60	item100500000001,50	35,20
224	28	60	item100500000001,150	52,12
225	29	60	item100500000001,60	1,300
226	29	60	item100500000001,60	4,30
227	29	60	item100500000001,60	3,30
228	29	60	item100500000001,60	30,20
229	29	60	item100500000001,60	31,20
230	29	60	item100500000001,60	33,20
231	29	60	item100500000001,60	35,20
232	29	60	item100500000001,180	52,12
233	30	60	item100500000001,70	1,300
234	30	60	item100500000001,70	4,30
235	30	60	item100500000001,70	3,30
236	30	60	item100500000001,70	30,20
237	30	60	item100500000001,70	31,20
238	30	60	item100500000001,70	33,20
239	30	60	item100500000001,70	35,20
240	30	60	item100500000001,210	52,12
241	31	65	item100500000001,70	1,400
242	31	65	item100500000001,70	4,40
243	31	65	item100500000001,70	3,40
244	31	65	item100500000001,70	30,20
245	31	65	item100500000001,70	31,20
246	31	65	item100500000001,70	33,20
247	31	65	item100500000001,70	35,20
248	31	65	item100500000001,210	52,12
249	32	65	item100500000001,70	1,400
250	32	65	item100500000001,70	4,40
251	32	65	item100500000001,70	3,40
252	32	65	item100500000001,70	30,20
253	32	65	item100500000001,70	31,20
254	32	65	item100500000001,70	33,20
255	32	65	item100500000001,70	35,20
256	32	65	item100500000001,210	52,12
257	33	65	item100500000001,80	1,400
258	33	65	item100500000001,80	4,40
259	33	65	item100500000001,80	3,40
260	33	65	item100500000001,80	30,20
261	33	65	item100500000001,80	31,20
262	33	65	item100500000001,80	33,20
263	33	65	item100500000001,80	35,20
264	33	65	item100500000001,240	52,12
265	34	65	item100500000001,80	1,400
266	34	65	item100500000001,80	4,40
267	34	65	item100500000001,80	3,40
268	34	65	item100500000001,80	30,20
269	34	65	item100500000001,80	31,20
270	34	65	item100500000001,80	33,20
271	34	65	item100500000001,80	35,20
272	34	65	item100500000001,240	52,12
273	35	65	item100500000001,90	1,400
274	35	65	item100500000001,90	4,40
275	35	65	item100500000001,90	3,40
276	35	65	item100500000001,90	30,20
277	35	65	item100500000001,90	31,20
278	35	65	item100500000001,90	33,20
279	35	65	item100500000001,90	35,20
280	35	65	item100500000001,270	52,12
281	36	70	item100500000001,90	1,500
282	36	70	item100500000001,90	4,50
283	36	70	item100500000001,90	3,50
284	36	70	item100500000001,90	30,20
285	36	70	item100500000001,90	31,20
286	36	70	item100500000001,90	33,20
287	36	70	item100500000001,90	35,20
288	36	70	item100500000001,270	52,12
289	37	70	item100500000001,100	1,500
290	37	70	item100500000001,100	4,50
291	37	70	item100500000001,100	3,50
292	37	70	item100500000001,100	30,20
293	37	70	item100500000001,100	31,20
294	37	70	item100500000001,100	33,20
295	37	70	item100500000001,100	35,20
296	37	70	item100500000001,300	52,12
297	38	70	item100500000001,100	1,500
298	38	70	item100500000001,100	4,50
299	38	70	item100500000001,100	3,50
300	38	70	item100500000001,100	30,20
301	38	70	item100500000001,100	31,20
302	38	70	item100500000001,100	33,20
303	38	70	item100500000001,100	35,20
304	38	70	item100500000001,300	52,12
305	39	70	item100500000001,120	1,500
306	39	70	item100500000001,120	4,50
307	39	70	item100500000001,120	3,50
308	39	70	item100500000001,120	30,20
309	39	70	item100500000001,120	31,20
310	39	70	item100500000001,120	33,20
311	39	70	item100500000001,120	35,20
312	39	70	item100500000001,360	52,12
313	40	70	item100500000001,120	1,500
314	40	70	item100500000001,120	4,50
315	40	70	item100500000001,120	3,50
316	40	70	item100500000001,120	30,20
317	40	70	item100500000001,120	31,20
318	40	70	item100500000001,120	33,20
319	40	70	item100500000001,120	35,20
320	40	70	item100500000001,360	52,12
321	41	65	item100500000001,150	1,600
322	41	65	item100500000001,150	4,60
323	41	65	item100500000001,150	3,60
324	41	65	item100500000001,150	30,20
325	41	65	item100500000001,150	31,20
326	41	65	item100500000001,150	33,20
327	41	65	item100500000001,150	35,20
328	41	65	item100500000001,450	52,12
329	42	65	item100500000001,150	1,600
330	42	65	item100500000001,150	4,60
331	42	65	item100500000001,150	3,60
332	42	65	item100500000001,150	30,20
333	42	65	item100500000001,150	31,20
334	42	65	item100500000001,150	33,20
335	42	65	item100500000001,150	35,20
336	42	65	item100500000001,450	52,12
337	43	65	item100500000001,180	1,600
338	43	65	item100500000001,180	4,60
339	43	65	item100500000001,180	3,60
340	43	65	item100500000001,180	30,20
341	43	65	item100500000001,180	31,20
342	43	65	item100500000001,180	33,20
343	43	65	item100500000001,180	35,20
344	43	65	item100500000001,540	52,12
345	44	65	item100500000001,180	1,600
346	44	65	item100500000001,180	4,60
347	44	65	item100500000001,180	3,60
348	44	65	item100500000001,180	30,20
349	44	65	item100500000001,180	31,20
350	44	65	item100500000001,180	33,20
351	44	65	item100500000001,180	35,20
352	44	65	item100500000001,540	52,12
353	45	65	item100500000001,210	1,600
354	45	65	item100500000001,210	4,60
355	45	65	item100500000001,210	3,60
356	45	65	item100500000001,210	30,20
357	45	65	item100500000001,210	31,20
358	45	65	item100500000001,210	33,20
359	45	65	item100500000001,210	35,20
360	45	65	item100500000001,630	52,12
361	46	70	item100500000001,210	1,700
362	46	70	item100500000001,210	4,70
363	46	70	item100500000001,210	3,70
364	46	70	item100500000001,210	30,20
365	46	70	item100500000001,210	31,20
366	46	70	item100500000001,210	33,20
367	46	70	item100500000001,210	35,20
368	46	70	item100500000001,630	52,12
369	47	70	item100500000001,240	1,700
370	47	70	item100500000001,240	4,70
371	47	70	item100500000001,240	3,70
372	47	70	item100500000001,240	30,20
373	47	70	item100500000001,240	31,20
374	47	70	item100500000001,240	33,20
375	47	70	item100500000001,240	35,20
376	47	70	item100500000001,720	52,12
377	48	70	item100500000001,240	1,700
378	48	70	item100500000001,240	4,70
379	48	70	item100500000001,240	3,70
380	48	70	item100500000001,240	30,20
381	48	70	item100500000001,240	31,20
382	48	70	item100500000001,240	33,20
383	48	70	item100500000001,240	35,20
384	48	70	item100500000001,720	52,12
385	49	70	item100500000001,300	1,700
386	49	70	item100500000001,300	4,70
387	49	70	item100500000001,300	3,70
388	49	70	item100500000001,300	30,20
389	49	70	item100500000001,300	31,20
390	49	70	item100500000001,300	33,20
391	49	70	item100500000001,300	35,20
392	49	70	item100500000001,900	52,12
393	50	70	item100500000001,300	1,700
394	50	70	item100500000001,300	4,70
395	50	70	item100500000001,300	3,70
396	50	70	item100500000001,300	30,20
397	50	70	item100500000001,300	31,20
398	50	70	item100500000001,300	33,20
399	50	70	item100500000001,300	35,20
400	50	70	item100500000001,900	52,12
