流水id	漫步特效ID	漫步特效分档	漫步足迹特效ID	漫步足特效	漫步足音效	解锁阶数	漫步名字	漫步描述
int	int	int	int	int	int	int	string	string
Id	EffectId	EffectLevel	FootprintEffectId	FootEffectId	FootAudioId	UnlockRank	StrollName	StrollContent
1	10010	1	12000101	12100101	407	1	StrollName_10010	StrollContent_10010
2	10010	2	12000102	12100102	407	16	StrollName_10010	StrollContent_10010
3	10010	3	12000103	12100103	407	31	StrollName_10010	StrollContent_10010
4	10020	1	12000201	12100201	407	6	StrollName_10020	StrollContent_10020
5	10020	2	12000202	12100202	407	16	StrollName_10020	StrollContent_10020
6	10020	3	12000203	12100203	407	31	StrollName_10020	StrollContent_10020
7	10030	1	12000301	12100301	407	6	StrollName_10030	StrollContent_10030
8	10030	2	12000302	12100302	407	16	StrollName_10030	StrollContent_10030
9	10030	3	12000303	12100303	407	31	StrollName_10030	StrollContent_10030
10	10040	1	12000401	12100401	407	6	StrollName_10040	StrollContent_10040
11	10040	2	12000402	12100402	407	16	StrollName_10040	StrollContent_10040
12	10040	3	12000403	12100403	407	31	StrollName_10040	StrollContent_10040
13	10050	1	12000501	12100501	407	6	StrollName_10050	StrollContent_10050
14	10050	2	12000502	12100502	407	16	StrollName_10050	StrollContent_10050
15	10050	3	12000503	12100503	407	31	StrollName_10050	StrollContent_10050
16	10060	1	12000601	12100601	407	6	StrollName_10060	StrollContent_10060
17	10060	2	12000602	12100602	407	16	StrollName_10060	StrollContent_10060
18	10060	3	12000603	12100603	407	31	StrollName_10060	StrollContent_10060
19	10070	1	12000701	12100701	407	6	StrollName_10070	StrollContent_10070
20	10070	2	12000702	12100702	407	16	StrollName_10070	StrollContent_10070
21	10070	3	12000703	12100703	407	31	StrollName_10070	StrollContent_10070
22	10080	1	12000801	12100801	131	6	StrollName_10080	StrollContent_10080
23	10080	2	12000802	12100802	131	16	StrollName_10080	StrollContent_10080
24	10080	3	12000803	12100803	131	31	StrollName_10080	StrollContent_10080
25	10090	1	12000901	12100901	407	6	StrollName_10090	StrollContent_10090
26	10090	2	12000902	12100902	407	16	StrollName_10090	StrollContent_10090
27	10090	3	12000903	12100903	407	31	StrollName_10090	StrollContent_10090
28	10100	1	12001001	12101001	407	6	StrollName_10100	StrollContent_10100
29	10100	2	12001002	12101002	407	16	StrollName_10100	StrollContent_10100
30	10100	3	12001003	12101003	407	31	StrollName_10100	StrollContent_10100
31	10110	1	12001101	12101101	407	6	StrollName_10110	StrollContent_10110
32	10110	2	12001102	12101102	407	16	StrollName_10110	StrollContent_10110
33	10110	3	12001103	12101103	407	31	StrollName_10110	StrollContent_10110
34	10120	1	12001201	12101201	407	6	StrollName_10120	StrollContent_10120
35	10120	2	12001202	12101202	407	16	StrollName_10120	StrollContent_10120
36	10120	3	12001203	12101203	407	31	StrollName_10120	StrollContent_10120
37	10130	1	12001301	12101301	407	6	StrollName_10130	StrollContent_10130
38	10130	2	12001302	12101302	407	16	StrollName_10130	StrollContent_10130
39	10130	3	12001303	12101303	407	31	StrollName_10130	StrollContent_10130
40	10140	1	12001401	12101401	407	6	StrollName_10140	StrollContent_10140
41	10140	2	12001402	12101402	407	16	StrollName_10140	StrollContent_10140
42	10140	3	12001403	12101403	407	31	StrollName_10140	StrollContent_10140
43	10150	1	12001501	12101501	407	6	StrollName_10150	StrollContent_10150
44	10150	2	12001502	12101502	407	16	StrollName_10150	StrollContent_10150
45	10150	3	12001503	12101503	407	31	StrollName_10150	StrollContent_10150
46	10160	1	12001601	12101601	407	6	StrollName_10160	StrollContent_10160
47	10160	2	12001602	12101602	407	16	StrollName_10160	StrollContent_10160
48	10160	3	12001603	12101603	407	31	StrollName_10160	StrollContent_10160
49	10170	1	12001701	12101701	407	6	StrollName_10170	StrollContent_10170
50	10170	2	12001702	12101702	407	16	StrollName_10170	StrollContent_10170
51	10170	3	12001703	12101703	407	31	StrollName_10170	StrollContent_10170
52	10180	1	12001801	12101801	407	6	StrollName_10180	StrollContent_10180
53	10180	2	12001802	12101802	407	16	StrollName_10180	StrollContent_10180
54	10180	3	12001803	12101803	407	31	StrollName_10180	StrollContent_10180
55	10190	1	12001901	12101901	407	6	StrollName_10190	StrollContent_10190
56	10190	2	12001902	12101902	407	16	StrollName_10190	StrollContent_10190
57	10190	3	12001903	12101903	407	31	StrollName_10190	StrollContent_10190
58	10200	1	12002001	12102001	407	6	StrollName_10200	StrollContent_10200
59	10200	2	12002002	12102002	407	16	StrollName_10200	StrollContent_10200
60	10200	3	12002003	12102003	407	31	StrollName_10200	StrollContent_10200
61	10210	1	12002101	12102101	407	6	StrollName_10210	StrollContent_10210
62	10210	2	12002102	12102102	407	16	StrollName_10210	StrollContent_10210
63	10210	3	12002103	12102103	407	31	StrollName_10210	StrollContent_10210
64	10220	1	12002201	12102201	407	6	StrollName_10220	StrollContent_10220
65	10220	2	12002202	12102202	407	16	StrollName_10220	StrollContent_10220
66	10220	3	12002203	12102203	407	31	StrollName_10220	StrollContent_10220
67	10230	1	12002301	12102301	407	6	StrollName_10230	StrollContent_10230
68	10230	2	12002302	12102302	407	16	StrollName_10230	StrollContent_10230
69	10230	3	12002303	12102303	407	31	StrollName_10230	StrollContent_10230
70	10240	1	12002401	12102401	407	6	StrollName_10240	StrollContent_10240
71	10240	2	12002402	12102402	407	16	StrollName_10240	StrollContent_10240
72	10240	3	12002403	12102403	407	31	StrollName_10240	StrollContent_10240
73	10250	1	12002501	12102501	407	6	StrollName_10250	StrollContent_10250
74	10250	2	12002502	12102502	407	16	StrollName_10250	StrollContent_10250
75	10250	3	12002503	12102503	407	31	StrollName_10250	StrollContent_10250
76	10260	1	12002601	12102601	407	6	StrollName_10260	StrollContent_10260
77	10260	2	12002602	12102602	407	16	StrollName_10260	StrollContent_10260
78	10260	3	12002603	12102603	407	31	StrollName_10260	StrollContent_10260
79	10270	1	12002701	12102701	407	6	StrollName_10270	StrollContent_10270
80	10270	2	12002702	12102702	407	16	StrollName_10270	StrollContent_10270
81	10270	3	12002703	12102703	407	31	StrollName_10270	StrollContent_10270
82	10280	1	12002801	12102801	407	6	StrollName_10280	StrollContent_10280
83	10280	2	12002802	12102802	407	16	StrollName_10280	StrollContent_10280
84	10280	3	12002803	12102803	407	31	StrollName_10280	StrollContent_10280
85	10290	1	12002901	12102901	407	6	StrollName_10290	StrollContent_10290
86	10290	2	12002902	12102902	407	16	StrollName_10290	StrollContent_10290
87	10290	3	12002903	12102903	407	31	StrollName_10290	StrollContent_10290
88	10300	1	12003001	12103001	407	6	StrollName_10300	StrollContent_10300
89	10300	2	12003002	12103002	407	16	StrollName_10300	StrollContent_10300
90	10300	3	12003003	12103003	407	31	StrollName_10300	StrollContent_10300
91	10310	1	12003101	12103101	407	6	StrollName_10310	StrollContent_10310
92	10310	2	12003102	12103102	407	16	StrollName_10310	StrollContent_10310
93	10310	3	12003103	12103103	407	31	StrollName_10310	StrollContent_10310
94	10320	1	12003201	12103201	407	6	StrollName_10320	StrollContent_10320
95	10320	2	12003202	12103202	407	16	StrollName_10320	StrollContent_10320
96	10320	3	12003203	12103203	407	31	StrollName_10320	StrollContent_10320
97	10330	1	12003301	12103301	407	6	StrollName_10330	StrollContent_10330
98	10330	2	12003302	12103302	407	16	StrollName_10330	StrollContent_10330
99	10330	3	12003303	12103303	407	31	StrollName_10330	StrollContent_10330
100	10340	1	12003401	12103401	407	6	StrollName_10340	StrollContent_10340
101	10340	2	12003402	12103402	407	16	StrollName_10340	StrollContent_10340
102	10340	3	12003403	12103403	407	31	StrollName_10340	StrollContent_10340
103	10350	1	12003501	12103501	407	6	StrollName_10350	StrollContent_10350
104	10350	2	12003502	12103502	407	16	StrollName_10350	StrollContent_10350
105	10350	3	12003503	12103503	407	31	StrollName_10350	StrollContent_10350
106	10360	1	12003601	12103601	407	6	StrollName_10360	StrollContent_10360
107	10360	2	12003602	12103602	407	16	StrollName_10360	StrollContent_10360
108	10360	3	12003603	12103603	407	31	StrollName_10360	StrollContent_10360
109	10370	1	12003701	12103701	407	6	StrollName_10370	StrollContent_10370
110	10370	2	12003702	12103702	407	16	StrollName_10370	StrollContent_10370
111	10370	3	12003703	12103703	407	31	StrollName_10370	StrollContent_10370
112	10380	1	12003801	12103801	407	6	StrollName_10380	StrollContent_10380
113	10380	2	12003802	12103802	407	16	StrollName_10380	StrollContent_10380
114	10380	3	12003803	12103803	407	31	StrollName_10380	StrollContent_10380
115	10390	1	12003901	12103901	407	6	StrollName_10390	StrollContent_10390
116	10390	2	12003902	12103902	407	16	StrollName_10390	StrollContent_10390
117	10390	3	12003903	12103903	407	31	StrollName_10390	StrollContent_10390
118	10400	1	12004001	12104001	407	6	StrollName_10400	StrollContent_10400
119	10400	2	12004002	12104002	407	16	StrollName_10400	StrollContent_10400
120	10400	3	12004003	12104003	407	31	StrollName_10400	StrollContent_10400
121	10410	1	12004101	12104101	407	6	StrollName_10410	StrollContent_10410
122	10410	2	12004102	12104102	407	16	StrollName_10410	StrollContent_10410
123	10410	3	12004103	12104103	407	31	StrollName_10410	StrollContent_10410
124	10420	1	12004201	12104201	407	6	StrollName_10420	StrollContent_10420
125	10420	2	12004202	12104202	407	16	StrollName_10420	StrollContent_10420
126	10420	3	12004203	12104203	407	31	StrollName_10420	StrollContent_10420
127	10430	1	12004301	12104301	407	6	StrollName_10430	StrollContent_10430
128	10430	2	12004302	12104302	407	16	StrollName_10430	StrollContent_10430
129	10430	3	12004303	12104303	407	31	StrollName_10430	StrollContent_10430
130	10440	1	12004401	12104401	407	6	StrollName_10440	StrollContent_10440
131	10440	2	12004402	12104402	407	16	StrollName_10440	StrollContent_10440
132	10440	3	12004403	12104403	407	31	StrollName_10440	StrollContent_10440
133	10450	1	12004501	12104501	407	6	StrollName_10450	StrollContent_10450
134	10450	2	12004502	12104502	407	16	StrollName_10450	StrollContent_10450
135	10450	3	12004503	12104503	407	31	StrollName_10450	StrollContent_10450
136	10460	1	12004601	12104601	407	6	StrollName_10460	StrollContent_10460
137	10460	2	12004602	12104602	407	16	StrollName_10460	StrollContent_10460
138	10460	3	12004603	12104603	407	31	StrollName_10460	StrollContent_10460
139	10470	1	12004701	12104701	407	6	StrollName_10470	StrollContent_10470
140	10470	2	12004702	12104702	407	16	StrollName_10470	StrollContent_10470
141	10470	3	12004703	12104703	407	31	StrollName_10470	StrollContent_10470
142	10480	1	12004801	12104801	407	6	StrollName_10480	StrollContent_10480
143	10480	2	12004802	12104802	407	16	StrollName_10480	StrollContent_10480
144	10480	3	12004803	12104803	407	31	StrollName_10480	StrollContent_10480
145	10490	1	12004901	12104901	407	6	StrollName_10490	StrollContent_10490
146	10490	2	12004902	12104902	407	16	StrollName_10490	StrollContent_10490
147	10490	3	12004903	12104903	407	31	StrollName_10490	StrollContent_10490
148	10500	1	12005001	12105001	407	6	StrollName_10500	StrollContent_10500
149	10500	2	12005002	12105002	407	16	StrollName_10500	StrollContent_10500
150	10500	3	12005003	12105003	407	31	StrollName_10500	StrollContent_10500
151	10510	1	12005101	12105101	407	6	StrollName_10510	StrollContent_10510
152	10510	2	12005102	12105102	407	16	StrollName_10510	StrollContent_10510
153	10510	3	12005103	12105103	407	31	StrollName_10510	StrollContent_10510
154	10520	1	12005201	12105201	407	6	StrollName_10520	StrollContent_10520
155	10520	2	12005202	12105202	407	16	StrollName_10520	StrollContent_10520
156	10520	3	12005203	12105203	407	31	StrollName_10520	StrollContent_10520
157	10530	1	12005301	12105301	407	6	StrollName_10530	StrollContent_10530
158	10530	2	12005302	12105302	407	16	StrollName_10530	StrollContent_10530
159	10530	3	12005303	12105303	407	31	StrollName_10530	StrollContent_10530
160	10540	1	12005401	12105401	407	6	StrollName_10540	StrollContent_10540
161	10540	2	12005402	12105402	407	16	StrollName_10540	StrollContent_10540
162	10540	3	12005403	12105403	407	31	StrollName_10540	StrollContent_10540
163	10550	1	12005501	12105501	407	6	StrollName_10550	StrollContent_10550
164	10550	2	12005502	12105502	407	16	StrollName_10550	StrollContent_10550
165	10550	3	12005503	12105503	407	31	StrollName_10550	StrollContent_10550
166	10560	1	12005601	12105601	407	6	StrollName_10560	StrollContent_10560
167	10560	2	12005602	12105602	407	16	StrollName_10560	StrollContent_10560
168	10560	3	12005603	12105603	407	31	StrollName_10560	StrollContent_10560
169	10570	1	12005701	12105701	407	6	StrollName_10570	StrollContent_10570
170	10570	2	12005702	12105702	407	16	StrollName_10570	StrollContent_10570
171	10570	3	12005703	12105703	407	31	StrollName_10570	StrollContent_10570
172	10580	1	12005801	12105801	407	6	StrollName_10580	StrollContent_10580
173	10580	2	12005802	12105802	407	16	StrollName_10580	StrollContent_10580
174	10580	3	12005803	12105803	407	31	StrollName_10580	StrollContent_10580
175	10590	1	12005901	12105901	407	6	StrollName_10590	StrollContent_10590
176	10590	2	12005902	12105902	407	16	StrollName_10590	StrollContent_10590
177	10590	3	12005903	12105903	407	31	StrollName_10590	StrollContent_10590
178	10600	1	12006001	12106001	407	6	StrollName_10600	StrollContent_10600
179	10600	2	12006002	12106002	407	16	StrollName_10600	StrollContent_10600
180	10600	3	12006003	12106003	407	31	StrollName_10600	StrollContent_10600
181	10610	1	12006101	12106101	407	6	StrollName_10610	StrollContent_10610
182	10610	2	12006102	12106102	407	16	StrollName_10610	StrollContent_10610
183	10610	3	12006103	12106103	407	31	StrollName_10610	StrollContent_10610
184	10620	1	12006201	12106201	407	6	StrollName_10620	StrollContent_10620
185	10620	2	12006202	12106202	407	16	StrollName_10620	StrollContent_10620
186	10620	3	12006203	12106203	407	31	StrollName_10620	StrollContent_10620
187	10630	1	12006301	12106301	407	6	StrollName_10630	StrollContent_10630
188	10630	2	12006302	12106302	407	16	StrollName_10630	StrollContent_10630
189	10630	3	12006303	12106303	407	31	StrollName_10630	StrollContent_10630
190	10640	1	12006401	12106401	407	6	StrollName_10640	StrollContent_10640
191	10640	2	12006402	12106402	407	16	StrollName_10640	StrollContent_10640
192	10640	3	12006403	12106403	407	31	StrollName_10640	StrollContent_10640
193	10650	1	12006501	12106501	407	6	StrollName_10650	StrollContent_10650
194	10650	2	12006502	12106502	407	16	StrollName_10650	StrollContent_10650
195	10650	3	12006503	12106503	407	31	StrollName_10650	StrollContent_10650
196	10660	1	12006601	12106601	407	6	StrollName_10660	StrollContent_10660
197	10660	2	12006602	12106602	407	16	StrollName_10660	StrollContent_10660
198	10660	3	12006603	12106603	407	31	StrollName_10660	StrollContent_10660
199	10670	1	12006701	12106701	407	6	StrollName_10670	StrollContent_10670
200	10670	2	12006702	12106702	407	16	StrollName_10670	StrollContent_10670
201	10670	3	12006703	12106703	407	31	StrollName_10670	StrollContent_10670
202	10680	1	12006801	12106801	407	6	StrollName_10680	StrollContent_10680
203	10680	2	12006802	12106802	407	16	StrollName_10680	StrollContent_10680
204	10680	3	12006803	12106803	407	31	StrollName_10680	StrollContent_10680
205	10690	1	12006901	12106901	407	6	StrollName_10690	StrollContent_10690
206	10690	2	12006902	12106902	407	16	StrollName_10690	StrollContent_10690
207	10690	3	12006903	12106903	407	31	StrollName_10690	StrollContent_10690
208	10700	1	12007001	12107001	407	6	StrollName_10700	StrollContent_10700
209	10700	2	12007002	12107002	407	16	StrollName_10700	StrollContent_10700
210	10700	3	12007003	12107003	407	31	StrollName_10700	StrollContent_10700
211	10710	1	12007101	12107101	407	6	StrollName_10710	StrollContent_10710
212	10710	2	12007102	12107102	407	16	StrollName_10710	StrollContent_10710
213	10710	3	12007103	12107103	407	31	StrollName_10710	StrollContent_10710
214	10720	1	12007201	12107201	407	6	StrollName_10720	StrollContent_10720
215	10720	2	12007202	12107202	407	16	StrollName_10720	StrollContent_10720
216	10720	3	12007203	12107203	407	31	StrollName_10720	StrollContent_10720
217	10740	1	12007301	12107301	407	6	StrollName_10740	StrollContent_10740
218	10740	2	12007302	12107302	407	16	StrollName_10740	StrollContent_10740
219	10740	3	12007303	12107303	407	31	StrollName_10740	StrollContent_10740
