流水id	套装编号	套装类型	套装数量	属性值ID	战力类型	战力计算	提升技能	提升等级数量	BuffID	属性描述	需求进阶品阶数	进阶分组
int	int	int	int	string	int	int	string	int	string	string	int	int
Id	SuitId	SuitType	SuitNum	PropValueId	CPType	CPValue	SkillLevelUp	LevelUpNum	BuffId	PropDesc	NeedAdvanced	AdvancedGroup
1	20304298	1	2	1100253004	1	6		0			0	1
2	20304298	1	3	1100253005	1	6		0			0	1
3	20304298	1	4	1100253006	1	6		0			0	1
4	20354399	1	2	1100253501	1	6		0			0	1
5	20354399	1	3	1100253502	1	6		0			0	1
6	20354399	1	4	1100253503	1	6		0			0	1
7	20354398	1	2	1100253504	1	6		0			0	1
8	20354398	1	3	1100253505	1	6		0			0	1
9	20354398	1	4	1100253506	1	6		0			0	1
10	20354397	1	2	1100253507	1	6		0			0	1
11	20354397	1	3	1100253508	1	6		0			0	1
12	20354397	1	4	1100253509	1	6		0			0	1
13	20355397	1	2	1100253516	1	6		0			0	1
14	20355397	1	3	1100253517	1	6		0			0	1
15	20355397	1	4	1100253518	1	6		0			0	1
16	40011401	2	2	401001	1	6		0			0	0
17	40011401	2	3	401002	1	6		0			0	0
18	40011402	2	2	401001	1	6		0			0	0
19	40011402	2	3	401002	1	6		0			0	0
20	40011403	2	2	401001	1	6		0			0	0
21	40011403	2	3	401002	1	6		0			0	0
22	40011404	2	2	401001	1	6		0			0	0
23	40011404	2	3	401002	1	6		0			0	0
24	40011405	2	2	401003	1	6		0			0	0
25	40011406	2	2	401001	1	6		0			0	0
26	40011406	2	3	401002	1	6		0			0	0
27	40011407	2	2	401001	1	6		0			0	0
28	40011407	2	3	401002	1	6		0			0	0
29	40011408	2	2	401001	1	6		0			0	0
30	40011408	2	3	401002	1	6		0			0	0
31	40011409	2	2	401001	1	6		0			0	0
32	40011409	2	3	401002	1	6		0			0	0
33	40021401	2	2	401001	1	6		0			0	0
34	40021401	2	3	401002	1	6		0			0	0
35	40021402	2	2	401001	1	6		0			0	0
36	40021402	2	3	401002	1	6		0			0	0
37	40021403	2	2	401001	1	6		0			0	0
38	40021403	2	3	401002	1	6		0			0	0
39	40021404	2	2	401001	1	6		0			0	0
40	40021404	2	3	401002	1	6		0			0	0
41	40021405	2	2	401003	1	6		0			0	0
42	40021406	2	2	401001	1	6		0			0	0
43	40021406	2	3	401002	1	6		0			0	0
44	40021407	2	2	401001	1	6		0			0	0
45	40021407	2	3	401002	1	6		0			0	0
46	40021408	2	2	401001	1	6		0			0	0
47	40021408	2	3	401002	1	6		0			0	0
48	40021409	2	2	401001	1	6		0			0	0
49	40021409	2	3	401002	1	6		0			0	0
50	40031401	2	2	401001	1	6		0			0	0
51	40031401	2	3	401002	1	6		0			0	0
52	40031402	2	2	401001	1	6		0			0	0
53	40031402	2	3	401002	1	6		0			0	0
54	40031403	2	2	401001	1	6		0			0	0
55	40031403	2	3	401002	1	6		0			0	0
56	40031404	2	2	401001	1	6		0			0	0
57	40031404	2	3	401002	1	6		0			0	0
58	40031405	2	2	401003	1	6		0			0	0
59	40031406	2	2	401001	1	6		0			0	0
60	40031406	2	3	401002	1	6		0			0	0
61	40031407	2	2	401001	1	6		0			0	0
62	40031407	2	3	401002	1	6		0			0	0
63	40031408	2	2	401001	1	6		0			0	0
64	40031408	2	3	401002	1	6		0			0	0
65	40031409	2	2	401001	1	6		0			0	0
66	40031409	2	3	401002	1	6		0			0	0
67	40041401	2	2	401001	1	6		0			0	0
68	40041401	2	3	401002	1	6		0			0	0
69	40041402	2	2	401001	1	6		0			0	0
70	40041402	2	3	401002	1	6		0			0	0
71	40041403	2	2	401001	1	6		0			0	0
72	40041403	2	3	401002	1	6		0			0	0
73	40041404	2	2	401001	1	6		0			0	0
74	40041404	2	3	401002	1	6		0			0	0
75	40041405	2	2	401003	1	6		0			0	0
76	40041406	2	2	401001	1	6		0			0	0
77	40041406	2	3	401002	1	6		0			0	0
78	40041407	2	2	401001	1	6		0			0	0
79	40041407	2	3	401002	1	6		0			0	0
80	40041408	2	2	401001	1	6		0			0	0
81	40041408	2	3	401002	1	6		0			0	0
82	40041409	2	2	401001	1	6		0			0	0
83	40041409	2	3	401002	1	6		0			0	0
84	40051401	2	2	401001	1	6		0			0	0
85	40051401	2	3	401002	1	6		0			0	0
86	40051402	2	2	401001	1	6		0			0	0
87	40051402	2	3	401002	1	6		0			0	0
88	40051403	2	2	401001	1	6		0			0	0
89	40051403	2	3	401002	1	6		0			0	0
90	40051404	2	2	401001	1	6		0			0	0
91	40051404	2	3	401002	1	6		0			0	0
92	40051405	2	2	401003	1	6		0			0	0
93	40051406	2	2	401001	1	6		0			0	0
94	40051406	2	3	401002	1	6		0			0	0
95	40051407	2	2	401001	1	6		0			0	0
96	40051407	2	3	401002	1	6		0			0	0
97	40051408	2	2	401001	1	6		0			0	0
98	40051408	2	3	401002	1	6		0			0	0
99	40051409	2	2	401001	1	6		0			0	0
100	40051409	2	3	401002	1	6		0			0	0
101	40061401	2	2	401001	1	6		0			0	0
102	40061401	2	3	401002	1	6		0			0	0
103	40061402	2	2	401001	1	6		0			0	0
104	40061402	2	3	401002	1	6		0			0	0
105	40061403	2	2	401001	1	6		0			0	0
106	40061403	2	3	401002	1	6		0			0	0
107	40061404	2	2	401001	1	6		0			0	0
108	40061404	2	3	401002	1	6		0			0	0
109	40061405	2	2	401003	1	6		0			0	0
110	40061406	2	2	401001	1	6		0			0	0
111	40061406	2	3	401002	1	6		0			0	0
112	40061407	2	2	401001	1	6		0			0	0
113	40061407	2	3	401002	1	6		0			0	0
114	40061408	2	2	401001	1	6		0			0	0
115	40061408	2	3	401002	1	6		0			0	0
116	40061409	2	2	401001	1	6		0			0	0
117	40061409	2	3	401002	1	6		0			0	0
118	40071401	2	2	401001	1	6		0			0	0
119	40071401	2	3	401002	1	6		0			0	0
120	40071402	2	2	401001	1	6		0			0	0
121	40071402	2	3	401002	1	6		0			0	0
122	40071403	2	2	401001	1	6		0			0	0
123	40071403	2	3	401002	1	6		0			0	0
124	40071404	2	2	401001	1	6		0			0	0
125	40071404	2	3	401002	1	6		0			0	0
126	40071405	2	2	401003	1	6		0			0	0
127	40071406	2	2	401001	1	6		0			0	0
128	40071406	2	3	401002	1	6		0			0	0
129	40071407	2	2	401001	1	6		0			0	0
130	40071407	2	3	401002	1	6		0			0	0
131	40071408	2	2	401001	1	6		0			0	0
132	40071408	2	3	401002	1	6		0			0	0
133	40071409	2	2	401001	1	6		0			0	0
134	40071409	2	3	401002	1	6		0			0	0
135	40081401	2	2	401001	1	6		0			0	0
136	40081401	2	3	401002	1	6		0			0	0
137	40081402	2	2	401001	1	6		0			0	0
138	40081402	2	3	401002	1	6		0			0	0
139	40081403	2	2	401001	1	6		0			0	0
140	40081403	2	3	401002	1	6		0			0	0
141	40081404	2	2	401001	1	6		0			0	0
142	40081404	2	3	401002	1	6		0			0	0
143	40081405	2	2	401003	1	6		0			0	0
144	40081406	2	2	401001	1	6		0			0	0
145	40081406	2	3	401002	1	6		0			0	0
146	40081407	2	2	401001	1	6		0			0	0
147	40081407	2	3	401002	1	6		0			0	0
148	40081408	2	2	401001	1	6		0			0	0
149	40081408	2	3	401002	1	6		0			0	0
150	40081409	2	2	401001	1	6		0			0	0
151	40081409	2	3	401002	1	6		0			0	0
152	40011410	2	2	401001	1	6		0			0	0
153	40011410	2	3	401002	1	6		0			0	0
154	40021410	2	2	401001	1	6		0			0	0
155	40021410	2	3	401002	1	6		0			0	0
156	40031410	2	2	401001	1	6		0			0	0
157	40031410	2	3	401002	1	6		0			0	0
158	40041410	2	2	401001	1	6		0			0	0
159	40041410	2	3	401002	1	6		0			0	0
160	40051410	2	2	401001	1	6		0			0	0
161	40051410	2	3	401002	1	6		0			0	0
162	40061410	2	2	401001	1	6		0			0	0
163	40061410	2	3	401002	1	6		0			0	0
164	40071410	2	2	401001	1	6		0			0	0
165	40071410	2	3	401002	1	6		0			0	0
166	40081410	2	2	401001	1	6		0			0	0
167	40081410	2	3	401002	1	6		0			0	0
168	40011411	2	2	401003	1	6		0			0	0
169	40021411	2	2	401003	1	6		0			0	0
170	40031411	2	2	401003	1	6		0			0	0
171	40041411	2	2	401003	1	6		0			0	0
172	40051411	2	2	401003	1	6		0			0	0
173	40061411	2	2	401003	1	6		0			0	0
174	40071411	2	2	401003	1	6		0			0	0
175	40081411	2	2	401003	1	6		0			0	0
176	40011412	2	2	401003	1	6		0			0	0
177	40021412	2	2	401003	1	6		0			0	0
178	40031412	2	2	401003	1	6		0			0	0
179	40041412	2	2	401003	1	6		0			0	0
180	40051412	2	2	401003	1	6		0			0	0
181	40061412	2	2	401003	1	6		0			0	0
182	40071412	2	2	401003	1	6		0			0	0
183	40081412	2	2	401003	1	6		0			0	0
184	40011413	2	2	401003	1	6		0			0	0
185	40021413	2	2	401003	1	6		0			0	0
186	40031413	2	2	401003	1	6		0			0	0
187	40041413	2	2	401003	1	6		0			0	0
188	40051413	2	2	401003	1	6		0			0	0
189	40061413	2	2	401003	1	6		0			0	0
190	40071413	2	2	401003	1	6		0			0	0
191	40081413	2	2	401003	1	6		0			0	0
192	40011414	2	2	401003	1	6		0			0	0
193	40021414	2	2	401003	1	6		0			0	0
194	40031414	2	2	401003	1	6		0			0	0
195	40041414	2	2	401003	1	6		0			0	0
196	40051414	2	2	401003	1	6		0			0	0
197	40061414	2	2	401003	1	6		0			0	0
198	40071414	2	2	401003	1	6		0			0	0
199	40081414	2	2	401003	1	6		0			0	0
200	40011415	2	2	401003	1	6		0			0	0
201	40021415	2	2	401003	1	6		0			0	0
202	40031415	2	2	401003	1	6		0			0	0
203	40041415	2	2	401003	1	6		0			0	0
204	40051415	2	2	401003	1	6		0			0	0
205	40061415	2	2	401003	1	6		0			0	0
206	40071415	2	2	401003	1	6		0			0	0
207	40081415	2	2	401003	1	6		0			0	0
208	40011416	2	2	401003	1	6		0			0	0
209	40021416	2	2	401003	1	6		0			0	0
210	40031416	2	2	401003	1	6		0			0	0
211	40041416	2	2	401003	1	6		0			0	0
212	40051416	2	2	401003	1	6		0			0	0
213	40061416	2	2	401003	1	6		0			0	0
214	40071416	2	2	401003	1	6		0			0	0
215	40081416	2	2	401003	1	6		0			0	0
216	40011417	2	2	401003	1	6		0			0	0
217	40021417	2	2	401003	1	6		0			0	0
218	40031417	2	2	401003	1	6		0			0	0
219	40041417	2	2	401003	1	6		0			0	0
220	40051417	2	2	401003	1	6		0			0	0
221	40061417	2	2	401003	1	6		0			0	0
222	40071417	2	2	401003	1	6		0			0	0
223	40081417	2	2	401003	1	6		0			0	0
224	40011418	2	2	401001	1	6		0			0	0
225	40021418	2	2	401001	1	6		0			0	0
226	40031418	2	2	401001	1	6		0			0	0
227	40041418	2	2	401001	1	6		0			0	0
228	40051418	2	2	401001	1	6		0			0	0
229	40061418	2	2	401001	1	6		0			0	0
230	40071418	2	2	401001	1	6		0			0	0
231	40081418	2	2	401001	1	6		0			0	0
232	40011418	2	3	401002	1	6		0			0	0
233	40021418	2	3	401002	1	6		0			0	0
234	40031418	2	3	401002	1	6		0			0	0
235	40041418	2	3	401002	1	6		0			0	0
236	40051418	2	3	401002	1	6		0			0	0
237	40061418	2	3	401002	1	6		0			0	0
238	40071418	2	3	401002	1	6		0			0	0
239	40081418	2	3	401002	1	6		0			0	0
240	40011419	2	2	401003	1	6		0			0	0
241	40021419	2	2	401003	1	6		0			0	0
242	40031419	2	2	401003	1	6		0			0	0
243	40041419	2	2	401003	1	6		0			0	0
244	40051419	2	2	401003	1	6		0			0	0
245	40061419	2	2	401003	1	6		0			0	0
246	40071419	2	2	401003	1	6		0			0	0
247	40081419	2	2	401003	1	6		0			0	0
248	40011420	2	2	401003	1	6		0			0	0
249	40021420	2	2	401003	1	6		0			0	0
250	40031420	2	2	401003	1	6		0			0	0
251	40041420	2	2	401003	1	6		0			0	0
252	40051420	2	2	401003	1	6		0			0	0
253	40061420	2	2	401003	1	6		0			0	0
254	40071420	2	2	401003	1	6		0			0	0
255	40081420	2	2	401003	1	6		0			0	0
256	40011428	2	2	401003	1	6		0			0	0
257	40021428	2	2	401003	1	6		0			0	0
258	40031428	2	2	401003	1	6		0			0	0
259	40041428	2	2	401003	1	6		0			0	0
260	40051428	2	2	401003	1	6		0			0	0
261	40061428	2	2	401003	1	6		0			0	0
262	40071428	2	2	401003	1	6		0			0	0
263	40081428	2	2	401003	1	6		0			0	0
264	40011429	2	2	401003	1	6		0			0	0
265	40021429	2	2	401003	1	6		0			0	0
266	40031429	2	2	401003	1	6		0			0	0
267	40041429	2	2	401003	1	6		0			0	0
268	40051429	2	2	401003	1	6		0			0	0
269	40061429	2	2	401003	1	6		0			0	0
270	40071429	2	2	401003	1	6		0			0	0
271	40081429	2	2	401003	1	6		0			0	0
272	40011430	2	2	401003	1	6		0			0	0
273	40021430	2	2	401003	1	6		0			0	0
274	40031430	2	2	401003	1	6		0			0	0
275	40041430	2	2	401003	1	6		0			0	0
276	40051430	2	2	401003	1	6		0			0	0
277	40061430	2	2	401003	1	6		0			0	0
278	40071430	2	2	401003	1	6		0			0	0
279	40081430	2	2	401003	1	6		0			0	0
280	40011431	2	2	401003	1	6		0			0	0
281	40021431	2	2	401003	1	6		0			0	0
282	40031431	2	2	401003	1	6		0			0	0
283	40041431	2	2	401003	1	6		0			0	0
284	40051431	2	2	401003	1	6		0			0	0
285	40061431	2	2	401003	1	6		0			0	0
286	40071431	2	2	401003	1	6		0			0	0
287	40081431	2	2	401003	1	6		0			0	0
288	40011701	2	2	401001	1	6		0			0	0
289	40021701	2	2	401001	1	6		0			0	0
290	40031701	2	2	401001	1	6		0			0	0
291	40041701	2	2	401001	1	6		0			0	0
292	40051701	2	2	401001	1	6		0			0	0
293	40061701	2	2	401001	1	6		0			0	0
294	40071701	2	2	401001	1	6		0			0	0
295	40081701	2	2	401001	1	6		0			0	0
296	40011702	2	2	401003	1	6		0			0	0
297	40021702	2	2	401003	1	6		0			0	0
298	40031702	2	2	401003	1	6		0			0	0
299	40041702	2	2	401003	1	6		0			0	0
300	40051702	2	2	401003	1	6		0			0	0
301	40061702	2	2	401003	1	6		0			0	0
302	40071702	2	2	401003	1	6		0			0	0
303	40081702	2	2	401003	1	6		0			0	0
304	40011703	2	2	401003	1	6		0			0	0
305	40021703	2	2	401003	1	6		0			0	0
306	40031703	2	2	401003	1	6		0			0	0
307	40041703	2	2	401003	1	6		0			0	0
308	40051703	2	2	401003	1	6		0			0	0
309	40061703	2	2	401003	1	6		0			0	0
310	40071703	2	2	401003	1	6		0			0	0
311	40081703	2	2	401003	1	6		0			0	0
312	40011704	2	2	401003	1	6		0			0	0
313	40021704	2	2	401003	1	6		0			0	0
314	40031704	2	2	401003	1	6		0			0	0
315	40041704	2	2	401003	1	6		0			0	0
316	40051704	2	2	401003	1	6		0			0	0
317	40061704	2	2	401003	1	6		0			0	0
318	40071704	2	2	401003	1	6		0			0	0
319	40081704	2	2	401003	1	6		0			0	0
320	40011705	2	2	401003	1	6		0			0	0
321	40021705	2	2	401003	1	6		0			0	0
322	40031705	2	2	401003	1	6		0			0	0
323	40041705	2	2	401003	1	6		0			0	0
324	40051705	2	2	401003	1	6		0			0	0
325	40061705	2	2	401003	1	6		0			0	0
326	40071705	2	2	401003	1	6		0			0	0
327	40081705	2	2	401003	1	6		0			0	0
328	40011706	2	2	401003	1	6		0			0	0
329	40021706	2	2	401003	1	6		0			0	0
330	40031706	2	2	401003	1	6		0			0	0
331	40041706	2	2	401003	1	6		0			0	0
332	40051706	2	2	401003	1	6		0			0	0
333	40061706	2	2	401003	1	6		0			0	0
334	40071706	2	2	401003	1	6		0			0	0
335	40081706	2	2	401003	1	6		0			0	0
336	40011707	2	2	401003	1	6		0			0	0
337	40021707	2	2	401003	1	6		0			0	0
338	40031707	2	2	401003	1	6		0			0	0
339	40041707	2	2	401003	1	6		0			0	0
340	40051707	2	2	401003	1	6		0			0	0
341	40061707	2	2	401003	1	6		0			0	0
342	40071707	2	2	401003	1	6		0			0	0
343	40081707	2	2	401003	1	6		0			0	0
344	40011432	2	2	401001	1	6		0			0	0
345	40021432	2	2	401001	1	6		0			0	0
346	40032432	2	2	401001	1	6		0			0	0
347	40041432	2	2	401001	1	6		0			0	0
348	40051432	2	2	401001	1	6		0			0	0
349	40061432	2	2	401001	1	6		0			0	0
350	40071432	2	2	401001	1	6		0			0	0
351	40081432	2	2	401001	1	6		0			0	0
352	40011432	2	3	401002	1	6		0			0	0
353	40021432	2	3	401002	1	6		0			0	0
354	40032432	2	3	401002	1	6		0			0	0
355	40041432	2	3	401002	1	6		0			0	0
356	40051432	2	3	401002	1	6		0			0	0
357	40061432	2	3	401002	1	6		0			0	0
358	40071432	2	3	401002	1	6		0			0	0
359	40081432	2	3	401002	1	6		0			0	0
360	40011433	2	2	401001	1	6		0			0	0
361	40021433	2	2	401001	1	6		0			0	0
362	40031433	2	2	401001	1	6		0			0	0
363	40041433	2	2	401001	1	6		0			0	0
364	40051433	2	2	401001	1	6		0			0	0
365	40061433	2	2	401001	1	6		0			0	0
366	40071433	2	2	401001	1	6		0			0	0
367	40081433	2	2	401001	1	6		0			0	0
368	40011433	2	3	401002	1	6		0			0	0
369	40021433	2	3	401002	1	6		0			0	0
370	40031433	2	3	401002	1	6		0			0	0
371	40041433	2	3	401002	1	6		0			0	0
372	40051433	2	3	401002	1	6		0			0	0
373	40061433	2	3	401002	1	6		0			0	0
374	40071433	2	3	401002	1	6		0			0	0
375	40081433	2	3	401002	1	6		0			0	0
376	40011434	2	2	401001	1	6		0			0	0
377	40021434	2	2	401001	1	6		0			0	0
378	40031434	2	2	401001	1	6		0			0	0
379	40041434	2	2	401001	1	6		0			0	0
380	40051434	2	2	401001	1	6		0			0	0
381	40061434	2	2	401001	1	6		0			0	0
382	40071434	2	2	401001	1	6		0			0	0
383	40081434	2	2	401001	1	6		0			0	0
384	40011434	2	3	401002	1	6		0			0	0
385	40021434	2	3	401002	1	6		0			0	0
386	40031434	2	3	401002	1	6		0			0	0
387	40041434	2	3	401002	1	6		0			0	0
388	40051434	2	3	401002	1	6		0			0	0
389	40061434	2	3	401002	1	6		0			0	0
390	40071434	2	3	401002	1	6		0			0	0
391	40081434	2	3	401002	1	6		0			0	0
392	40011435	2	2	401003	1	6		0			0	0
393	40021435	2	2	401003	1	6		0			0	0
394	40031435	2	2	401003	1	6		0			0	0
395	40041435	2	2	401003	1	6		0			0	0
396	40051435	2	2	401003	1	6		0			0	0
397	40061435	2	2	401003	1	6		0			0	0
398	40071435	2	2	401003	1	6		0			0	0
399	40081435	2	2	401003	1	6		0			0	0
400	40011436	2	2	401001	1	6		0			0	0
401	40021436	2	2	401001	1	6		0			0	0
402	40031436	2	2	401001	1	6		0			0	0
403	40041436	2	2	401001	1	6		0			0	0
404	40051436	2	2	401001	1	6		0			0	0
405	40061436	2	2	401001	1	6		0			0	0
406	40071436	2	2	401001	1	6		0			0	0
407	40081436	2	2	401001	1	6		0			0	0
408	40011436	2	3	401002	1	6		0			0	0
409	40021436	2	3	401002	1	6		0			0	0
410	40031436	2	3	401002	1	6		0			0	0
411	40041436	2	3	401002	1	6		0			0	0
412	40051436	2	3	401002	1	6		0			0	0
413	40061436	2	3	401002	1	6		0			0	0
414	40071436	2	3	401002	1	6		0			0	0
415	40081436	2	3	401002	1	6		0			0	0
416	40011437	2	2	401001	1	6		0			0	0
417	40021437	2	2	401001	1	6		0			0	0
418	40031437	2	2	401001	1	6		0			0	0
419	40041437	2	2	401001	1	6		0			0	0
420	40051437	2	2	401001	1	6		0			0	0
421	40061437	2	2	401001	1	6		0			0	0
422	40071437	2	2	401001	1	6		0			0	0
423	40081437	2	2	401001	1	6		0			0	0
424	40011437	2	3	401002	1	6		0			0	0
425	40021437	2	3	401002	1	6		0			0	0
426	40031437	2	3	401002	1	6		0			0	0
427	40041437	2	3	401002	1	6		0			0	0
428	40051437	2	3	401002	1	6		0			0	0
429	40061437	2	3	401002	1	6		0			0	0
430	40071437	2	3	401002	1	6		0			0	0
431	40081437	2	3	401002	1	6		0			0	0
432	40011438	2	2	401001	1	6		0			0	0
433	40021438	2	2	401001	1	6		0			0	0
434	40031438	2	2	401001	1	6		0			0	0
435	40041438	2	2	401001	1	6		0			0	0
436	40051438	2	2	401001	1	6		0			0	0
437	40061438	2	2	401001	1	6		0			0	0
438	40071438	2	2	401001	1	6		0			0	0
439	40081438	2	2	401001	1	6		0			0	0
440	40011438	2	3	401002	1	6		0			0	0
441	40021438	2	3	401002	1	6		0			0	0
442	40031438	2	3	401002	1	6		0			0	0
443	40041438	2	3	401002	1	6		0			0	0
444	40051438	2	3	401002	1	6		0			0	0
445	40061438	2	3	401002	1	6		0			0	0
446	40071438	2	3	401002	1	6		0			0	0
447	40081438	2	3	401002	1	6		0			0	0
448	40011439	2	2	401001	1	6		0			0	0
449	40021439	2	2	401001	1	6		0			0	0
450	40031439	2	2	401001	1	6		0			0	0
451	40041439	2	2	401001	1	6		0			0	0
452	40051439	2	2	401001	1	6		0			0	0
453	40061439	2	2	401001	1	6		0			0	0
454	40071439	2	2	401001	1	6		0			0	0
455	40081439	2	2	401001	1	6		0			0	0
456	40011439	2	3	401002	1	6		0			0	0
457	40021439	2	3	401002	1	6		0			0	0
458	40031439	2	3	401002	1	6		0			0	0
459	40041439	2	3	401002	1	6		0			0	0
460	40051439	2	3	401002	1	6		0			0	0
461	40061439	2	3	401002	1	6		0			0	0
462	40071439	2	3	401002	1	6		0			0	0
463	40081439	2	3	401002	1	6		0			0	0
464	40011440	2	2	401001	1	6		0			0	0
465	40021440	2	2	401001	1	6		0			0	0
466	40031440	2	2	401001	1	6		0			0	0
467	40041440	2	2	401001	1	6		0			0	0
468	40051440	2	2	401001	1	6		0			0	0
469	40061440	2	2	401001	1	6		0			0	0
470	40071440	2	2	401001	1	6		0			0	0
471	40081440	2	2	401001	1	6		0			0	0
472	40011440	2	3	401002	1	6		0			0	0
473	40021440	2	3	401002	1	6		0			0	0
474	40031440	2	3	401002	1	6		0			0	0
475	40041440	2	3	401002	1	6		0			0	0
476	40051440	2	3	401002	1	6		0			0	0
477	40061440	2	3	401002	1	6		0			0	0
478	40071440	2	3	401002	1	6		0			0	0
479	40081440	2	3	401002	1	6		0			0	0
480	40011441	2	2	401001	1	6		0			0	0
481	40021441	2	2	401001	1	6		0			0	0
482	40031441	2	2	401001	1	6		0			0	0
483	40041441	2	2	401001	1	6		0			0	0
484	40051441	2	2	401001	1	6		0			0	0
485	40061441	2	2	401001	1	6		0			0	0
486	40071441	2	2	401001	1	6		0			0	0
487	40081441	2	2	401001	1	6		0			0	0
488	40011441	2	3	401002	1	6		0			0	0
489	40021441	2	3	401002	1	6		0			0	0
490	40031441	2	3	401002	1	6		0			0	0
491	40041441	2	3	401002	1	6		0			0	0
492	40051441	2	3	401002	1	6		0			0	0
493	40061441	2	3	401002	1	6		0			0	0
494	40071441	2	3	401002	1	6		0			0	0
495	40081441	2	3	401002	1	6		0			0	0
496	40011442	2	2	401001	1	6		0			0	0
497	40021442	2	2	401001	1	6		0			0	0
498	40031442	2	2	401001	1	6		0			0	0
499	40041442	2	2	401001	1	6		0			0	0
500	40051442	2	2	401001	1	6		0			0	0
501	40061442	2	2	401001	1	6		0			0	0
502	40071442	2	2	401001	1	6		0			0	0
503	40081442	2	2	401001	1	6		0			0	0
504	40011442	2	3	401002	1	6		0			0	0
505	40021442	2	3	401002	1	6		0			0	0
506	40031442	2	3	401002	1	6		0			0	0
507	40041442	2	3	401002	1	6		0			0	0
508	40051442	2	3	401002	1	6		0			0	0
509	40061442	2	3	401002	1	6		0			0	0
510	40071442	2	3	401002	1	6		0			0	0
511	40081442	2	3	401002	1	6		0			0	0
512	40011443	2	2	401004	1	6		0			0	0
513	40021443	2	2	401004	1	6		0			0	0
514	40031443	2	2	401004	1	6		0			0	0
515	40041443	2	2	401004	1	6		0			0	0
516	40051443	2	2	401004	1	6		0			0	0
517	40061443	2	2	401004	1	6		0			0	0
518	40071443	2	2	401004	1	6		0			0	0
519	40081443	2	2	401004	1	6		0			0	0
520	40011443	2	3	401005	1	6		0			0	0
521	40021443	2	3	401005	1	6		0			0	0
522	40031443	2	3	401005	1	6		0			0	0
523	40041443	2	3	401005	1	6		0			0	0
524	40051443	2	3	401005	1	6		0			0	0
525	40061443	2	3	401005	1	6		0			0	0
526	40071443	2	3	401005	1	6		0			0	0
527	40081443	2	3	401005	1	6		0			0	0
528	40011444	2	2	401003	1	6		0			0	0
529	40021444	2	2	401003	1	6		0			0	0
530	40031444	2	2	401003	1	6		0			0	0
531	40041444	2	2	401003	1	6		0			0	0
532	40051444	2	2	401003	1	6		0			0	0
533	40061444	2	2	401003	1	6		0			0	0
534	40071444	2	2	401003	1	6		0			0	0
535	40081444	2	2	401003	1	6		0			0	0
536	40011445	2	2	401001	1	6		0			0	0
537	40021445	2	2	401001	1	6		0			0	0
538	40031445	2	2	401001	1	6		0			0	0
539	40041445	2	2	401001	1	6		0			0	0
540	40051445	2	2	401001	1	6		0			0	0
541	40061445	2	2	401001	1	6		0			0	0
542	40071445	2	2	401001	1	6		0			0	0
543	40081445	2	2	401001	1	6		0			0	0
544	40011445	2	3	401002	1	6		0			0	0
545	40021445	2	3	401002	1	6		0			0	0
546	40031445	2	3	401002	1	6		0			0	0
547	40041445	2	3	401002	1	6		0			0	0
548	40051445	2	3	401002	1	6		0			0	0
549	40061445	2	3	401002	1	6		0			0	0
550	40071445	2	3	401002	1	6		0			0	0
551	40081445	2	3	401002	1	6		0			0	0
552	40011446	2	2	401001	1	6		0			0	0
553	40021446	2	2	401001	1	6		0			0	0
554	40031446	2	2	401001	1	6		0			0	0
555	40041446	2	2	401001	1	6		0			0	0
556	40051446	2	2	401001	1	6		0			0	0
557	40061446	2	2	401001	1	6		0			0	0
558	40071446	2	2	401001	1	6		0			0	0
559	40081446	2	2	401001	1	6		0			0	0
560	40011446	2	3	401002	1	6		0			0	0
561	40021446	2	3	401002	1	6		0			0	0
562	40031446	2	3	401002	1	6		0			0	0
563	40041446	2	3	401002	1	6		0			0	0
564	40051446	2	3	401002	1	6		0			0	0
565	40061446	2	3	401002	1	6		0			0	0
566	40071446	2	3	401002	1	6		0			0	0
567	40081446	2	3	401002	1	6		0			0	0
568	40011447	2	2	401001	1	6		0			0	0
569	40021447	2	2	401001	1	6		0			0	0
570	40031447	2	2	401001	1	6		0			0	0
571	40041447	2	2	401001	1	6		0			0	0
572	40051447	2	2	401001	1	6		0			0	0
573	40061447	2	2	401001	1	6		0			0	0
574	40071447	2	2	401001	1	6		0			0	0
575	40081447	2	2	401001	1	6		0			0	0
576	40011447	2	3	401002	1	6		0			0	0
577	40021447	2	3	401002	1	6		0			0	0
578	40031447	2	3	401002	1	6		0			0	0
579	40041447	2	3	401002	1	6		0			0	0
580	40051447	2	3	401002	1	6		0			0	0
581	40061447	2	3	401002	1	6		0			0	0
582	40071447	2	3	401002	1	6		0			0	0
583	40081447	2	3	401002	1	6		0			0	0
584	40011448	2	2	401001	1	6		0			0	0
585	40021448	2	2	401001	1	6		0			0	0
586	40031448	2	2	401001	1	6		0			0	0
587	40041448	2	2	401001	1	6		0			0	0
588	40051448	2	2	401001	1	6		0			0	0
589	40061448	2	2	401001	1	6		0			0	0
590	40071448	2	2	401001	1	6		0			0	0
591	40081448	2	2	401001	1	6		0			0	0
592	40011448	2	3	401002	1	6		0			0	0
593	40021448	2	3	401002	1	6		0			0	0
594	40031448	2	3	401002	1	6		0			0	0
595	40041448	2	3	401002	1	6		0			0	0
596	40051448	2	3	401002	1	6		0			0	0
597	40061448	2	3	401002	1	6		0			0	0
598	40071448	2	3	401002	1	6		0			0	0
599	40081448	2	3	401002	1	6		0			0	0
600	40011449	2	2	401004	1	6		0			0	0
601	40021449	2	2	401004	1	6		0			0	0
602	40031449	2	2	401004	1	6		0			0	0
603	40041449	2	2	401004	1	6		0			0	0
604	40051449	2	2	401004	1	6		0			0	0
605	40061449	2	2	401004	1	6		0			0	0
606	40071449	2	2	401004	1	6		0			0	0
607	40081449	2	2	401004	1	6		0			0	0
608	40011449	2	3	401005	1	6		0			0	0
609	40021449	2	3	401005	1	6		0			0	0
610	40031449	2	3	401005	1	6		0			0	0
611	40041449	2	3	401005	1	6		0			0	0
612	40051449	2	3	401005	1	6		0			0	0
613	40061449	2	3	401005	1	6		0			0	0
614	40071449	2	3	401005	1	6		0			0	0
615	40081449	2	3	401005	1	6		0			0	0
616	40011450	2	2	401001	1	6		0			0	0
617	40021450	2	2	401001	1	6		0			0	0
618	40031450	2	2	401001	1	6		0			0	0
619	40041450	2	2	401001	1	6		0			0	0
620	40051450	2	2	401001	1	6		0			0	0
621	40061450	2	2	401001	1	6		0			0	0
622	40071450	2	2	401001	1	6		0			0	0
623	40081450	2	2	401001	1	6		0			0	0
624	40011450	2	3	401002	1	6		0			0	0
625	40021450	2	3	401002	1	6		0			0	0
626	40031450	2	3	401002	1	6		0			0	0
627	40041450	2	3	401002	1	6		0			0	0
628	40051450	2	3	401002	1	6		0			0	0
629	40061450	2	3	401002	1	6		0			0	0
630	40071450	2	3	401002	1	6		0			0	0
631	40081450	2	3	401002	1	6		0			0	0
632	40011451	2	2	401001	1	6		0			0	0
633	40021451	2	2	401001	1	6		0			0	0
634	40031451	2	2	401001	1	6		0			0	0
635	40041451	2	2	401001	1	6		0			0	0
636	40051451	2	2	401001	1	6		0			0	0
637	40061451	2	2	401001	1	6		0			0	0
638	40071451	2	2	401001	1	6		0			0	0
639	40081451	2	2	401001	1	6		0			0	0
640	40011451	2	3	401002	1	6		0			0	0
641	40021451	2	3	401002	1	6		0			0	0
642	40031451	2	3	401002	1	6		0			0	0
643	40041451	2	3	401002	1	6		0			0	0
644	40051451	2	3	401002	1	6		0			0	0
645	40061451	2	3	401002	1	6		0			0	0
646	40071451	2	3	401002	1	6		0			0	0
647	40081451	2	3	401002	1	6		0			0	0
648	40011452	2	2	401004	1	6		0			0	0
649	40021452	2	2	401004	1	6		0			0	0
650	40031452	2	2	401004	1	6		0			0	0
651	40041452	2	2	401004	1	6		0			0	0
652	40051452	2	2	401004	1	6		0			0	0
653	40061452	2	2	401004	1	6		0			0	0
654	40071452	2	2	401004	1	6		0			0	0
655	40081452	2	2	401004	1	6		0			0	0
656	40011452	2	3	401005	1	6		0			0	0
657	40021452	2	3	401005	1	6		0			0	0
658	40031452	2	3	401005	1	6		0			0	0
659	40041452	2	3	401005	1	6		0			0	0
660	40051452	2	3	401005	1	6		0			0	0
661	40061452	2	3	401005	1	6		0			0	0
662	40071452	2	3	401005	1	6		0			0	0
663	40081452	2	3	401005	1	6		0			0	0
664	40011453	2	2	401003	1	6		0			0	0
665	40021453	2	2	401003	1	6		0			0	0
666	40031453	2	2	401003	1	6		0			0	0
667	40041453	2	2	401003	1	6		0			0	0
668	40051453	2	2	401003	1	6		0			0	0
669	40061453	2	2	401003	1	6		0			0	0
670	40071453	2	2	401003	1	6		0			0	0
671	40081453	2	2	401003	1	6		0			0	0
672	40011454	2	2	401001	1	6		0			0	0
673	40021454	2	2	401001	1	6		0			0	0
674	40031454	2	2	401001	1	6		0			0	0
675	40041454	2	2	401001	1	6		0			0	0
676	40051454	2	2	401001	1	6		0			0	0
677	40061454	2	2	401001	1	6		0			0	0
678	40071454	2	2	401001	1	6		0			0	0
679	40081454	2	2	401001	1	6		0			0	0
680	40011454	2	3	401002	1	6		0			0	0
681	40021454	2	3	401002	1	6		0			0	0
682	40031454	2	3	401002	1	6		0			0	0
683	40041454	2	3	401002	1	6		0			0	0
684	40051454	2	3	401002	1	6		0			0	0
685	40061454	2	3	401002	1	6		0			0	0
686	40071454	2	3	401002	1	6		0			0	0
687	40081454	2	3	401002	1	6		0			0	0
688	40011455	2	2	401001	1	6		0			0	0
689	40021455	2	2	401001	1	6		0			0	0
690	40031455	2	2	401001	1	6		0			0	0
691	40041455	2	2	401001	1	6		0			0	0
692	40051455	2	2	401001	1	6		0			0	0
693	40061455	2	2	401001	1	6		0			0	0
694	40071455	2	2	401001	1	6		0			0	0
695	40081455	2	2	401001	1	6		0			0	0
696	40011455	2	3	401002	1	6		0			0	0
697	40021455	2	3	401002	1	6		0			0	0
698	40031455	2	3	401002	1	6		0			0	0
699	40041455	2	3	401002	1	6		0			0	0
700	40051455	2	3	401002	1	6		0			0	0
701	40061455	2	3	401002	1	6		0			0	0
702	40071455	2	3	401002	1	6		0			0	0
703	40081455	2	3	401002	1	6		0			0	0
704	40011456	2	2	401001	1	6		0			0	0
705	40021456	2	2	401001	1	6		0			0	0
706	40031456	2	2	401001	1	6		0			0	0
707	40041456	2	2	401001	1	6		0			0	0
708	40051456	2	2	401001	1	6		0			0	0
709	40061456	2	2	401001	1	6		0			0	0
710	40071456	2	2	401001	1	6		0			0	0
711	40081456	2	2	401001	1	6		0			0	0
712	40011456	2	3	401002	1	6		0			0	0
713	40021456	2	3	401002	1	6		0			0	0
714	40031456	2	3	401002	1	6		0			0	0
715	40041456	2	3	401002	1	6		0			0	0
716	40051456	2	3	401002	1	6		0			0	0
717	40061456	2	3	401002	1	6		0			0	0
718	40071456	2	3	401002	1	6		0			0	0
719	40081456	2	3	401002	1	6		0			0	0
720	40011457	2	2	401003	1	6		0			0	0
721	40021457	2	2	401003	1	6		0			0	0
722	40031457	2	2	401003	1	6		0			0	0
723	40041457	2	2	401003	1	6		0			0	0
724	40051457	2	2	401003	1	6		0			0	0
725	40061457	2	2	401003	1	6		0			0	0
726	40071457	2	2	401003	1	6		0			0	0
727	40081457	2	2	401003	1	6		0			0	0
728	40011458	2	2	401004	1	6		0			0	0
729	40021458	2	2	401004	1	6		0			0	0
730	40031458	2	2	401004	1	6		0			0	0
731	40041458	2	2	401004	1	6		0			0	0
732	40051458	2	2	401004	1	6		0			0	0
733	40061458	2	2	401004	1	6		0			0	0
734	40071458	2	2	401004	1	6		0			0	0
735	40081458	2	2	401004	1	6		0			0	0
736	40011458	2	3	401005	1	6		0			0	0
737	40021458	2	3	401005	1	6		0			0	0
738	40031458	2	3	401005	1	6		0			0	0
739	40041458	2	3	401005	1	6		0			0	0
740	40051458	2	3	401005	1	6		0			0	0
741	40061458	2	3	401005	1	6		0			0	0
742	40071458	2	3	401005	1	6		0			0	0
743	40081458	2	3	401005	1	6		0			0	0
744	40011459	2	2	401001	1	6		0			0	0
745	40021459	2	2	401001	1	6		0			0	0
746	40031459	2	2	401001	1	6		0			0	0
747	40041459	2	2	401001	1	6		0			0	0
748	40051459	2	2	401001	1	6		0			0	0
749	40061459	2	2	401001	1	6		0			0	0
750	40071459	2	2	401001	1	6		0			0	0
751	40081459	2	2	401001	1	6		0			0	0
752	40011459	2	3	401002	1	6		0			0	0
753	40021459	2	3	401002	1	6		0			0	0
754	40031459	2	3	401002	1	6		0			0	0
755	40041459	2	3	401002	1	6		0			0	0
756	40051459	2	3	401002	1	6		0			0	0
757	40061459	2	3	401002	1	6		0			0	0
758	40071459	2	3	401002	1	6		0			0	0
759	40081459	2	3	401002	1	6		0			0	0
760	40011460	2	2	401001	1	6		0			0	0
761	40021460	2	2	401001	1	6		0			0	0
762	40031460	2	2	401001	1	6		0			0	0
763	40041460	2	2	401001	1	6		0			0	0
764	40051460	2	2	401001	1	6		0			0	0
765	40061460	2	2	401001	1	6		0			0	0
766	40071460	2	2	401001	1	6		0			0	0
767	40081460	2	2	401001	1	6		0			0	0
768	40011460	2	3	401002	1	6		0			0	0
769	40021460	2	3	401002	1	6		0			0	0
770	40031460	2	3	401002	1	6		0			0	0
771	40041460	2	3	401002	1	6		0			0	0
772	40051460	2	3	401002	1	6		0			0	0
773	40061460	2	3	401002	1	6		0			0	0
774	40071460	2	3	401002	1	6		0			0	0
775	40081460	2	3	401002	1	6		0			0	0
776	10405401	1	2	1100252901	1	6		0			0	1
777	10405401	1	2	1100252902	1	6		0			6	1
778	10405401	1	2	1100252903	1	6		0			12	1
779	10405401	1	2	1100252904	1	6		0			18	1
780	10405401	1	2	1100252905	1	6		0			24	1
781	10405401	1	2	1100252906	1	6		0			30	1
782	10405401	1	2	1100252907	1	6		0			36	1
783	10405401	1	2	1100252908	1	6		0			42	1
784	10405401	1	2	1100252909	1	6		0			48	1
785	10405401	1	2	1100252910	1	6		0			54	1
786	10405401	1	2	1100252911	1	6		0			60	1
787	10405401	1	2	1100252912	1	6		0			66	1
788	10405401	1	2	1100252913	1	6		0			72	1
789	10405401	1	2	1100252914	1	6		0			78	1
790	10405401	1	2	1100252915	1	6		0			84	1
791	10405401	1	3	1100253901	1	6		0			0	1
792	10405401	1	3	1100253902	1	6		0			10	1
793	10405401	1	3	1100253903	1	6		0			20	1
794	10405401	1	3	1100253904	1	6		0			30	1
795	10405401	1	3	1100253905	1	6		0			40	1
796	10405401	1	3	1100253906	1	6		0			50	1
797	10405401	1	3	1100253907	1	6		0			60	1
798	10405401	1	3	1100253908	1	6		0			70	1
799	10405401	1	3	1100253909	1	6		0			80	1
800	10405401	1	4	1100254901	2	500		0			0	1
801	10405401	1	4	1100254902	2	700		0			12	1
802	10405401	1	4	1100254903	2	900		0			24	1
803	10405401	1	4	1100254904	2	1100		0			36	1
804	10405401	1	4	1100254905	2	1300		0			48	1
805	10405401	1	4	1100254906	2	1500		0			60	1
806	10405401	1	4	1100254907	2	1800		0			72	1
807	10405401	1	4	1100254908	2	2100		0			84	1
808	10405401	1	5	1100255901	2	500		0			0	1
809	10405401	1	5	1100255902	2	700		0			12	1
810	10405401	1	5	1100255903	2	900		0			24	1
811	10405401	1	5	1100255904	2	1100		0			36	1
812	10405401	1	5	1100255905	2	1300		0			48	1
813	10405401	1	5	1100255906	2	1500		0			60	1
814	10405401	1	5	1100255907	2	1800		0			72	1
815	10405401	1	5	1100255908	2	2100		0			84	1
816	10405401	1	5		2	800		0	equipsuit_s2_01_job01_1::equipsuit_s2_01_job01_1		15	2
817	10405401	1	5		2	1200		0	equipsuit_s2_01_job01_2::equipsuit_s2_01_job01_2		30	2
818	10405401	1	5		2	1600		0	equipsuit_s2_01_job01_3::equipsuit_s2_01_job01_3		45	2
819	10405401	1	5		2	2000		0	equipsuit_s2_01_job01_4::equipsuit_s2_01_job01_4		60	2
820	10405401	1	5		2	2400		0	equipsuit_s2_new_j01::buff_lv5		72	2
821	10405401	1	5		2	2800		0	equipsuit_s2_new_j01::buff_lv6		84	2
822	10405401	1	6	1100256101	2	1000		0			0	1
823	10405401	1	6	1100256102	2	1200		0			15	1
824	10405401	1	6	1100256103	2	1400		0			30	1
825	10405401	1	6	1100256104	2	1600		0			45	1
826	10405401	1	6	1100256105	2	1800		0			60	1
827	10405401	1	6	1100256106	2	2000		0			72	1
828	10405401	1	6	1100256107	2	2400		0			84	1
829	10405401	1	6		2	3000		0		Suit10405401	0	2
830	10405401	1	6		2	1000		0	buff6_refine01::buff_HealRes03		72	3
831	10405402	1	2	1100252901	1	6		0			0	1
832	10405402	1	2	1100252902	1	6		0			6	1
833	10405402	1	2	1100252903	1	6		0			12	1
834	10405402	1	2	1100252904	1	6		0			18	1
835	10405402	1	2	1100252905	1	6		0			24	1
836	10405402	1	2	1100252906	1	6		0			30	1
837	10405402	1	2	1100252907	1	6		0			36	1
838	10405402	1	2	1100252908	1	6		0			42	1
839	10405402	1	2	1100252909	1	6		0			48	1
840	10405402	1	2	1100252910	1	6		0			54	1
841	10405402	1	2	1100252911	1	6		0			60	1
842	10405402	1	2	1100252912	1	6		0			66	1
843	10405402	1	2	1100252913	1	6		0			72	1
844	10405402	1	2	1100252914	1	6		0			78	1
845	10405402	1	2	1100252915	1	6		0			84	1
846	10405402	1	3	1100253901	1	6		0			0	1
847	10405402	1	3	1100253902	1	6		0			10	1
848	10405402	1	3	1100253903	1	6		0			20	1
849	10405402	1	3	1100253904	1	6		0			30	1
850	10405402	1	3	1100253905	1	6		0			40	1
851	10405402	1	3	1100253906	1	6		0			50	1
852	10405402	1	3	1100253907	1	6		0			60	1
853	10405402	1	3	1100253908	1	6		0			70	1
854	10405402	1	3	1100253909	1	6		0			80	1
855	10405402	1	4	1100254901	2	500		0			0	1
856	10405402	1	4	1100254902	2	700		0			12	1
857	10405402	1	4	1100254903	2	900		0			24	1
858	10405402	1	4	1100254904	2	1100		0			36	1
859	10405402	1	4	1100254905	2	1300		0			48	1
860	10405402	1	4	1100254906	2	1500		0			60	1
861	10405402	1	4	1100254907	2	1800		0			72	1
862	10405402	1	4	1100254908	2	2100		0			84	1
863	10405402	1	5	1100255901	2	500		0			0	1
864	10405402	1	5	1100255902	2	700		0			12	1
865	10405402	1	5	1100255903	2	900		0			24	1
866	10405402	1	5	1100255904	2	1100		0			36	1
867	10405402	1	5	1100255905	2	1300		0			48	1
868	10405402	1	5	1100255906	2	1500		0			60	1
869	10405402	1	5	1100255907	2	1800		0			72	1
870	10405402	1	5	1100255908	2	2100		0			84	1
871	10405402	1	5		2	800		0	equipsuit_s2_01_job02_1::equipsuit_s2_01_job02_1		15	2
872	10405402	1	5		2	1200		0	equipsuit_s2_01_job02_2::equipsuit_s2_01_job02_2		30	2
873	10405402	1	5		2	1600		0	equipsuit_s2_01_job02_3::equipsuit_s2_01_job02_3		45	2
874	10405402	1	5		2	2000		0	equipsuit_s2_01_job02_4::equipsuit_s2_01_job02_4		60	2
875	10405402	1	5		2	2400		0	equipsuit_s2_new_j02::buff_lv5		72	2
876	10405402	1	5		2	2800		0	equipsuit_s2_new_j02::buff_lv6		84	2
877	10405402	1	6	1100256201	2	1000		0		Suit1100256201	0	1
878	10405402	1	6	1100256202	2	1200		0		Suit1100256202	15	1
879	10405402	1	6	1100256203	2	1400		0		Suit1100256203	30	1
880	10405402	1	6	1100256204	2	1600		0		Suit1100256204	45	1
881	10405402	1	6	1100256205	2	1800		0		Suit1100256205	60	1
882	10405402	1	6	1100256206	2	2000		0		Suit1100256206	72	1
883	10405402	1	6	1100256207	2	2400		0		Suit1100256207	84	1
884	10405402	1	6		2	3000		0		Suit10405402	0	2
885	10405402	1	6		2	3000		0		Suit10405402	0	2
886	10405402	1	6		2	1000		0	buff6_refine01::buff_HealRes03		72	3
887	10405403	1	2	1100252901	1	6		0			0	1
888	10405403	1	2	1100252902	1	6		0			6	1
889	10405403	1	2	1100252903	1	6		0			12	1
890	10405403	1	2	1100252904	1	6		0			18	1
891	10405403	1	2	1100252905	1	6		0			24	1
892	10405403	1	2	1100252906	1	6		0			30	1
893	10405403	1	2	1100252907	1	6		0			36	1
894	10405403	1	2	1100252908	1	6		0			42	1
895	10405403	1	2	1100252909	1	6		0			48	1
896	10405403	1	2	1100252910	1	6		0			54	1
897	10405403	1	2	1100252911	1	6		0			60	1
898	10405403	1	2	1100252912	1	6		0			66	1
899	10405403	1	2	1100252913	1	6		0			72	1
900	10405403	1	2	1100252914	1	6		0			78	1
901	10405403	1	2	1100252915	1	6		0			84	1
902	10405403	1	3	1100253901	1	6		0			0	1
903	10405403	1	3	1100253902	1	6		0			10	1
904	10405403	1	3	1100253903	1	6		0			20	1
905	10405403	1	3	1100253904	1	6		0			30	1
906	10405403	1	3	1100253905	1	6		0			40	1
907	10405403	1	3	1100253906	1	6		0			50	1
908	10405403	1	3	1100253907	1	6		0			60	1
909	10405403	1	3	1100253908	1	6		0			70	1
910	10405403	1	3	1100253909	1	6		0			80	1
911	10405403	1	4	1100254901	2	500		0			0	1
912	10405403	1	4	1100254902	2	700		0			12	1
913	10405403	1	4	1100254903	2	900		0			24	1
914	10405403	1	4	1100254904	2	1100		0			36	1
915	10405403	1	4	1100254905	2	1300		0			48	1
916	10405403	1	4	1100254906	2	1500		0			60	1
917	10405403	1	4	1100254907	2	1800		0			72	1
918	10405403	1	4	1100254908	2	2100		0			84	1
919	10405403	1	5	1100255901	2	500		0			0	1
920	10405403	1	5	1100255902	2	700		0			12	1
921	10405403	1	5	1100255903	2	900		0			24	1
922	10405403	1	5	1100255904	2	1100		0			36	1
923	10405403	1	5	1100255905	2	1300		0			48	1
924	10405403	1	5	1100255906	2	1500		0			60	1
925	10405403	1	5	1100255907	2	1800		0			72	1
926	10405403	1	5	1100255908	2	2100		0			84	1
927	10405403	1	5		2	800		0	equipsuit_s2_01_job03_1::equipsuit_s2_01_job03_1		15	2
928	10405403	1	5		2	1200		0	equipsuit_s2_01_job03_2::equipsuit_s2_01_job03_2		30	2
929	10405403	1	5		2	1600		0	equipsuit_s2_01_job03_3::equipsuit_s2_01_job03_3		45	2
930	10405403	1	5		2	2000		0	equipsuit_s2_01_job03_4::equipsuit_s2_01_job03_4		60	2
931	10405403	1	5		2	2400		0	equipsuit_s2_new_j03::buff_lv5		72	2
932	10405403	1	5		2	2800		0	equipsuit_s2_new_j03::buff_lv6		84	2
933	10405403	1	6	1100256301	2	1000		0			0	1
934	10405403	1	6	1100256302	2	1200		0			15	1
935	10405403	1	6	1100256303	2	1400		0			30	1
936	10405403	1	6	1100256304	2	1600		0			45	1
937	10405403	1	6	1100256305	2	1800		0			60	1
938	10405403	1	6	1100256306	2	2000		0			72	1
939	10405403	1	6	1100256307	2	2400		0			84	1
940	10405403	1	6		2	3000		0		Suit10405403	0	2
941	10405403	1	6		2	1000		0	buff6_refine01::buff_HealRes03		72	3
942	10405404	1	2	1100252901	1	6		0			0	1
943	10405404	1	2	1100252902	1	6		0			6	1
944	10405404	1	2	1100252903	1	6		0			12	1
945	10405404	1	2	1100252904	1	6		0			18	1
946	10405404	1	2	1100252905	1	6		0			24	1
947	10405404	1	2	1100252906	1	6		0			30	1
948	10405404	1	2	1100252907	1	6		0			36	1
949	10405404	1	2	1100252908	1	6		0			42	1
950	10405404	1	2	1100252909	1	6		0			48	1
951	10405404	1	2	1100252910	1	6		0			54	1
952	10405404	1	2	1100252911	1	6		0			60	1
953	10405404	1	2	1100252912	1	6		0			66	1
954	10405404	1	2	1100252913	1	6		0			72	1
955	10405404	1	2	1100252914	1	6		0			78	1
956	10405404	1	2	1100252915	1	6		0			84	1
957	10405404	1	3	1100253901	1	6		0			0	1
958	10405404	1	3	1100253902	1	6		0			10	1
959	10405404	1	3	1100253903	1	6		0			20	1
960	10405404	1	3	1100253904	1	6		0			30	1
961	10405404	1	3	1100253905	1	6		0			40	1
962	10405404	1	3	1100253906	1	6		0			50	1
963	10405404	1	3	1100253907	1	6		0			60	1
964	10405404	1	3	1100253908	1	6		0			70	1
965	10405404	1	3	1100253909	1	6		0			80	1
966	10405404	1	4	1100254901	2	500		0			0	1
967	10405404	1	4	1100254902	2	700		0			12	1
968	10405404	1	4	1100254903	2	900		0			24	1
969	10405404	1	4	1100254904	2	1100		0			36	1
970	10405404	1	4	1100254905	2	1300		0			48	1
971	10405404	1	4	1100254906	2	1500		0			60	1
972	10405404	1	4	1100254907	2	1800		0			72	1
973	10405404	1	4	1100254908	2	2100		0			84	1
974	10405404	1	5	1100255901	2	500		0			0	1
975	10405404	1	5	1100255902	2	700		0			12	1
976	10405404	1	5	1100255903	2	900		0			24	1
977	10405404	1	5	1100255904	2	1100		0			36	1
978	10405404	1	5	1100255905	2	1300		0			48	1
979	10405404	1	5	1100255906	2	1500		0			60	1
980	10405404	1	5	1100255907	2	1800		0			72	1
981	10405404	1	5	1100255908	2	2100		0			84	1
982	10405404	1	5		2	800		0	equipsuit_s2_01_job04_1::equipsuit_s2_01_job04_1		15	2
983	10405404	1	5		2	1200		0	equipsuit_s2_01_job04_2::equipsuit_s2_01_job04_2		30	2
984	10405404	1	5		2	1600		0	equipsuit_s2_01_job04_3::equipsuit_s2_01_job04_3		45	2
985	10405404	1	5		2	2000		0	equipsuit_s2_01_job04_4::equipsuit_s2_01_job04_4		60	2
986	10405404	1	5		2	2400		0	equipsuit_s2_new_j04::buff_lv5		72	2
987	10405404	1	5		2	2800		0	equipsuit_s2_new_j04::buff_lv6		84	2
988	10405404	1	6	1100256401	2	1000		0			0	1
989	10405404	1	6	1100256402	2	1200		0			15	1
990	10405404	1	6	1100256403	2	1400		0			30	1
991	10405404	1	6	1100256404	2	1600		0			45	1
992	10405404	1	6	1100256405	2	1800		0			60	1
993	10405404	1	6	1100256406	2	2000		0			72	1
994	10405404	1	6	1100256407	2	2400		0			84	1
995	10405404	1	6		2	3000		0		Suit10405404	0	2
996	10405404	1	6		2	1000		0	buff6_refine01::buff_HealRes03		72	3
997	10405405	1	2	1100252901	1	6		0			0	1
998	10405405	1	2	1100252902	1	6		0			6	1
999	10405405	1	2	1100252903	1	6		0			12	1
1000	10405405	1	2	1100252904	1	6		0			18	1
1001	10405405	1	2	1100252905	1	6		0			24	1
1002	10405405	1	2	1100252906	1	6		0			30	1
1003	10405405	1	2	1100252907	1	6		0			36	1
1004	10405405	1	2	1100252908	1	6		0			42	1
1005	10405405	1	2	1100252909	1	6		0			48	1
1006	10405405	1	2	1100252910	1	6		0			54	1
1007	10405405	1	2	1100252911	1	6		0			60	1
1008	10405405	1	2	1100252912	1	6		0			66	1
1009	10405405	1	2	1100252913	1	6		0			72	1
1010	10405405	1	2	1100252914	1	6		0			78	1
1011	10405405	1	2	1100252915	1	6		0			84	1
1012	10405405	1	3	1100253901	1	6		0			0	1
1013	10405405	1	3	1100253902	1	6		0			10	1
1014	10405405	1	3	1100253903	1	6		0			20	1
1015	10405405	1	3	1100253904	1	6		0			30	1
1016	10405405	1	3	1100253905	1	6		0			40	1
1017	10405405	1	3	1100253906	1	6		0			50	1
1018	10405405	1	3	1100253907	1	6		0			60	1
1019	10405405	1	3	1100253908	1	6		0			70	1
1020	10405405	1	3	1100253909	1	6		0			80	1
1021	10405405	1	4	1100254901	2	500		0			0	1
1022	10405405	1	4	1100254902	2	700		0			12	1
1023	10405405	1	4	1100254903	2	900		0			24	1
1024	10405405	1	4	1100254904	2	1100		0			36	1
1025	10405405	1	4	1100254905	2	1300		0			48	1
1026	10405405	1	4	1100254906	2	1500		0			60	1
1027	10405405	1	4	1100254907	2	1800		0			72	1
1028	10405405	1	4	1100254908	2	2100		0			84	1
1029	10405405	1	5	1100255901	2	500		0			0	1
1030	10405405	1	5	1100255902	2	700		0			12	1
1031	10405405	1	5	1100255903	2	900		0			24	1
1032	10405405	1	5	1100255904	2	1100		0			36	1
1033	10405405	1	5	1100255905	2	1300		0			48	1
1034	10405405	1	5	1100255906	2	1500		0			60	1
1035	10405405	1	5	1100255907	2	1800		0			72	1
1036	10405405	1	5	1100255908	2	2100		0			84	1
1037	10405405	1	5		2	800		0	equipsuit_s2_01_job05_1::equipsuit_s2_01_job05_1		15	2
1038	10405405	1	5		2	1200		0	equipsuit_s2_01_job05_2::equipsuit_s2_01_job05_2		30	2
1039	10405405	1	5		2	1600		0	equipsuit_s2_01_job05_3::equipsuit_s2_01_job05_3		45	2
1040	10405405	1	5		2	2000		0	equipsuit_s2_01_job05_4::equipsuit_s2_01_job05_4		60	2
1041	10405405	1	5		2	2400		0	equipsuit_s2_new_j05::buff_lv5		72	2
1042	10405405	1	5		2	2800		0	equipsuit_s2_new_j05::buff_lv6		84	2
1043	10405405	1	6	1100256501	2	1000		0			0	1
1044	10405405	1	6	1100256502	2	1200		0			15	1
1045	10405405	1	6	1100256503	2	1400		0			30	1
1046	10405405	1	6	1100256504	2	1600		0			45	1
1047	10405405	1	6	1100256505	2	1800		0			60	1
1048	10405405	1	6	1100256506	2	2000		0			72	1
1049	10405405	1	6	1100256507	2	2400		0			84	1
1050	10405405	1	6		2	3000		0		Suit10405405	0	2
1051	10405405	1	6		2	1000		0	buff6_refine01::buff_HealRes03		72	3
1052	10405406	1	2	1100252901	1	6		0			0	1
1053	10405406	1	2	1100252902	1	6		0			6	1
1054	10405406	1	2	1100252903	1	6		0			12	1
1055	10405406	1	2	1100252904	1	6		0			18	1
1056	10405406	1	2	1100252905	1	6		0			24	1
1057	10405406	1	2	1100252906	1	6		0			30	1
1058	10405406	1	2	1100252907	1	6		0			36	1
1059	10405406	1	2	1100252908	1	6		0			42	1
1060	10405406	1	2	1100252909	1	6		0			48	1
1061	10405406	1	2	1100252910	1	6		0			54	1
1062	10405406	1	2	1100252911	1	6		0			60	1
1063	10405406	1	2	1100252912	1	6		0			66	1
1064	10405406	1	2	1100252913	1	6		0			72	1
1065	10405406	1	2	1100252914	1	6		0			78	1
1066	10405406	1	2	1100252915	1	6		0			84	1
1067	10405406	1	3	1100253901	1	6		0			0	1
1068	10405406	1	3	1100253902	1	6		0			10	1
1069	10405406	1	3	1100253903	1	6		0			20	1
1070	10405406	1	3	1100253904	1	6		0			30	1
1071	10405406	1	3	1100253905	1	6		0			40	1
1072	10405406	1	3	1100253906	1	6		0			50	1
1073	10405406	1	3	1100253907	1	6		0			60	1
1074	10405406	1	3	1100253908	1	6		0			70	1
1075	10405406	1	3	1100253909	1	6		0			80	1
1076	10405406	1	4	1100254901	2	500		0			0	1
1077	10405406	1	4	1100254902	2	700		0			12	1
1078	10405406	1	4	1100254903	2	900		0			24	1
1079	10405406	1	4	1100254904	2	1100		0			36	1
1080	10405406	1	4	1100254905	2	1300		0			48	1
1081	10405406	1	4	1100254906	2	1500		0			60	1
1082	10405406	1	4	1100254907	2	1800		0			72	1
1083	10405406	1	4	1100254908	2	2100		0			84	1
1084	10405406	1	5	1100255901	2	500		0			0	1
1085	10405406	1	5	1100255902	2	700		0			12	1
1086	10405406	1	5	1100255903	2	900		0			24	1
1087	10405406	1	5	1100255904	2	1100		0			36	1
1088	10405406	1	5	1100255905	2	1300		0			48	1
1089	10405406	1	5	1100255906	2	1500		0			60	1
1090	10405406	1	5	1100255907	2	1800		0			72	1
1091	10405406	1	5	1100255908	2	2100		0			84	1
1092	10405406	1	5		2	800		0	equipsuit_s2_01_job06_1::equipsuit_s2_01_job06_1		15	2
1093	10405406	1	5		2	1200		0	equipsuit_s2_01_job06_2::equipsuit_s2_01_job06_2		30	2
1094	10405406	1	5		2	1600		0	equipsuit_s2_01_job06_3::equipsuit_s2_01_job06_3		45	2
1095	10405406	1	5		2	2000		0	equipsuit_s2_01_job06_4::equipsuit_s2_01_job06_4		60	2
1096	10405406	1	5		2	2400		0	equipsuit_s2_new_j06::buff_lv5		72	2
1097	10405406	1	5		2	2800		0	equipsuit_s2_new_j06::buff_lv6		84	2
1098	10405406	1	6	1100256601	2	1000		0			0	1
1099	10405406	1	6	1100256602	2	1200		0			15	1
1100	10405406	1	6	1100256603	2	1400		0			30	1
1101	10405406	1	6	1100256604	2	1600		0			45	1
1102	10405406	1	6	1100256605	2	1800		0			60	1
1103	10405406	1	6	1100256606	2	2000		0			72	1
1104	10405406	1	6	1100256607	2	2400		0			84	1
1105	10405406	1	6		2	3000		0		Suit10405406	0	2
1106	10405406	1	6		2	1000		0	buff6_refine01::buff_HealRes03		72	3
1107	10203201	1	2	1100242901	2	500		0			0	0
1108	10203201	1	4	1100244901	2	50		0			0	0
1109	10203201	1	6	1100246901	2	50		0			0	0
1110	10203202	1	2	1100242901	2	500		0			0	0
1111	10203202	1	4	1100244901	2	50		0			0	0
1112	10203202	1	6	1100246901	2	50		0			0	0
1113	10203203	1	2	1100242901	2	500		0			0	0
1114	10203203	1	4	1100244901	2	50		0			0	0
1115	10203203	1	6	1100246901	2	50		0			0	0
1116	10203204	1	2	1100242901	2	500		0			0	0
1117	10203204	1	4	1100244901	2	50		0			0	0
1118	10203204	1	6	1100246901	2	50		0			0	0
1119	10203205	1	2	1100242901	2	500		0			0	0
1120	10203205	1	4	1100244901	2	50		0			0	0
1121	10203205	1	6	1100246901	2	50		0			0	0
1122	10203206	1	2	1100242901	2	500		0			0	0
1123	10203206	1	4	1100244901	2	50		0			0	0
1124	10203206	1	6	1100246901	2	50		0			0	0
1125	10204201	1	2	1100262901	1	6		0			0	1
1126	10204201	1	2	1100262902	1	6		0			6	1
1127	10204201	1	2	1100262903	1	6		0			12	1
1128	10204201	1	2	1100262904	1	6		0			18	1
1129	10204201	1	2	1100262905	1	6		0			24	1
1130	10204201	1	2	1100262906	1	6		0			30	1
1131	10204201	1	2	1100262907	1	6		0			36	1
1132	10204201	1	2	1100262908	1	6		0			42	1
1133	10204201	1	2	1100262909	1	6		0			48	1
1134	10204201	1	2	1100262910	1	6		0			54	1
1135	10204201	1	2	1100262911	1	6		0			60	1
1136	10204201	1	2	1100262912	1	6		0			66	1
1137	10204201	1	2	1100262913	1	6		0			72	1
1138	10204201	1	2	1100262914	1	6		0			78	1
1139	10204201	1	2	1100262915	1	6		0			84	1
1140	10204201	1	3	1100263101	1	6		0			0	1
1141	10204201	1	3	1100263102	1	6		0			12	1
1142	10204201	1	3	1100263103	1	6		0			24	1
1143	10204201	1	3	1100263104	1	6		0			36	1
1144	10204201	1	3	1100263105	1	6		0			48	1
1145	10204201	1	3	1100263106	1	6		0			60	1
1146	10204201	1	3	1100263107	1	6		0			72	1
1147	10204201	1	3	1100263108	1	6		0			84	1
1148	10204201	1	4	1100264901	2	350		0			0	1
1149	10204201	1	4	1100264902	2	450		0			15	1
1150	10204201	1	4	1100264903	2	550		0			30	1
1151	10204201	1	4	1100264904	2	650		0			45	1
1152	10204201	1	4	1100264905	2	750		0			60	1
1153	10204201	1	4	1100264906	2	900		0			72	1
1154	10204201	1	4	1100264907	2	1100		0			84	1
1155	10204201	1	5	1100265101	1	6		0			0	1
1156	10204201	1	5	1100265102	1	6		0			20	1
1157	10204201	1	5	1100265103	1	6		0			40	1
1158	10204201	1	5	1100265104	1	6		0			60	1
1159	10204201	1	5	1100265105	1	6		0			72	1
1160	10204201	1	5	1100265106	1	6		0			84	1
1161	10204201	1	6	1100266901	2	350		0			0	1
1162	10204201	1	6	1100266902	2	450		0			15	1
1163	10204201	1	6	1100266903	2	550		0			30	1
1164	10204201	1	6	1100266904	2	650		0			45	1
1165	10204201	1	6	1100266905	2	750		0			60	1
1166	10204201	1	6	1100266906	2	900		0			72	1
1167	10204201	1	6	1100266907	2	1100		0			84	1
1168	10204202	1	2	1100262901	1	6		0			0	1
1169	10204202	1	2	1100262902	1	6		0			6	1
1170	10204202	1	2	1100262903	1	6		0			12	1
1171	10204202	1	2	1100262904	1	6		0			18	1
1172	10204202	1	2	1100262905	1	6		0			24	1
1173	10204202	1	2	1100262906	1	6		0			30	1
1174	10204202	1	2	1100262907	1	6		0			36	1
1175	10204202	1	2	1100262908	1	6		0			42	1
1176	10204202	1	2	1100262909	1	6		0			48	1
1177	10204202	1	2	1100262910	1	6		0			54	1
1178	10204202	1	2	1100262911	1	6		0			60	1
1179	10204202	1	2	1100262912	1	6		0			66	1
1180	10204202	1	2	1100262913	1	6		0			72	1
1181	10204202	1	2	1100262914	1	6		0			78	1
1182	10204202	1	2	1100262915	1	6		0			84	1
1183	10204202	1	3	1100263201	1	6		0			0	1
1184	10204202	1	3	1100263202	1	6		0			12	1
1185	10204202	1	3	1100263203	1	6		0			24	1
1186	10204202	1	3	1100263204	1	6		0			36	1
1187	10204202	1	3	1100263205	1	6		0			48	1
1188	10204202	1	3	1100263206	1	6		0			60	1
1189	10204202	1	3	1100263207	1	6		0			72	1
1190	10204202	1	3	1100263208	1	6		0			84	1
1191	10204202	1	4	1100264901	2	350		0			0	1
1192	10204202	1	4	1100264902	2	450		0			15	1
1193	10204202	1	4	1100264903	2	550		0			30	1
1194	10204202	1	4	1100264904	2	650		0			45	1
1195	10204202	1	4	1100264905	2	750		0			60	1
1196	10204202	1	4	1100264906	2	900		0			72	1
1197	10204202	1	4	1100264907	2	1100		0			84	1
1198	10204202	1	5	1100265201	1	6		0			0	1
1199	10204202	1	5	1100265202	1	6		0			20	1
1200	10204202	1	5	1100265203	1	6		0			40	1
1201	10204202	1	5	1100265204	1	6		0			60	1
1202	10204202	1	5	1100265205	1	6		0			72	1
1203	10204202	1	5	1100265206	1	6		0			84	1
1204	10204202	1	6	1100266901	2	350		0			0	1
1205	10204202	1	6	1100266902	2	450		0			15	1
1206	10204202	1	6	1100266903	2	550		0			30	1
1207	10204202	1	6	1100266904	2	650		0			45	1
1208	10204202	1	6	1100266905	2	750		0			60	1
1209	10204202	1	6	1100266906	2	900		0			72	1
1210	10204202	1	6	1100266907	2	1100		0			84	1
1211	10204203	1	2	1100262901	1	6		0			0	1
1212	10204203	1	2	1100262902	1	6		0			6	1
1213	10204203	1	2	1100262903	1	6		0			12	1
1214	10204203	1	2	1100262904	1	6		0			18	1
1215	10204203	1	2	1100262905	1	6		0			24	1
1216	10204203	1	2	1100262906	1	6		0			30	1
1217	10204203	1	2	1100262907	1	6		0			36	1
1218	10204203	1	2	1100262908	1	6		0			42	1
1219	10204203	1	2	1100262909	1	6		0			48	1
1220	10204203	1	2	1100262910	1	6		0			54	1
1221	10204203	1	2	1100262911	1	6		0			60	1
1222	10204203	1	2	1100262912	1	6		0			66	1
1223	10204203	1	2	1100262913	1	6		0			72	1
1224	10204203	1	2	1100262914	1	6		0			78	1
1225	10204203	1	2	1100262915	1	6		0			84	1
1226	10204203	1	3	1100263301	1	6		0			0	1
1227	10204203	1	3	1100263302	1	6		0			12	1
1228	10204203	1	3	1100263303	1	6		0			24	1
1229	10204203	1	3	1100263304	1	6		0			36	1
1230	10204203	1	3	1100263305	1	6		0			48	1
1231	10204203	1	3	1100263306	1	6		0			60	1
1232	10204203	1	3	1100263307	1	6		0			72	1
1233	10204203	1	3	1100263308	1	6		0			84	1
1234	10204203	1	4	1100264901	2	350		0			0	1
1235	10204203	1	4	1100264902	2	450		0			15	1
1236	10204203	1	4	1100264903	2	550		0			30	1
1237	10204203	1	4	1100264904	2	650		0			45	1
1238	10204203	1	4	1100264905	2	750		0			60	1
1239	10204203	1	4	1100264906	2	900		0			72	1
1240	10204203	1	4	1100264907	2	1100		0			84	1
1241	10204203	1	5	1100265301	1	6		0			0	1
1242	10204203	1	5	1100265302	1	6		0			20	1
1243	10204203	1	5	1100265303	1	6		0			40	1
1244	10204203	1	5	1100265304	1	6		0			60	1
1245	10204203	1	5	1100265305	1	6		0			72	1
1246	10204203	1	5	1100265306	1	6		0			84	1
1247	10204203	1	6	1100266901	2	350		0			0	1
1248	10204203	1	6	1100266902	2	450		0			15	1
1249	10204203	1	6	1100266903	2	550		0			30	1
1250	10204203	1	6	1100266904	2	650		0			45	1
1251	10204203	1	6	1100266905	2	750		0			60	1
1252	10204203	1	6	1100266906	2	900		0			72	1
1253	10204203	1	6	1100266907	2	1100		0			84	1
1254	10204204	1	2	1100262901	1	6		0			0	1
1255	10204204	1	2	1100262902	1	6		0			6	1
1256	10204204	1	2	1100262903	1	6		0			12	1
1257	10204204	1	2	1100262904	1	6		0			18	1
1258	10204204	1	2	1100262905	1	6		0			24	1
1259	10204204	1	2	1100262906	1	6		0			30	1
1260	10204204	1	2	1100262907	1	6		0			36	1
1261	10204204	1	2	1100262908	1	6		0			42	1
1262	10204204	1	2	1100262909	1	6		0			48	1
1263	10204204	1	2	1100262910	1	6		0			54	1
1264	10204204	1	2	1100262911	1	6		0			60	1
1265	10204204	1	2	1100262912	1	6		0			66	1
1266	10204204	1	2	1100262913	1	6		0			72	1
1267	10204204	1	2	1100262914	1	6		0			78	1
1268	10204204	1	2	1100262915	1	6		0			84	1
1269	10204204	1	3	1100263401	1	6		0			0	1
1270	10204204	1	3	1100263402	1	6		0			12	1
1271	10204204	1	3	1100263403	1	6		0			24	1
1272	10204204	1	3	1100263404	1	6		0			36	1
1273	10204204	1	3	1100263405	1	6		0			48	1
1274	10204204	1	3	1100263406	1	6		0			60	1
1275	10204204	1	3	1100263407	1	6		0			72	1
1276	10204204	1	3	1100263408	1	6		0			84	1
1277	10204204	1	4	1100264901	2	350		0			0	1
1278	10204204	1	4	1100264902	2	450		0			15	1
1279	10204204	1	4	1100264903	2	550		0			30	1
1280	10204204	1	4	1100264904	2	650		0			45	1
1281	10204204	1	4	1100264905	2	750		0			60	1
1282	10204204	1	4	1100264906	2	900		0			72	1
1283	10204204	1	4	1100264907	2	1100		0			84	1
1284	10204204	1	5	1100265401	1	6		0			0	1
1285	10204204	1	5	1100265402	1	6		0			20	1
1286	10204204	1	5	1100265403	1	6		0			40	1
1287	10204204	1	5	1100265404	1	6		0			60	1
1288	10204204	1	5	1100265405	1	6		0			72	1
1289	10204204	1	5	1100265406	1	6		0			84	1
1290	10204204	1	6	1100266901	2	350		0			0	1
1291	10204204	1	6	1100266902	2	450		0			15	1
1292	10204204	1	6	1100266903	2	550		0			30	1
1293	10204204	1	6	1100266904	2	650		0			45	1
1294	10204204	1	6	1100266905	2	750		0			60	1
1295	10204204	1	6	1100266906	2	900		0			72	1
1296	10204204	1	6	1100266907	2	1100		0			84	1
1297	10204205	1	2	1100262901	1	6		0			0	1
1298	10204205	1	2	1100262902	1	6		0			6	1
1299	10204205	1	2	1100262903	1	6		0			12	1
1300	10204205	1	2	1100262904	1	6		0			18	1
1301	10204205	1	2	1100262905	1	6		0			24	1
1302	10204205	1	2	1100262906	1	6		0			30	1
1303	10204205	1	2	1100262907	1	6		0			36	1
1304	10204205	1	2	1100262908	1	6		0			42	1
1305	10204205	1	2	1100262909	1	6		0			48	1
1306	10204205	1	2	1100262910	1	6		0			54	1
1307	10204205	1	2	1100262911	1	6		0			60	1
1308	10204205	1	2	1100262912	1	6		0			66	1
1309	10204205	1	2	1100262913	1	6		0			72	1
1310	10204205	1	2	1100262914	1	6		0			78	1
1311	10204205	1	2	1100262915	1	6		0			84	1
1312	10204205	1	3	1100263501	1	6		0			0	1
1313	10204205	1	3	1100263502	1	6		0			12	1
1314	10204205	1	3	1100263503	1	6		0			24	1
1315	10204205	1	3	1100263504	1	6		0			36	1
1316	10204205	1	3	1100263505	1	6		0			48	1
1317	10204205	1	3	1100263506	1	6		0			60	1
1318	10204205	1	3	1100263507	1	6		0			72	1
1319	10204205	1	3	1100263508	1	6		0			84	1
1320	10204205	1	4	1100264901	2	350		0			0	1
1321	10204205	1	4	1100264902	2	450		0			15	1
1322	10204205	1	4	1100264903	2	550		0			30	1
1323	10204205	1	4	1100264904	2	650		0			45	1
1324	10204205	1	4	1100264905	2	750		0			60	1
1325	10204205	1	4	1100264906	2	900		0			72	1
1326	10204205	1	4	1100264907	2	1100		0			84	1
1327	10204205	1	5	1100265501	1	6		0			0	1
1328	10204205	1	5	1100265502	1	6		0			20	1
1329	10204205	1	5	1100265503	1	6		0			40	1
1330	10204205	1	5	1100265504	1	6		0			60	1
1331	10204205	1	5	1100265505	1	6		0			72	1
1332	10204205	1	5	1100265506	1	6		0			84	1
1333	10204205	1	6	1100266901	2	350		0			0	1
1334	10204205	1	6	1100266902	2	450		0			15	1
1335	10204205	1	6	1100266903	2	550		0			30	1
1336	10204205	1	6	1100266904	2	650		0			45	1
1337	10204205	1	6	1100266905	2	750		0			60	1
1338	10204205	1	6	1100266906	2	900		0			72	1
1339	10204205	1	6	1100266907	2	1100		0			84	1
1340	10204206	1	2	1100262901	1	6		0			0	1
1341	10204206	1	2	1100262902	1	6		0			6	1
1342	10204206	1	2	1100262903	1	6		0			12	1
1343	10204206	1	2	1100262904	1	6		0			18	1
1344	10204206	1	2	1100262905	1	6		0			24	1
1345	10204206	1	2	1100262906	1	6		0			30	1
1346	10204206	1	2	1100262907	1	6		0			36	1
1347	10204206	1	2	1100262908	1	6		0			42	1
1348	10204206	1	2	1100262909	1	6		0			48	1
1349	10204206	1	2	1100262910	1	6		0			54	1
1350	10204206	1	2	1100262911	1	6		0			60	1
1351	10204206	1	2	1100262912	1	6		0			66	1
1352	10204206	1	2	1100262913	1	6		0			72	1
1353	10204206	1	2	1100262914	1	6		0			78	1
1354	10204206	1	2	1100262915	1	6		0			84	1
1355	10204206	1	3	1100263601	1	6		0			0	1
1356	10204206	1	3	1100263602	1	6		0			12	1
1357	10204206	1	3	1100263603	1	6		0			24	1
1358	10204206	1	3	1100263604	1	6		0			36	1
1359	10204206	1	3	1100263605	1	6		0			48	1
1360	10204206	1	3	1100263606	1	6		0			60	1
1361	10204206	1	3	1100263607	1	6		0			72	1
1362	10204206	1	3	1100263608	1	6		0			84	1
1363	10204206	1	4	1100264901	2	350		0			0	1
1364	10204206	1	4	1100264902	2	450		0			15	1
1365	10204206	1	4	1100264903	2	550		0			30	1
1366	10204206	1	4	1100264904	2	650		0			45	1
1367	10204206	1	4	1100264905	2	750		0			60	1
1368	10204206	1	4	1100264906	2	900		0			72	1
1369	10204206	1	4	1100264907	2	1100		0			84	1
1370	10204206	1	5	1100265601	1	6		0			0	1
1371	10204206	1	5	1100265602	1	6		0			20	1
1372	10204206	1	5	1100265603	1	6		0			40	1
1373	10204206	1	5	1100265604	1	6		0			60	1
1374	10204206	1	5	1100265605	1	6		0			72	1
1375	10204206	1	5	1100265606	1	6		0			84	1
1376	10204206	1	6	1100266901	2	350		0			0	1
1377	10204206	1	6	1100266902	2	450		0			15	1
1378	10204206	1	6	1100266903	2	550		0			30	1
1379	10204206	1	6	1100266904	2	650		0			45	1
1380	10204206	1	6	1100266905	2	750		0			60	1
1381	10204206	1	6	1100266906	2	900		0			72	1
1382	10204206	1	6	1100266907	2	1100		0			84	1
1383	20355399	1	2	1100272901	1	6		0			0	1
1384	20355399	1	2	1100272902	1	6		0			5	1
1385	20355399	1	2	1100272903	1	6		0			10	1
1386	20355399	1	2	1100272904	1	6		0			15	1
1387	20355399	1	2	1100272905	1	6		0			20	1
1388	20355399	1	2	1100272906	1	6		0			25	1
1389	20355399	1	2	1100272907	1	6		0			30	1
1390	20355399	1	2	1100272908	1	6		0			35	1
1391	20355399	1	2	1100272909	1	6		0			40	1
1392	20355399	1	2	1100272910	1	6		0			45	1
1393	20355399	1	2	1100272911	1	6		0			48	1
1394	20355399	1	2	1100272912	1	6		0			52	1
1395	20355399	1	3	1100273901	2	800		0			0	1
1396	20355399	1	3	1100273902	2	900		0			10	1
1397	20355399	1	3	1100273903	2	1000		0			20	1
1398	20355399	1	3	1100273904	2	1100		0			30	1
1399	20355399	1	3	1100273905	2	1200		0			40	1
1400	20355399	1	3	1100273906	2	1350		0			48	1
1401	20355399	1	3	1100273907	2	1500		0			56	1
1402	20355399	1	4	1100274901	2	800		0			0	1
1403	20355399	1	4	1100274902	2	900		0			10	1
1404	20355399	1	4	1100274903	2	1000		0			20	1
1405	20355399	1	4	1100274904	2	1100		0			30	1
1406	20355399	1	4	1100274905	2	1200		0			40	1
1407	20355399	1	4	1100274909	2	1350		0			48	1
1408	20355399	1	4	1100274911	2	1500		0			56	1
1409	20355399	1	4	1100274906	2	1200		0		Suit1100274906	20	2
1410	20355399	1	4	1100274907	2	1800		0		Suit1100274907	30	2
1411	20355399	1	4	1100274908	2	2400		0		Suit1100274908	40	2
1412	20355399	1	4	1100274910	2	3000		0		Suit1100274910	48	2
1413	20355399	1	4	1100274912	2	3600		0		Suit1100274912	56	2
1414	20355398	1	2	1100282901	1	6		0			0	1
1415	20355398	1	2	1100282902	1	6		0			5	1
1416	20355398	1	2	1100282903	1	6		0			10	1
1417	20355398	1	2	1100282904	1	6		0			15	1
1418	20355398	1	2	1100282905	1	6		0			20	1
1419	20355398	1	2	1100282906	1	6		0			25	1
1420	20355398	1	2	1100282907	1	6		0			30	1
1421	20355398	1	2	1100282908	1	6		0			35	1
1422	20355398	1	2	1100282909	1	6		0			40	1
1423	20355398	1	2	1100282910	1	6		0			45	1
1424	20355398	1	2	1100282911	1	6		0			48	1
1425	20355398	1	2	1100282912	1	6		0			52	1
1426	20355398	1	3	1100283901	2	800		0			0	1
1427	20355398	1	3	1100283902	2	900		0			10	1
1428	20355398	1	3	1100283903	2	1000		0			20	1
1429	20355398	1	3	1100283904	2	1100		0			30	1
1430	20355398	1	3	1100283905	2	1200		0			40	1
1431	20355398	1	3	1100283906	2	1350		0			48	1
1432	20355398	1	3	1100283907	2	1500		0			56	1
1433	20355398	1	4	1100284901	2	800		0			0	1
1434	20355398	1	4	1100284902	2	900		0			10	1
1435	20355398	1	4	1100284903	2	1000		0			20	1
1436	20355398	1	4	1100284904	2	1100		0			30	1
1437	20355398	1	4	1100284905	2	1200		0			40	1
1438	20355398	1	4	1100284909	2	1350		0			48	1
1439	20355398	1	4	1100284911	2	1500		0			56	1
1440	20355398	1	4	1100284906	2	1200		0		Suit1100284906	20	2
1441	20355398	1	4	1100284907	2	1800		0		Suit1100284907	30	2
1442	20355398	1	4	1100284908	2	2400		0		Suit1100284908	40	2
1443	20355398	1	4	1100284910	2	3000		0		Suit1100284910	48	2
1444	20355398	1	4	1100284912	2	3600		0		Suit1100284912	56	2
1445	20304299	1	2	1100292901	1	6		0			0	1
1446	20304299	1	2	1100292902	1	6		0			8	1
1447	20304299	1	2	1100292903	1	6		0			16	1
1448	20304299	1	2	1100292904	1	6		0			24	1
1449	20304299	1	2	1100292905	1	6		0			32	1
1450	20304299	1	2	1100292906	1	6		0			40	1
1451	20304299	1	2	1100292907	1	6		0			48	1
1452	20304299	1	2	1100292908	1	6		0			56	1
1453	20304299	1	3	1100293901	2	200		0			0	1
1454	20304299	1	3	1100293902	2	300		0			10	1
1455	20304299	1	3	1100293903	2	400		0			20	1
1456	20304299	1	3	1100293904	2	500		0			30	1
1457	20304299	1	3	1100293905	2	600		0			40	1
1458	20304299	1	3	1100293906	2	750		0			48	1
1459	20304299	1	3	1100293907	2	900		0			56	1
1460	20304299	1	4	1100294901	2	200		0			0	1
1461	20304299	1	4	1100294902	2	300		0			10	1
1462	20304299	1	4	1100294903	2	400		0			20	1
1463	20304299	1	4	1100294904	2	500		0			30	1
1464	20304299	1	4	1100294905	2	600		0			40	1
1465	20304299	1	4	1100294909	2	750		0			48	1
1466	20304299	1	4	1100294912	2	900		0			56	1
1467	20304299	1	4	1100294906	2	400		0			20	2
1468	20304299	1	4	1100294907	2	600		0			30	2
1469	20304299	1	4	1100294908	2	800		0			40	2
1470	20304299	1	4	1100294910	2	1000		0			48	2
1471	20304299	1	4	1100294911	2	1200		0			56	2
1472	10001	3	2	1119000001	1	6		0			0	1
1473	10001	3	2	1119000002	1	6		0			1	2
1474	10001	3	3	1119000003	1	6		0			0	3
1475	10001	3	3	1119000004	1	6		0			1	4
1476	10002	3	2	1119000005	1	6		0			0	1
1477	10002	3	2	1119000006	1	6		0			1	2
1478	10002	3	3	1119000007	1	6		0			0	3
1479	10002	3	3	1119000008	1	6		0			1	4
1480	10003	3	2	1119000009	1	6		0			0	1
1481	10003	3	2	1119000010	1	6		0			1	2
1482	10003	3	3	1119000011	1	6		0			0	3
1483	10003	3	3	1119000012	1	6		0			1	4
1484	10004	3	2	1119000013	1	6		0			0	1
1485	10004	3	2	1119000014	1	6		0			1	2
1486	10004	3	3	1119000015	1	6		0			0	3
1487	10004	3	3	1119000016	1	6		0			1	4
1488	10004	3	4	1119000017	1	6		0			0	5
1489	10005	3	2	1119000018	1	6		0			0	1
1490	10005	3	2	1119000019	1	6		0			1	2
1491	10005	3	3	1119000020	1	6		0			0	3
1492	10005	3	3	1119000021	1	6		0			1	4
1493	10005	3	4	1119000022	1	6		0			0	5
1494	10006	3	2	1119000023	1	6		0			0	1
1495	10006	3	2	1119000024	1	6		0			1	2
1496	10006	3	3	1119000025	1	6		0			0	3
1497	10006	3	3	1119000026	1	6		0			1	4
1498	10006	3	4	1119000027	1	6		0			0	5
1499	10007	3	2	1119000028	1	6		0			0	1
1500	10007	3	2	1119000029	1	6		0			1	2
1501	10007	3	3	1119000030	1	6		0			0	3
1502	10007	3	3	1119000031	1	6		0			1	4
1503	10008	3	2	1119000032	1	6		0			0	1
1504	10008	3	2	1119000033	1	6		0			1	2
1505	10008	3	3	1119000034	1	6		0			0	3
1506	10008	3	3	1119000035	1	6		0			1	4
1507	10009	3	2	1119000036	1	6		0			0	1
1508	10009	3	2	1119000037	1	6		0			1	2
1509	10009	3	3	1119000038	2	500		0			0	3
1510	10009	3	3	1119000039	1	6		0			1	4
1511	10010	3	2	1119000040	1	6		0			0	1
1512	10010	3	2	1119000041	1	6		0			1	2
1513	10010	3	3	1119000042	1	6		0			0	3
1514	10010	3	3	1119000043	1	6		0			1	4
1515	10011	3	2	1119000044	1	6		0			0	1
1516	10011	3	2	1119000045	1	6		0			1	2
1517	10011	3	3	1119000046	1	6		0			0	3
1518	10011	3	3	1119000047	1	6		0			1	4
1519	10012	3	2	1119000048	1	6		0			0	1
1520	10012	3	2	1119000049	1	6		0			1	2
1521	10012	3	3	1119000050	1	6		0			0	3
1522	10012	3	3	1119000051	1	6		0			1	4
1523	10013	3	2	1119000052	1	6		0			0	1
1524	10013	3	2	1119000053	1	6		0			1	2
1525	10013	3	3	1119000054	1	6		0			0	3
1526	10013	3	3	1119000055	1	6		0			1	4
1527	10013	3	4	1119000056	1	6		0			0	5
1528	10014	3	2	1119000057	1	6		0			0	1
1529	10014	3	2	1119000058	1	6		0			1	2
1530	10014	3	3	1119000059	1	6		0			0	3
1531	10014	3	3	1119000060	1	6		0			1	4
1532	10014	3	4	1119000061	1	6		0			0	5
1533	10015	3	2	1119000062	1	6		0			0	1
1534	10015	3	2	1119000063	1	6		0			1	2
1535	10015	3	3	1119000064	1	6		0			0	3
1536	10015	3	3	1119000065	1	6		0			1	4
1537	10015	3	4	1119000066	1	6		0			0	5
1538	10016	3	2	1119000067	1	6		0			0	1
1539	10016	3	2	1119000068	1	6		0			1	2
1540	10016	3	3	1119000069	1	6		0			0	3
1541	10016	3	3	1119000070	1	6		0			1	4
1542	10016	3	4	1119000071	1	6		0			0	5
1543	10017	3	2	1119000072	1	6		0			0	1
1544	10017	3	2	1119000073	1	6		0			1	2
1545	10017	3	3	1119000074	1	6		0			0	3
1546	10017	3	3	1119000075	1	6		0			1	4
1547	10017	3	4	1119000076	1	6		0			0	5
1548	10018	3	2	1119000077	1	6		0			0	1
1549	10018	3	2	1119000078	1	6		0			1	2
1550	10018	3	3	1119000079	1	6		0			0	3
1551	10018	3	3	1119000080	1	6		0			1	4
1552	10018	3	4	1119000081	1	6		0			0	5
1553	10019	3	2	1119000082	1	6		0			0	1
1554	10019	3	2	1119000083	1	6		0			1	2
1555	10019	3	3	1119000084	1	6		0			0	3
1556	10019	3	3	1119000085	1	6		0			1	4
1557	10020	3	2	1119000086	1	6		0			0	1
1558	10020	3	2	1119000087	1	6		0			1	2
1559	10020	3	3	1119000088	1	6		0			0	3
1560	10020	3	3	1119000089	1	6		0			1	4
1561	10021	3	2	1119000090	1	6		0			0	1
1562	10021	3	2	1119000091	1	6		0			1	2
1563	10021	3	3	1119000092	1	6		0			0	3
1564	10021	3	3	1119000093	1	6		0			1	4
1565	10022	3	2	1119000094	1	6		0			0	1
1566	10022	3	2	1119000095	1	6		0			1	2
1567	10022	3	3	1119000096	1	6		0			0	3
1568	10022	3	3	1119000097	1	6		0			1	4
1569	10023	3	2	1119000098	1	6		0			0	1
1570	10023	3	2	1119000099	1	6		0			1	2
1571	10023	3	3	1119000100	1	6		0			0	3
1572	10023	3	3	1119000101	1	6		0			1	4
1573	10023	3	4	1119000102	1	6		0			0	5
1574	10024	3	2	1119000103	1	6		0			0	1
1575	10024	3	2	1119000104	1	6		0			1	2
1576	10024	3	3	1119000105	1	6		0			0	3
1577	10024	3	3	1119000106	1	6		0			1	4
1578	10025	3	2	1119000107	1	6		0			0	1
1579	10025	3	2	1119000108	1	6		0			1	2
1580	10025	3	3	1119000109	1	6		0			0	3
1581	10025	3	3	1119000110	1	6		0			1	4
1582	10025	3	4	1119000111	1	6		0			0	5
1583	10026	3	2	1119000112	1	6		0			0	1
1584	10026	3	2	1119000113	1	6		0			1	2
1585	10026	3	3	1119000114	1	6		0			0	3
1586	10026	3	3	1119000115	1	6		0			1	4
1587	10027	3	2	1119000116	1	6		0			0	1
1588	10027	3	2	1119000117	1	6		0			1	2
1589	10027	3	3	1119000118	1	6		0			0	3
1590	10027	3	3	1119000119	1	6		0			1	4
1591	10027	3	4	1119000120	1	6		0			0	5
1592	10028	3	2	1119000121	1	6		0			0	1
1593	10028	3	2	1119000122	1	6		0			1	2
1594	10028	3	3	1119000123	1	6		0			0	3
1595	10028	3	3	1119000124	1	6		0			1	4
1596	10029	3	2	1119000125	1	6		0			0	1
1597	10029	3	2	1119000126	1	6		0			1	2
1598	10029	3	3	1119000127	1	6		0			0	3
1599	10029	3	3	1119000128	1	6		0			1	4
1600	10030	3	2	1119000129	1	6		0			0	1
1601	10030	3	2	1119000130	1	6		0			1	2
1602	10030	3	3	1119000131	1	6		0			0	3
1603	10030	3	3	1119000132	1	6		0			1	4
1604	10031	3	2	1119000133	1	6		0			0	1
1605	10031	3	2	1119000134	1	6		0			1	2
1606	10031	3	3	1119000135	1	6		0			0	3
1607	10031	3	3	1119000136	1	6		0			1	4
1608	10031	3	4	1119000137	1	6		0			0	5
1609	10032	3	2	1119000138	1	6		0			0	1
1610	10032	3	2	1119000139	1	6		0			1	2
1611	10032	3	3	1119000140	1	6		0			0	3
1612	10032	3	3	1119000141	1	6		0			1	4
1613	10032	3	4	1119000142	1	6		0			0	5
1614	10033	3	2	1119000143	1	6		0			0	1
1615	10033	3	2	1119000144	1	6		0			1	2
1616	10033	3	3	1119000145	1	6		0			0	3
1617	10033	3	3	1119000146	1	6		0			1	4
1618	10033	3	4	1119000147	1	6		0			0	5
1619	10034	3	2	1119000148	1	6		0			0	1
1620	10034	3	2	1119000149	1	6		0			1	2
1621	10034	3	3	1119000150	1	6		0			0	3
1622	10034	3	3	1119000151	1	6		0			1	4
1623	10035	3	2	1119000152	1	6		0			0	1
1624	10035	3	2	1119000153	1	6		0			1	2
1625	10035	3	3	1119000154	1	6		0			0	3
1626	10035	3	3	1119000155	1	6		0			1	4
1627	10036	3	2	1119000156	1	6		0			0	1
1628	10036	3	2	1119000157	1	6		0			1	2
1629	10036	3	3	1119000158	1	6		0			0	3
1630	10036	3	3	1119000159	1	6		0			1	4
1631	10037	3	2	1119000160	1	6		0			0	1
1632	10037	3	2	1119000161	1	6		0			1	2
1633	10037	3	3	1119000162	1	6		0			0	3
1634	10037	3	3	1119000163	1	6		0			1	4
1635	10037	3	4	1119000164	1	6		0			0	5
1636	10038	3	2	1119000165	1	6		0			0	1
1637	10038	3	2	1119000166	1	6		0			1	2
1638	10038	3	3	1119000167	1	6		0			0	3
1639	10038	3	3	1119000168	1	6		0			1	4
1640	10039	3	2	1119000169	1	6		0			0	1
1641	10039	3	2	1119000170	1	6		0			1	2
1642	10039	3	3	1119000171	1	6		0			0	3
1643	10039	3	3	1119000172	1	6		0			1	4
1644	10040	3	2	1119000173	1	6		0			0	1
1645	10040	3	2	1119000174	1	6		0			1	2
1646	10040	3	3	1119000175	1	6		0			0	3
1647	10040	3	3	1119000176	1	6		0			1	4
1648	10040	3	4	1119000177	1	6		0			0	5
1649	40011461	2	2	401003	1	6		0			0	0
1650	40021461	2	2	401003	1	6		0			0	0
1651	40031461	2	2	401003	1	6		0			0	0
1652	40041461	2	2	401003	1	6		0			0	0
1653	40051461	2	2	401003	1	6		0			0	0
1654	40061461	2	2	401003	1	6		0			0	0
1655	40071461	2	2	401003	1	6		0			0	0
1656	40081461	2	2	401003	1	6		0			0	0
1657	40011462	2	2	401004	1	6		0			0	0
1658	40021462	2	2	401004	1	6		0			0	0
1659	40031462	2	2	401004	1	6		0			0	0
1660	40041462	2	2	401004	1	6		0			0	0
1661	40051462	2	2	401004	1	6		0			0	0
1662	40061462	2	2	401004	1	6		0			0	0
1663	40071462	2	2	401004	1	6		0			0	0
1664	40081462	2	2	401004	1	6		0			0	0
1665	40011462	2	3	401005	1	6		0			0	0
1666	40021462	2	3	401005	1	6		0			0	0
1667	40031462	2	3	401005	1	6		0			0	0
1668	40041462	2	3	401005	1	6		0			0	0
1669	40051462	2	3	401005	1	6		0			0	0
1670	40061462	2	3	401005	1	6		0			0	0
1671	40071462	2	3	401005	1	6		0			0	0
1672	40081462	2	3	401005	1	6		0			0	0
1673	40011463	2	2	401001	1	6		0			0	0
1674	40021463	2	2	401001	1	6		0			0	0
1675	40031463	2	2	401001	1	6		0			0	0
1676	40041463	2	2	401001	1	6		0			0	0
1677	40051463	2	2	401001	1	6		0			0	0
1678	40061463	2	2	401001	1	6		0			0	0
1679	40071463	2	2	401001	1	6		0			0	0
1680	40081463	2	2	401001	1	6		0			0	0
1681	40011463	2	3	401002	1	6		0			0	0
1682	40021463	2	3	401002	1	6		0			0	0
1683	40031463	2	3	401002	1	6		0			0	0
1684	40041463	2	3	401002	1	6		0			0	0
1685	40051463	2	3	401002	1	6		0			0	0
1686	40061463	2	3	401002	1	6		0			0	0
1687	40071463	2	3	401002	1	6		0			0	0
1688	40081463	2	3	401002	1	6		0			0	0
1689	40011464	2	2	401001	1	6		0			0	0
1690	40021464	2	2	401001	1	6		0			0	0
1691	40031464	2	2	401001	1	6		0			0	0
1692	40041464	2	2	401001	1	6		0			0	0
1693	40051464	2	2	401001	1	6		0			0	0
1694	40061464	2	2	401001	1	6		0			0	0
1695	40071464	2	2	401001	1	6		0			0	0
1696	40081464	2	2	401001	1	6		0			0	0
1697	40011464	2	3	401002	1	6		0			0	0
1698	40021464	2	3	401002	1	6		0			0	0
1699	40031464	2	3	401002	1	6		0			0	0
1700	40041464	2	3	401002	1	6		0			0	0
1701	40051464	2	3	401002	1	6		0			0	0
1702	40061464	2	3	401002	1	6		0			0	0
1703	40071464	2	3	401002	1	6		0			0	0
1704	40081464	2	3	401002	1	6		0			0	0
1705	40011465	2	2	401001	1	6		0			0	0
1706	40021465	2	2	401001	1	6		0			0	0
1707	40031465	2	2	401001	1	6		0			0	0
1708	40041465	2	2	401001	1	6		0			0	0
1709	40051465	2	2	401001	1	6		0			0	0
1710	40061465	2	2	401001	1	6		0			0	0
1711	40071465	2	2	401001	1	6		0			0	0
1712	40081465	2	2	401001	1	6		0			0	0
1713	40011465	2	3	401002	1	6		0			0	0
1714	40021465	2	3	401002	1	6		0			0	0
1715	40031465	2	3	401002	1	6		0			0	0
1716	40041465	2	3	401002	1	6		0			0	0
1717	40051465	2	3	401002	1	6		0			0	0
1718	40061465	2	3	401002	1	6		0			0	0
1719	40071465	2	3	401002	1	6		0			0	0
1720	40081465	2	3	401002	1	6		0			0	0
1721	40011466	2	2	401003	1	6		0			0	0
1722	40021466	2	2	401003	1	6		0			0	0
1723	40031466	2	2	401003	1	6		0			0	0
1724	40041466	2	2	401003	1	6		0			0	0
1725	40051466	2	2	401003	1	6		0			0	0
1726	40061466	2	2	401003	1	6		0			0	0
1727	40071466	2	2	401003	1	6		0			0	0
1728	40081466	2	2	401003	1	6		0			0	0
1729	40011467	2	2	401001	1	6		0			0	0
1730	40021467	2	2	401001	1	6		0			0	0
1731	40031467	2	2	401001	1	6		0			0	0
1732	40041467	2	2	401001	1	6		0			0	0
1733	40051467	2	2	401001	1	6		0			0	0
1734	40061467	2	2	401001	1	6		0			0	0
1735	40071467	2	2	401001	1	6		0			0	0
1736	40081467	2	2	401001	1	6		0			0	0
1737	40011467	2	3	401002	1	6		0			0	0
1738	40021467	2	3	401002	1	6		0			0	0
1739	40031467	2	3	401002	1	6		0			0	0
1740	40041467	2	3	401002	1	6		0			0	0
1741	40051467	2	3	401002	1	6		0			0	0
1742	40061467	2	3	401002	1	6		0			0	0
1743	40071467	2	3	401002	1	6		0			0	0
1744	40081467	2	3	401002	1	6		0			0	0
1745	40011468	2	2	401004	1	6		0			0	0
1746	40021468	2	2	401004	1	6		0			0	0
1747	40031468	2	2	401004	1	6		0			0	0
1748	40041468	2	2	401004	1	6		0			0	0
1749	40051468	2	2	401004	1	6		0			0	0
1750	40061468	2	2	401004	1	6		0			0	0
1751	40071468	2	2	401004	1	6		0			0	0
1752	40081468	2	2	401004	1	6		0			0	0
1753	40011468	2	3	401005	1	6		0			0	0
1754	40021468	2	3	401005	1	6		0			0	0
1755	40031468	2	3	401005	1	6		0			0	0
1756	40041468	2	3	401005	1	6		0			0	0
1757	40051468	2	3	401005	1	6		0			0	0
1758	40061468	2	3	401005	1	6		0			0	0
1759	40071468	2	3	401005	1	6		0			0	0
1760	40081468	2	3	401005	1	6		0			0	0
1761	40011469	2	2	401001	1	6		0			0	0
1762	40021469	2	2	401001	1	6		0			0	0
1763	40031469	2	2	401001	1	6		0			0	0
1764	40041469	2	2	401001	1	6		0			0	0
1765	40051469	2	2	401001	1	6		0			0	0
1766	40061469	2	2	401001	1	6		0			0	0
1767	40071469	2	2	401001	1	6		0			0	0
1768	40081469	2	2	401001	1	6		0			0	0
1769	40011469	2	3	401002	1	6		0			0	0
1770	40021469	2	3	401002	1	6		0			0	0
1771	40031469	2	3	401002	1	6		0			0	0
1772	40041469	2	3	401002	1	6		0			0	0
1773	40051469	2	3	401002	1	6		0			0	0
1774	40061469	2	3	401002	1	6		0			0	0
1775	40071469	2	3	401002	1	6		0			0	0
1776	40081469	2	3	401002	1	6		0			0	0
1777	40011470	2	2	401001	1	6		0			0	0
1778	40021470	2	2	401001	1	6		0			0	0
1779	40031470	2	2	401001	1	6		0			0	0
1780	40041470	2	2	401001	1	6		0			0	0
1781	40051470	2	2	401001	1	6		0			0	0
1782	40061470	2	2	401001	1	6		0			0	0
1783	40071470	2	2	401001	1	6		0			0	0
1784	40081470	2	2	401001	1	6		0			0	0
1785	40011470	2	3	401002	1	6		0			0	0
1786	40021470	2	3	401002	1	6		0			0	0
1787	40031470	2	3	401002	1	6		0			0	0
1788	40041470	2	3	401002	1	6		0			0	0
1789	40051470	2	3	401002	1	6		0			0	0
1790	40061470	2	3	401002	1	6		0			0	0
1791	40071470	2	3	401002	1	6		0			0	0
1792	40081470	2	3	401002	1	6		0			0	0
1793	40011708	2	2	401003	1	6		0			0	0
1794	40021708	2	2	401003	1	6		0			0	0
1795	40031708	2	2	401003	1	6		0			0	0
1796	40041708	2	2	401003	1	6		0			0	0
1797	40051708	2	2	401003	1	6		0			0	0
1798	40061708	2	2	401003	1	6		0			0	0
1799	40071708	2	2	401003	1	6		0			0	0
1800	40081708	2	2	401003	1	6		0			0	0
1801	40011709	2	2	401006	1	6		0			0	0
1802	40021709	2	2	401006	1	6		0			0	0
1803	40031709	2	2	401006	1	6		0			0	0
1804	40041709	2	2	401006	1	6		0			0	0
1805	40051709	2	2	401006	1	6		0			0	0
1806	40061709	2	2	401006	1	6		0			0	0
1807	40071709	2	2	401006	1	6		0			0	0
1808	40081709	2	2	401006	1	6		0			0	0
