组合图鉴ID	分类页签	页签显示排序	页签名	页签描述	页签图	图鉴显示排序	图鉴名	激活需求	激活属性	增加评分	页签显示星级
int	int	int	string	string	string	int	string	string	string	int	int
Id	Label	LabelOrder	LabelName	LabelDes	LabelIcon	NumberOrder	CombinationName	Cost	CombinationPropID	Score	LabelStar
10000001	1	1	LabelName10000001	LabelDes10000001	labelicon_10000001	1000	CombinationName10000001	102001,1	1,30	10	2
10000002	1	1	LabelName10000001	LabelDes10000001	labelicon_10000001	999	CombinationName10000002	102002,1	1,30	10	2
10000003	1	1	LabelName10000001	LabelDes10000001	labelicon_10000001	998	CombinationName10000003	102003,1	4,3	10	2
10000004	1	1	LabelName10000001	LabelDes10000001	labelicon_10000001	997	CombinationName10000004	102016,1	3,3	10	2
10000005	1	1	LabelName10000001	LabelDes10000001	labelicon_10000001	996	CombinationName10000005	102017,1	1,30	10	2
10000006	1	1	LabelName10000001	LabelDes10000001	labelicon_10000001	995	CombinationName10000006	102018,1	4,3	10	2
10000007	1	1	LabelName10000001	LabelDes10000001	labelicon_10000001	994	CombinationName10000007	102019,1	1,30	10	2
10000008	1	1	LabelName10000001	LabelDes10000001	labelicon_10000001	993	CombinationName10000008	102004,1	3,3	10	2
10000009	1	1	LabelName10000001	LabelDes10000001	labelicon_10000001	992	CombinationName10000009	102005,1	4,3	10	2
10000010	1	1	LabelName10000001	LabelDes10000001	labelicon_10000001	991	CombinationName10000010	102006,1	1,30	10	2
10000011	1	1	LabelName10000001	LabelDes10000001	labelicon_10000001	990	CombinationName10000011	102020,1	4,3	10	2
10000012	1	1	LabelName10000001	LabelDes10000001	labelicon_10000001	989	CombinationName10000012	102021,1	1,30	10	2
10000013	1	1	LabelName10000001	LabelDes10000001	labelicon_10000001	988	CombinationName10000013	102022,1	3,3	10	2
10000014	1	1	LabelName10000001	LabelDes10000001	labelicon_10000001	987	CombinationName10000014	102023,1	4,3	10	2
10000015	1	1	LabelName10000001	LabelDes10000001	labelicon_10000001	986	CombinationName10000015	102024,1	4,3	10	2
10000016	1	1	LabelName10000001	LabelDes10000001	labelicon_10000001	985	CombinationName10000016	102007,1	1,30	10	2
10000017	1	1	LabelName10000001	LabelDes10000001	labelicon_10000001	984	CombinationName10000017	102008,1	4,3	10	2
10000018	1	1	LabelName10000001	LabelDes10000001	labelicon_10000001	983	CombinationName10000018	102009,1	3,3	10	2
10000019	1	1	LabelName10000001	LabelDes10000001	labelicon_10000001	982	CombinationName10000019	102025,1	1,30	10	2
10000020	1	1	LabelName10000001	LabelDes10000001	labelicon_10000001	981	CombinationName10000020	102026,1	1,30	10	2
10000021	1	1	LabelName10000001	LabelDes10000001	labelicon_10000001	980	CombinationName10000021	102027,1	1,30	10	2
10000022	1	1	LabelName10000001	LabelDes10000001	labelicon_10000001	979	CombinationName10000022	102028,1	4,3	10	2
10000023	1	1	LabelName10000001	LabelDes10000001	labelicon_10000001	978	CombinationName10000023	102029,1	3,3	10	2
10000024	1	1	LabelName10000001	LabelDes10000001	labelicon_10000001	977	CombinationName10000024	102010,1	3,3	10	2
10000025	1	1	LabelName10000001	LabelDes10000001	labelicon_10000001	976	CombinationName10000025	102011,1	1,30	10	2
10000026	1	1	LabelName10000001	LabelDes10000001	labelicon_10000001	975	CombinationName10000026	102012,1	4,3	10	2
10000027	1	1	LabelName10000001	LabelDes10000001	labelicon_10000001	974	CombinationName10000027	102030,1	1,30	10	2
10000028	1	1	LabelName10000001	LabelDes10000001	labelicon_10000001	973	CombinationName10000028	102031,1	3,3	10	2
10000029	1	1	LabelName10000001	LabelDes10000001	labelicon_10000001	972	CombinationName10000029	102032,1	1,30	10	2
10000030	1	1	LabelName10000001	LabelDes10000001	labelicon_10000001	971	CombinationName10000030	102033,1	4,3	10	2
10000031	1	1	LabelName10000001	LabelDes10000001	labelicon_10000001	970	CombinationName10000031	102034,1	4,3	10	2
10000032	1	1	LabelName10000001	LabelDes10000001	labelicon_10000001	969	CombinationName10000032	102013,1	3,3	10	2
10000033	1	1	LabelName10000001	LabelDes10000001	labelicon_10000001	968	CombinationName10000033	102014,1	1,30	10	2
10000034	1	1	LabelName10000001	LabelDes10000001	labelicon_10000001	967	CombinationName10000034	102015,1	3,3	10	2
10000035	1	1	LabelName10000001	LabelDes10000001	labelicon_10000001	966	CombinationName10000035	102035,1	1,30	10	2
10000036	1	1	LabelName10000001	LabelDes10000001	labelicon_10000001	965	CombinationName10000036	102001,1;102002,1;102016,1	21,14;22,14	21	2
10000037	1	1	LabelName10000001	LabelDes10000001	labelicon_10000001	964	CombinationName10000037	102003,1;102018,1	1,30;4,3	15	2
10000038	1	1	LabelName10000001	LabelDes10000001	labelicon_10000001	963	CombinationName10000038	102017,1;102021,1;102004,1;102023,1;102024,1	3,5;23,16;26,16	37	2
10000039	1	1	LabelName10000001	LabelDes10000001	labelicon_10000001	962	CombinationName10000039	102008,1;102009,1;102026,1;102027,1;102028,1;102029,1	3,4;4,4;1,50;24,14	43	2
10000040	1	1	LabelName10000001	LabelDes10000001	labelicon_10000001	961	CombinationName10000040	102005,1;102022,1;102026,1	22,16;1,40	22	2
10000041	1	1	LabelName10000001	LabelDes10000001	labelicon_10000001	960	CombinationName10000041	102017,1;102019,1;102020,1;102027,1	24,14;21,14;22,14	32	2
10000042	1	1	LabelName10000001	LabelDes10000001	labelicon_10000001	959	CombinationName10000042	102011,1;102012,1	3,3;4,3	15	2
10000043	1	1	LabelName10000001	LabelDes10000001	labelicon_10000001	958	CombinationName10000043	102031,1;102032,1;102033,1	23,14;24,14	21	2
10000044	1	1	LabelName10000001	LabelDes10000001	labelicon_10000001	957	CombinationName10000044	102010,1;102030,1	1,30;4,3	15	2
10000045	1	1	LabelName10000001	LabelDes10000001	labelicon_10000001	956	CombinationName10000045	102014,1;102015,1;102035,1	3,4;1,50	23	2
10000046	1	1	LabelName10000001	LabelDes10000001	labelicon_10000001	955	CombinationName10000046	102013,1;102034,1	1,30;21,10	15	2
10000047	1	1	LabelName10000001	LabelDes10000001	labelicon_10000001	954	CombinationName10000047	102023,1;102025,1;102011,1;102012,1;102032,1	1,50;4,5;26,20	40	2
10000048	1	1	LabelName10000001	LabelDes10000001	labelicon_10000001	953	CombinationName10000048	102003,1;102009,1;102002,1;102017,1	3,4;4,4;1,40	30	2
10000049	1	1	LabelName10000001	LabelDes10000001	labelicon_10000001	952	CombinationName10000049	102036,1	3,3	10	2
10000050	1	1	LabelName10000001	LabelDes10000001	labelicon_10000001	951	CombinationName10000050	102037,1	4,3	10	2
10000051	1	1	LabelName10000001	LabelDes10000001	labelicon_10000001	950	CombinationName10000051	102038,1	1,30	10	2
10000052	1	1	LabelName10000001	LabelDes10000001	labelicon_10000001	949	CombinationName10000052	102039,1	3,3	10	2
10000053	1	1	LabelName10000001	LabelDes10000001	labelicon_10000001	948	CombinationName10000053	102040,1	4,3	10	2
10000054	1	1	LabelName10000001	LabelDes10000001	labelicon_10000001	947	CombinationName10000054	102041,1	1,30	10	2
10000055	1	1	LabelName10000001	LabelDes10000001	labelicon_10000001	946	CombinationName10000055	102042,1	3,3	10	2
10000056	1	1	LabelName10000001	LabelDes10000001	labelicon_10000001	945	CombinationName10000056	102043,1	4,3	10	2
10000057	1	1	LabelName10000001	LabelDes10000001	labelicon_10000001	944	CombinationName10000057	102044,1	1,30	10	2
10000058	1	1	LabelName10000001	LabelDes10000001	labelicon_10000001	943	CombinationName10000058	102045,1	1,30	10	2
10000059	1	1	LabelName10000001	LabelDes10000001	labelicon_10000001	942	CombinationName10000059	102038,1;102040,1;102043,1	21,14;22,14	21	2
10000060	1	1	LabelName10000001	LabelDes10000001	labelicon_10000001	941	CombinationName10000060	102040,1;102013,1	1,20;4,4	15	2
10000061	1	1	LabelName10000001	LabelDes10000001	labelicon_10000001	940	CombinationName10000061	102005,1;102022,1	22,12;1,20	14	2
10000062	1	1	LabelName10000001	LabelDes10000001	labelicon_10000001	939	CombinationName10000062	102039,1;102006,1	23,6;24,6	14	2
10000063	1	1	LabelName10000001	LabelDes10000001	labelicon_10000001	938	CombinationName10000063	102036,1;102040,1	25,6;26,6	17	2
10000064	1	1	LabelName10000001	LabelDes10000001	labelicon_10000001	937	CombinationName10000064	102037,1;102034,1	1,30;21,6	12	2
10000065	1	1	LabelName10000001	LabelDes10000001	labelicon_10000001	936	CombinationName10000065	102038,1;102019,1	23,6;25,10	12	2
10000066	1	1	LabelName10000001	LabelDes10000001	labelicon_10000001	935	CombinationName10000066	102044,1;102003,1	4,3;23,6	20	2
10000067	1	1	LabelName10000001	LabelDes10000001	labelicon_10000001	934	CombinationName10000067	102043,1;102020,1	24,6;26,10	12	2
10000068	1	1	LabelName10000001	LabelDes10000001	labelicon_10000001	933	CombinationName10000068	102042,1;102005,1;102022,1	3,4;1,50	23	2
10000069	1	1	LabelName10000001	LabelDes10000001	labelicon_10000001	932	CombinationName10000069	102037,1;102042,1	4,4;21,6	15	2
10000070	1	1	LabelName10000001	LabelDes10000001	labelicon_10000001	931	CombinationName10000070	102036,1;102042,1;102043,1	1,22;4,5;26,8	64	2
20000001	2	2	LabelName20000001	LabelDes20000001	labelicon_20000001	1000	CombinationName20000001	103001,1	24,25	20	3
20000002	2	2	LabelName20000001	LabelDes20000001	labelicon_20000001	999	CombinationName20000002	103002,1	23,25	20	3
20000003	2	2	LabelName20000001	LabelDes20000001	labelicon_20000001	998	CombinationName20000003	103003,1	21,25	20	3
20000004	2	2	LabelName20000001	LabelDes20000001	labelicon_20000001	997	CombinationName20000004	103004,1	25,25	20	3
20000005	2	2	LabelName20000001	LabelDes20000001	labelicon_20000001	996	CombinationName20000005	103005,1	22,25	20	3
20000006	2	2	LabelName20000001	LabelDes20000001	labelicon_20000001	995	CombinationName20000006	103006,1	26,25	20	3
20000007	2	2	LabelName20000001	LabelDes20000001	labelicon_20000001	994	CombinationName20000007	103007,1	3,8	20	3
20000008	2	2	LabelName20000001	LabelDes20000001	labelicon_20000001	993	CombinationName20000008	103008,1	3,8	20	3
20000009	2	2	LabelName20000001	LabelDes20000001	labelicon_20000001	992	CombinationName20000009	103016,1	1,80	20	3
20000010	2	2	LabelName20000001	LabelDes20000001	labelicon_20000001	991	CombinationName20000010	103017,1	4,8	20	3
20000011	2	2	LabelName20000001	LabelDes20000001	labelicon_20000001	990	CombinationName20000011	103018,1	3,8	20	3
20000012	2	2	LabelName20000001	LabelDes20000001	labelicon_20000001	989	CombinationName20000012	103019,1	1,80	20	3
20000013	2	2	LabelName20000001	LabelDes20000001	labelicon_20000001	988	CombinationName20000013	103020,1	1,80	20	3
20000014	2	2	LabelName20000001	LabelDes20000001	labelicon_20000001	987	CombinationName20000014	103021,1	4,8	20	3
20000015	2	2	LabelName20000001	LabelDes20000001	labelicon_20000001	986	CombinationName20000015	103009,1	1,80	20	3
20000016	2	2	LabelName20000001	LabelDes20000001	labelicon_20000001	985	CombinationName20000016	103022,1	4,8	20	3
20000017	2	2	LabelName20000001	LabelDes20000001	labelicon_20000001	984	CombinationName20000017	103023,1	3,8	20	3
20000018	2	2	LabelName20000001	LabelDes20000001	labelicon_20000001	983	CombinationName20000018	103010,1	4,8	20	3
20000019	2	2	LabelName20000001	LabelDes20000001	labelicon_20000001	982	CombinationName20000019	103011,1	3,8	20	3
20000020	2	2	LabelName20000001	LabelDes20000001	labelicon_20000001	981	CombinationName20000020	103024,1	1,80	20	3
20000021	2	2	LabelName20000001	LabelDes20000001	labelicon_20000001	980	CombinationName20000021	103025,1	1,80	20	3
20000022	2	2	LabelName20000001	LabelDes20000001	labelicon_20000001	979	CombinationName20000022	103026,1	4,8	20	3
20000023	2	2	LabelName20000001	LabelDes20000001	labelicon_20000001	978	CombinationName20000023	103012,1	3,8	20	3
20000024	2	2	LabelName20000001	LabelDes20000001	labelicon_20000001	977	CombinationName20000024	103027,1	1,80	20	3
20000025	2	2	LabelName20000001	LabelDes20000001	labelicon_20000001	976	CombinationName20000025	103028,1	3,8	20	3
20000026	2	2	LabelName20000001	LabelDes20000001	labelicon_20000001	975	CombinationName20000026	103013,1	4,8	20	3
20000027	2	2	LabelName20000001	LabelDes20000001	labelicon_20000001	974	CombinationName20000027	103029,1	1,80	20	3
20000028	2	2	LabelName20000001	LabelDes20000001	labelicon_20000001	973	CombinationName20000028	103014,1	1,80	20	3
20000029	2	2	LabelName20000001	LabelDes20000001	labelicon_20000001	972	CombinationName20000029	103030,1	3,8	20	3
20000030	2	2	LabelName20000001	LabelDes20000001	labelicon_20000001	971	CombinationName20000030	103031,1	1,80	20	3
20000031	2	2	LabelName20000001	LabelDes20000001	labelicon_20000001	970	CombinationName20000031	103032,1	4,8	20	3
20000032	2	2	LabelName20000001	LabelDes20000001	labelicon_20000001	969	CombinationName20000032	103033,1	1,80	20	3
20000033	2	2	LabelName20000001	LabelDes20000001	labelicon_20000001	968	CombinationName20000033	103015,1	4,8	20	3
20000034	2	2	LabelName20000001	LabelDes20000001	labelicon_20000001	967	CombinationName20000034	103034,1	1,80	20	3
20000035	2	2	LabelName20000001	LabelDes20000001	labelicon_20000001	966	CombinationName20000035	103001,1;103002,1;103003,1;103004,1;103005,1;103006,1	11,20;13,20;12,20	90	3
20000036	2	2	LabelName20000001	LabelDes20000001	labelicon_20000001	965	CombinationName20000036	103001,1;103002,1	1,60;3,6	30	3
20000037	2	2	LabelName20000001	LabelDes20000001	labelicon_20000001	964	CombinationName20000037	103001,1;103006,1	1,60;4,6	30	3
20000038	2	2	LabelName20000001	LabelDes20000001	labelicon_20000001	963	CombinationName20000038	103005,1;103007,1;103008,1	21,20;22,20;23,20	45	3
20000039	2	2	LabelName20000001	LabelDes20000001	labelicon_20000001	962	CombinationName20000039	103002,1;103003,1;103004,1	25,20;26,20;24,20	45	3
20000040	2	2	LabelName20000001	LabelDes20000001	labelicon_20000001	961	CombinationName20000040	103016,1;103017,1;103018,1;103019,1;103020,1;103021,1	54,4;56,4;58,4;60,4	80	3
20000041	2	2	LabelName20000001	LabelDes20000001	labelicon_20000001	960	CombinationName20000041	103009,1;103022,1;103027,1	4,10;1,100	50	3
20000042	2	2	LabelName20000001	LabelDes20000001	labelicon_20000001	959	CombinationName20000042	103033,1;103034,1;103009,1	3,10;1,100	50	3
20000043	2	2	LabelName20000001	LabelDes20000001	labelicon_20000001	958	CombinationName20000043	103014,1;103032,1;103028,1;103030,1;103031,1;103015,1	76,25;70,25;69,25;80,25	100	3
20000044	2	2	LabelName20000001	LabelDes20000001	labelicon_20000001	957	CombinationName20000044	103010,1;103011,1	3,6;4,6	30	3
20000045	2	2	LabelName20000001	LabelDes20000001	labelicon_20000001	956	CombinationName20000045	103023,1;103010,1;103011,1;103015,1	26,30;24,30;21,30	68	3
20000046	2	2	LabelName20000001	LabelDes20000001	labelicon_20000001	955	CombinationName20000046	103030,1;103014,1	54,3;64,3	30	3
20000047	2	2	LabelName20000001	LabelDes20000001	labelicon_20000001	954	CombinationName20000047	103012,1;103026,1	13,10;11,10	30	3
20000048	2	2	LabelName20000001	LabelDes20000001	labelicon_20000001	953	CombinationName20000048	103033,1;103022,1	131,15;132,15	30	3
20000049	2	2	LabelName20000001	LabelDes20000001	labelicon_20000001	952	CombinationName20000049	103035,1	3,8	20	3
20000050	2	2	LabelName20000001	LabelDes20000001	labelicon_20000001	951	CombinationName20000050	103036,1	4,8	20	3
20000051	2	2	LabelName20000001	LabelDes20000001	labelicon_20000001	950	CombinationName20000051	103037,1	1,80	20	3
20000052	2	2	LabelName20000001	LabelDes20000001	labelicon_20000001	949	CombinationName20000052	103038,1	3,8	20	3
20000053	2	2	LabelName20000001	LabelDes20000001	labelicon_20000001	948	CombinationName20000053	103039,1	4,8	20	3
20000054	2	2	LabelName20000001	LabelDes20000001	labelicon_20000001	947	CombinationName20000054	103040,1	1,80	20	3
20000055	2	2	LabelName20000001	LabelDes20000001	labelicon_20000001	946	CombinationName20000055	103041,1	3,8	20	3
20000056	2	2	LabelName20000001	LabelDes20000001	labelicon_20000001	945	CombinationName20000056	103042,1	4,8	20	3
20000057	2	2	LabelName20000001	LabelDes20000001	labelicon_20000001	944	CombinationName20000057	103044,1	1,80	20	3
20000058	2	2	LabelName20000001	LabelDes20000001	labelicon_20000001	943	CombinationName20000058	103043,1	3,8	20	3
20000059	2	2	LabelName20000001	LabelDes20000001	labelicon_20000001	942	CombinationName20000059	103035,1;103036,1;103039,1	11,10;13,10;12,10	45	3
20000060	2	2	LabelName20000001	LabelDes20000001	labelicon_20000001	941	CombinationName20000060	103041,1;103042,1	1,100;3,4	35	3
20000061	2	2	LabelName20000001	LabelDes20000001	labelicon_20000001	940	CombinationName20000061	103038,1;103039,1	21,25;22,15	30	3
20000062	2	2	LabelName20000001	LabelDes20000001	labelicon_20000001	939	CombinationName20000062	103041,1;103042,1	23,15;24,25	30	3
20000063	2	2	LabelName20000001	LabelDes20000001	labelicon_20000001	938	CombinationName20000063	103038,1;103039,1;103040,1	25,20;26,20;1,60	45	3
20000064	2	2	LabelName20000001	LabelDes20000001	labelicon_20000001	937	CombinationName20000064	103040,1;103041,1;103042,1	3,4;4,4;1,100	45	3
20000065	2	2	LabelName20000001	LabelDes20000001	labelicon_20000001	936	CombinationName20000065	103039,1;103041,1;103042,1	76,10;70,10;69,10;80,10	40	3
20000066	2	2	LabelName20000001	LabelDes20000001	labelicon_20000001	935	CombinationName20000066	103035,1;103038,1	54,4;58,4	40	3
20000067	2	2	LabelName20000001	LabelDes20000001	labelicon_20000001	934	CombinationName20000067	103035,1;103036,1	56,4;64,4	40	3
20000068	2	2	LabelName20000001	LabelDes20000001	labelicon_20000001	933	CombinationName20000068	103044,1;103015,1	131,15;132,15	30	3
30000001	3	3	LabelName30000001	LabelDes30000001	labelicon_30000001	1000	CombinationName30000001	104001,1	1,160	40	4
30000002	3	3	LabelName30000001	LabelDes30000001	labelicon_30000001	999	CombinationName30000002	104002,1	112,40	40	4
30000003	3	3	LabelName30000001	LabelDes30000001	labelicon_30000001	998	CombinationName30000003	104003,1	3,16	40	4
30000004	3	3	LabelName30000001	LabelDes30000001	labelicon_30000001	997	CombinationName30000004	104004,1	4,16	40	4
30000005	3	3	LabelName30000001	LabelDes30000001	labelicon_30000001	996	CombinationName30000005	104005,1	4,16	40	4
30000006	3	3	LabelName30000001	LabelDes30000001	labelicon_30000001	995	CombinationName30000006	104006,1	3,16	40	4
30000007	3	3	LabelName30000001	LabelDes30000001	labelicon_30000001	994	CombinationName30000007	104017,1	1,160	40	4
30000008	3	3	LabelName30000001	LabelDes30000001	labelicon_30000001	993	CombinationName30000008	104007,1	4,16	40	4
30000009	3	3	LabelName30000001	LabelDes30000001	labelicon_30000001	992	CombinationName30000009	104018,1	1,160	40	4
30000010	3	3	LabelName30000001	LabelDes30000001	labelicon_30000001	991	CombinationName30000010	104019,1	3,16	40	4
30000011	3	3	LabelName30000001	LabelDes30000001	labelicon_30000001	990	CombinationName30000011	104020,1	1,160	40	4
30000012	3	3	LabelName30000001	LabelDes30000001	labelicon_30000001	989	CombinationName30000012	104021,1	3,16	40	4
30000013	3	3	LabelName30000001	LabelDes30000001	labelicon_30000001	988	CombinationName30000013	104022,1	4,16	40	4
30000014	3	3	LabelName30000001	LabelDes30000001	labelicon_30000001	987	CombinationName30000014	104023,1	1,160	40	4
30000015	3	3	LabelName30000001	LabelDes30000001	labelicon_30000001	986	CombinationName30000015	104024,1	1,160	40	4
30000016	3	3	LabelName30000001	LabelDes30000001	labelicon_30000001	985	CombinationName30000016	104025,1	3,16	40	4
30000017	3	3	LabelName30000001	LabelDes30000001	labelicon_30000001	984	CombinationName30000017	104012,1	4,16	40	4
30000018	3	3	LabelName30000001	LabelDes30000001	labelicon_30000001	983	CombinationName30000018	104026,1	4,16	40	4
30000019	3	3	LabelName30000001	LabelDes30000001	labelicon_30000001	982	CombinationName30000019	104027,1	1,160	40	4
30000020	3	3	LabelName30000001	LabelDes30000001	labelicon_30000001	981	CombinationName30000020	104013,1	1,160	40	4
30000021	3	3	LabelName30000001	LabelDes30000001	labelicon_30000001	980	CombinationName30000021	104014,1	4,16	40	4
30000022	3	3	LabelName30000001	LabelDes30000001	labelicon_30000001	979	CombinationName30000022	104028,1	3,16	40	4
30000023	3	3	LabelName30000001	LabelDes30000001	labelicon_30000001	978	CombinationName30000023	104029,1	1,160	40	4
30000024	3	3	LabelName30000001	LabelDes30000001	labelicon_30000001	977	CombinationName30000024	104015,1	1,160	40	4
30000025	3	3	LabelName30000001	LabelDes30000001	labelicon_30000001	976	CombinationName30000025	104016,1	3,16	40	4
30000026	3	3	LabelName30000001	LabelDes30000001	labelicon_30000001	975	CombinationName30000026	104030,1	4,16	40	4
30000027	3	3	LabelName30000001	LabelDes30000001	labelicon_30000001	974	CombinationName30000027	104008,1	3,16	40	4
30000028	3	3	LabelName30000001	LabelDes30000001	labelicon_30000001	973	CombinationName30000028	104009,1	1,160	40	4
30000029	3	3	LabelName30000001	LabelDes30000001	labelicon_30000001	972	CombinationName30000029	104010,1	4,16	40	4
30000030	3	3	LabelName30000001	LabelDes30000001	labelicon_30000001	971	CombinationName30000030	104011,1	1,160	40	4
30000031	3	3	LabelName30000001	LabelDes30000001	labelicon_30000001	970	CombinationName30000031	104031,1	1,160	40	4
30000032	3	3	LabelName30000001	LabelDes30000001	labelicon_30000001	968	CombinationName30000032	104028,1;104030,1	32,30;33,30	60	4
30000033	3	3	LabelName30000001	LabelDes30000001	labelicon_30000001	967	CombinationName30000033	104001,1;104002,1;104003,1;104004,1;104005,1;104006,1	67,35;83,35;66,35;79,35;75,35	175	4
30000034	3	3	LabelName30000001	LabelDes30000001	labelicon_30000001	966	CombinationName30000034	104017,1;104007,1;104019,1;104020,1;104021,1;104022,1	70,35;84,35;69,35;80,35;76,35	175	4
30000035	3	3	LabelName30000001	LabelDes30000001	labelicon_30000001	965	CombinationName30000035	104019,1;104018,1	21,40;1,100	55	4
30000036	3	3	LabelName30000001	LabelDes30000001	labelicon_30000001	964	CombinationName30000036	104026,1;104025,1;104024,1	4,18;13,25	83	4
30000037	3	3	LabelName30000001	LabelDes30000001	labelicon_30000001	963	CombinationName30000037	104016,1;104015,1	3,11;4,11	55	4
30000038	3	3	LabelName30000001	LabelDes30000001	labelicon_30000001	962	CombinationName30000038	104026,1;104025,1;104024,1;104016,1;104015,1	133,50;137,50;141,50	150	4
30000039	3	3	LabelName30000001	LabelDes30000001	labelicon_30000001	961	CombinationName30000039	104014,1;104013,1;104027,1;104012,1;104023,1	139,38;143,38;131,38;135,38	152	4
30000040	3	3	LabelName30000001	LabelDes30000001	labelicon_30000001	960	CombinationName30000040	104009,1;104010,1	173,50;174,50	60	4
30000041	3	3	LabelName30000001	LabelDes30000001	labelicon_30000001	959	CombinationName30000041	104009,1;104031,1	175,40;132,25	55	4
30000042	3	3	LabelName30000001	LabelDes30000001	labelicon_30000001	958	CombinationName30000042	104009,1;104007,1;104020,1;104021,1	1,300;34,20;35,20	115	4
30000043	3	3	LabelName30000001	LabelDes30000001	labelicon_30000001	957	CombinationName30000043	104010,1;104031,1	3,12;1,120	60	4
30000044	3	3	LabelName30000001	LabelDes30000001	labelicon_30000001	956	CombinationName30000044	104014,1;104013,1;104012,1	1,180;11,25	83	4
30000045	3	3	LabelName30000001	LabelDes30000001	labelicon_30000001	955	CombinationName30000045	104011,1;104009,1;104029,1	26,60;24,60	90	4
30000046	3	3	LabelName30000001	LabelDes30000001	labelicon_30000001	954	CombinationName30000046	104011,1;104009,1	51,60	60	4
30000047	3	3	LabelName30000001	LabelDes30000001	labelicon_30000001	953	CombinationName30000047	104008,1;104029,1;104028,1;104030,1	30,30;31,30;32,30;33,30	120	4
30000048	3	3	LabelName30000001	LabelDes30000001	labelicon_30000001	952	CombinationName30000048	104008,1;104023,1	131,30;132,30	60	4
30000049	3	3	LabelName30000001	LabelDes30000001	labelicon_30000001	951	CombinationName30000049	104032,1	1,160	40	4
30000050	3	3	LabelName30000001	LabelDes30000001	labelicon_30000001	950	CombinationName30000050	104026,1;104010,1;104023,1;104032,1	131,60;153,60	120	4
30000051	3	3	LabelName30000001	LabelDes30000001	labelicon_30000001	949	CombinationName30000051	104032,1;104018,1	1,120;3,12	60	4
30000052	3	3	LabelName30000001	LabelDes30000001	labelicon_30000001	948	CombinationName30000052	104033,1	24,50	38	4
30000053	3	3	LabelName30000001	LabelDes30000001	labelicon_30000001	947	CombinationName30000053	104034,1	23,50	38	4
30000054	3	3	LabelName30000001	LabelDes30000001	labelicon_30000001	946	CombinationName30000054	104035,1	21,50	38	4
30000055	3	3	LabelName30000001	LabelDes30000001	labelicon_30000001	945	CombinationName30000055	104036,1	25,50	38	4
30000056	3	3	LabelName30000001	LabelDes30000001	labelicon_30000001	944	CombinationName30000056	104037,1	22,50	38	4
30000057	3	3	LabelName30000001	LabelDes30000001	labelicon_30000001	943	CombinationName30000057	104038,1	26,50	38	4
30000058	3	3	LabelName30000001	LabelDes30000001	labelicon_30000001	942	CombinationName30000058	104039,1	3,16	40	4
30000059	3	3	LabelName30000001	LabelDes30000001	labelicon_30000001	941	CombinationName30000059	104040,1	3,16	40	4
30000060	3	3	LabelName30000001	LabelDes30000001	labelicon_30000001	940	CombinationName30000060	104033,1;104034,1;104035,1;104039,1	67,25;83,25;66,25;79,25;75,25	125	4
30000061	3	3	LabelName30000001	LabelDes30000001	labelicon_30000001	939	CombinationName30000061	104036,1;104037,1;104038,1;104040,1	70,25;84,25;69,25;80,25;76,25	125	4
30000062	3	3	LabelName30000001	LabelDes30000001	labelicon_30000001	938	CombinationName30000062	104037,1;104040,1	173,50;174,50	60	4
30000063	3	3	LabelName30000001	LabelDes30000001	labelicon_30000001	937	CombinationName30000063	104033,1;104034,1	51,60	60	4
30000064	3	3	LabelName30000001	LabelDes30000001	labelicon_30000001	936	CombinationName30000064	104033,1;104034,1;104035,1	1,200;24,60	95	4
30000065	3	3	LabelName30000001	LabelDes30000001	labelicon_30000001	935	CombinationName30000065	104035,1;104038,1;104040,1	133,40;137,40;141,40	120	4
30000066	3	3	LabelName30000001	LabelDes30000001	labelicon_30000001	934	CombinationName30000066	104037,1;104038,1;104039,1;104040,1	30,20;31,40;32,20;33,40	120	4
30000067	3	3	LabelName30000001	LabelDes30000001	labelicon_30000001	933	CombinationName30000067	104034,1;104035,1;104036,1	3,5;4,5;1,300	100	4
30000068	3	3	LabelName30000001	LabelDes30000001	labelicon_30000001	932	CombinationName30000068	104041,1	1,160	40	4
30000069	3	3	LabelName30000001	LabelDes30000001	labelicon_30000001	931	CombinationName30000069	104007,1;104010,1;104032,1;104041,1	67,25;83,25;66,25;79,25	100	4
40000001	4	4	LabelName40000001	LabelDes40000001	labelicon_40000001	1000	CombinationName40000001	105001,1	86,80	80	5
40000002	4	4	LabelName40000001	LabelDes40000001	labelicon_40000001	999	CombinationName40000002	105002,1	67,80	80	5
40000003	4	4	LabelName40000001	LabelDes40000001	labelicon_40000001	998	CombinationName40000003	105003,1	85,80	80	5
40000004	4	4	LabelName40000001	LabelDes40000001	labelicon_40000001	997	CombinationName40000004	105004,1	112,80	80	5
40000005	4	4	LabelName40000001	LabelDes40000001	labelicon_40000001	996	CombinationName40000005	105005,1	66,80	80	5
40000006	4	4	LabelName40000001	LabelDes40000001	labelicon_40000001	995	CombinationName40000006	105006,1	75,80	80	5
40000007	4	4	LabelName40000001	LabelDes40000001	labelicon_40000001	994	CombinationName40000007	105007,1	79,80	80	5
40000008	4	4	LabelName40000001	LabelDes40000001	labelicon_40000001	993	CombinationName40000008	105008,1	105,80	80	5
40000009	4	4	LabelName40000001	LabelDes40000001	labelicon_40000001	992	CombinationName40000009	105009,1	11,50	75	5
40000010	4	4	LabelName40000001	LabelDes40000001	labelicon_40000001	991	CombinationName40000010	105010,1	12,50	75	5
40000011	4	4	LabelName40000001	LabelDes40000001	labelicon_40000001	990	CombinationName40000011	105011,1	13,50	75	5
40000012	4	4	LabelName40000001	LabelDes40000001	labelicon_40000001	989	CombinationName40000012	105012,1	173,120	72	5
40000013	4	4	LabelName40000001	LabelDes40000001	labelicon_40000001	988	CombinationName40000013	105013,1	174,120	72	5
40000014	4	4	LabelName40000001	LabelDes40000001	labelicon_40000001	987	CombinationName40000014	105014,1	30,80	80	5
40000015	4	4	LabelName40000001	LabelDes40000001	labelicon_40000001	986	CombinationName40000015	105015,1	32,80	80	5
40000016	4	4	LabelName40000001	LabelDes40000001	labelicon_40000001	985	CombinationName40000016	105016,1	34,80	80	5
40000017	4	4	LabelName40000001	LabelDes40000001	labelicon_40000001	984	CombinationName40000017	115001,1	52,150	150	5
40000018	4	4	LabelName40000001	LabelDes40000001	labelicon_40000001	983	CombinationName40000018	115002,1	51,150	150	5
40000019	4	4	LabelName40000001	LabelDes40000001	labelicon_40000001	982	CombinationName40000019	115003,1	3,60	150	5
40000020	4	4	LabelName40000001	LabelDes40000001	labelicon_40000001	981	CombinationName40000020	115004,1	174,250	150	5
40000021	4	4	LabelName40000001	LabelDes40000001	labelicon_40000001	980	CombinationName40000021	115005,1	32,150	150	5
40000022	4	4	LabelName40000001	LabelDes40000001	labelicon_40000001	979	CombinationName40000022	115006,1	12,100	150	5
40000023	4	4	LabelName40000001	LabelDes40000001	labelicon_40000001	978	CombinationName40000023	115007,1	34,150	150	5
40000024	4	4	LabelName40000001	LabelDes40000001	labelicon_40000001	977	CombinationName40000024	115008,1	175,200	150	5
40000025	4	4	LabelName40000001	LabelDes40000001	labelicon_40000001	976	CombinationName40000025	115009,1	173,250	150	5
40000026	4	4	LabelName40000001	LabelDes40000001	labelicon_40000001	975	CombinationName40000026	115010,1	3,60	150	5
40000027	4	4	LabelName40000001	LabelDes40000001	labelicon_40000001	974	CombinationName40000027	115011,1	3,60	150	5
40000028	4	4	LabelName40000001	LabelDes40000001	labelicon_40000001	973	CombinationName40000028	115012,1	3,60	150	5
40000029	4	4	LabelName40000001	LabelDes40000001	labelicon_40000001	971	CombinationName40000029	105001,1;105002,1;105003,1;105004,1	3,20;4,20;1,240	160	5
40000030	4	4	LabelName40000001	LabelDes40000001	labelicon_40000001	970	CombinationName40000030	105005,1;105006,1;105007,1;105008,1	11,55;13,50	158	5
40000031	4	4	LabelName40000001	LabelDes40000001	labelicon_40000001	969	CombinationName40000031	105009,1;105010,1	3,16;1,160	80	5
40000032	4	4	LabelName40000001	LabelDes40000001	labelicon_40000001	968	CombinationName40000032	105011,1;105012,1;105013,1	131,60;132,60	120	5
40000033	4	4	LabelName40000001	LabelDes40000001	labelicon_40000001	967	CombinationName40000033	105009,1;105010,1;105011,1;105012,1;105013,1	158,120;160,120;161,120	216	5
40000034	4	4	LabelName40000001	LabelDes40000001	labelicon_40000001	966	CombinationName40000034	105001,1;105006,1	3,16;4,16	80	5
40000035	4	4	LabelName40000001	LabelDes40000001	labelicon_40000001	965	CombinationName40000035	105003,1;105007,1	21,50;30,40	78	5
40000036	4	4	LabelName40000001	LabelDes40000001	labelicon_40000001	964	CombinationName40000036	105004,1;105008,1	1,200;11,20	80	5
40000037	4	4	LabelName40000001	LabelDes40000001	labelicon_40000001	963	CombinationName40000037	105002,1;105005,1	23,50;32,40	78	5
40000038	4	4	LabelName40000001	LabelDes40000001	labelicon_40000001	962	CombinationName40000038	105009,1;105010,1;105004,1;105008,1	137,40;138,40;141,40;142,40	160	5
40000039	4	4	LabelName40000001	LabelDes40000001	labelicon_40000001	961	CombinationName40000039	105012,1;105013,1;105001,1;105006,1;105005,1	3,20;4,40;1,200	200	5
40000040	4	4	LabelName40000001	LabelDes40000001	labelicon_40000001	960	CombinationName40000040	105011,1;105002,1;105003,1;105007,1	3,30;4,15;1,200	163	5
40000041	4	4	LabelName40000001	LabelDes40000001	labelicon_40000001	959	CombinationName40000041	105014,1;105015,1;105016,1	1,300;33,50	125	5
40000042	4	4	LabelName40000001	LabelDes40000001	labelicon_40000001	958	CombinationName40000042	105002,1;105005,1;105006,1;105007,1;105008,1	35,25;1,300;3,20;4,20	200	5
40000043	4	4	LabelName40000001	LabelDes40000001	labelicon_40000001	957	CombinationName40000043	115001,1;105009,1;105010,1	33,100;35,100	200	5
40000044	4	4	LabelName40000001	LabelDes40000001	labelicon_40000001	956	CombinationName40000044	115002,1;115003,1	3,50;4,50	250	5
40000045	4	4	LabelName40000001	LabelDes40000001	labelicon_40000001	955	CombinationName40000045	115004,1;115005,1;115006,1;115007,1;115008,1;115009,1	28,150;1,2000	725	5
40000046	4	4	LabelName40000001	LabelDes40000001	labelicon_40000001	954	CombinationName40000046	115001,1;105001,1;105003,1;105004,1	22,200;31,100	250	5
40000047	4	4	LabelName40000001	LabelDes40000001	labelicon_40000001	953	CombinationName40000047	115002,1;115003,1;115005,1;115006,1	51,300;1,750	488	5
40000048	4	4	LabelName40000001	LabelDes40000001	labelicon_40000001	952	CombinationName40000048	115004,1;115007,1;115008,1;115009,1	52,300;1,750	488	5
40000049	4	4	LabelName40000001	LabelDes40000001	labelicon_40000001	951	CombinationName40000049	105004,1;105008,1;115013,1	12,50;13,50;11,50	225	5
40000050	4	4	LabelName40000001	LabelDes40000001	labelicon_40000001	950	CombinationName40000050	105017,1	11,50	75	5
40000051	4	4	LabelName40000001	LabelDes40000001	labelicon_40000001	949	CombinationName40000051	105018,1	12,50	75	5
40000052	4	4	LabelName40000001	LabelDes40000001	labelicon_40000001	948	CombinationName40000052	105019,1	13,50	75	5
40000053	4	4	LabelName40000001	LabelDes40000001	labelicon_40000001	947	CombinationName40000053	105020,1	4,30	75	5
40000054	4	4	LabelName40000001	LabelDes40000001	labelicon_40000001	946	CombinationName40000054	105021,1	173,120	72	5
40000055	4	4	LabelName40000001	LabelDes40000001	labelicon_40000001	945	CombinationName40000055	105022,1	174,120	72	5
40000056	4	4	LabelName40000001	LabelDes40000001	labelicon_40000001	944	CombinationName40000056	115014,1	52,150	150	5
40000057	4	4	LabelName40000001	LabelDes40000001	labelicon_40000001	943	CombinationName40000057	115015,1	12,100	150	5
40000058	4	4	LabelName40000001	LabelDes40000001	labelicon_40000001	942	CombinationName40000058	115016,1	51,150	150	5
40000059	4	4	LabelName40000001	LabelDes40000001	labelicon_40000001	941	CombinationName40000059	115014,1;105017,1;105018,1;105021,1	32,50;34,80;33,50;35,80	260	5
40000060	4	4	LabelName40000001	LabelDes40000001	labelicon_40000001	940	CombinationName40000060	115015,1;105017,1;105018,1	3,60;1,200	200	5
40000061	4	4	LabelName40000001	LabelDes40000001	labelicon_40000001	939	CombinationName40000061	115015,1;105014,1;105015,1;105016,1	174,200;173,200	240	5
40000062	4	4	LabelName40000001	LabelDes40000001	labelicon_40000001	938	CombinationName40000062	115016,1;115001,1	51,150;52,150	300	5
40000063	4	4	LabelName40000001	LabelDes40000001	labelicon_40000001	937	CombinationName40000063	115016,1;105020,1	1,500;52,50	175	5
40000064	4	4	LabelName40000001	LabelDes40000001	labelicon_40000001	936	CombinationName40000064	115014,1;115015,1;115016,1;105019,1;105022,1	11,100;12,100;13,100	450	5
40000065	4	4	LabelName40000001	LabelDes40000001	labelicon_40000001	935	CombinationName40000065	115017,1	3,60	150	5
40000066	4	4	LabelName40000001	LabelDes40000001	labelicon_40000001	934	CombinationName40000066	104029,1;115017,1	1,500;51,50	175	5
40000067	4	4	LabelName40000001	LabelDes40000001	labelicon_40000001	933	CombinationName40000067	115017,1;104041,1	1,300;11,50	150	5
40000068	4	4	LabelName40000001	LabelDes40000001	labelicon_40000001	932	CombinationName40000068	115013,1	3,60	150	5
50000001	5	5	LabelName50000001	LabelDes50000001	labelicon_50000001	1000	CombinationName50000001	104014,1;103029,1;103013,1;102001,1;102002,1;102016,1	1,140;11,25	73	6
50000002	5	5	LabelName50000001	LabelDes50000001	labelicon_50000001	999	CombinationName50000002	103013,1;103027,1;102001,1	1,110;4,10	53	6
50000003	5	5	LabelName50000001	LabelDes50000001	labelicon_50000001	998	CombinationName50000003	103029,1;103028,1;102002,1;102016,1	1,120;3,10	55	6
50000004	5	5	LabelName50000001	LabelDes50000001	labelicon_50000001	997	CombinationName50000004	102003,1;102018,1;102019,1;102017,1	1,120	30	6
50000005	5	5	LabelName50000001	LabelDes50000001	labelicon_50000001	996	CombinationName50000005	104013,1;103026,1;103012,1	1,160;3,12	70	6
50000006	5	5	LabelName50000001	LabelDes50000001	labelicon_50000001	995	CombinationName50000006	103012,1;102023,1;102024,1	4,20	50	6
50000007	5	5	LabelName50000001	LabelDes50000001	labelicon_50000001	994	CombinationName50000007	103026,1;102004,1;102021,1	1,200	50	6
50000008	5	5	LabelName50000001	LabelDes50000001	labelicon_50000001	993	CombinationName50000008	102005,1;102006,1;102020,1;102022,1;103014,1;103030,1	1,300	75	6
50000009	5	5	LabelName50000001	LabelDes50000001	labelicon_50000001	992	CombinationName50000009	102008,1;102009,1;102025,1;104030,1;104028,1	1,120;4,20	80	6
50000010	5	5	LabelName50000001	LabelDes50000001	labelicon_50000001	991	CombinationName50000010	102007,1;102026,1;102028,1;102029,1;103031,1;103032,1	33,30;35,25	55	6
50000011	5	5	LabelName50000001	LabelDes50000001	labelicon_50000001	990	CombinationName50000011	104027,1;103025,1;103024,1	1,120;3,10	55	6
50000012	5	5	LabelName50000001	LabelDes50000001	labelicon_50000001	989	CombinationName50000012	104012,1;103023,1;103010,1;103011,1;102011,1;102012,1	21,30;23,30;25,30	68	6
50000013	5	5	LabelName50000001	LabelDes50000001	labelicon_50000001	988	CombinationName50000013	103010,1;102011,1	25,30	23	6
50000014	5	5	LabelName50000001	LabelDes50000001	labelicon_50000001	987	CombinationName50000014	103011,1;102012,1	25,30	23	6
50000015	5	5	LabelName50000001	LabelDes50000001	labelicon_50000001	986	CombinationName50000015	102030,1;102010,1;103015,1	1,100	25	6
50000016	5	5	LabelName50000001	LabelDes50000001	labelicon_50000001	985	CombinationName50000016	103033,1;102031,1	1,80	20	6
50000017	5	5	LabelName50000001	LabelDes50000001	labelicon_50000001	984	CombinationName50000017	104023,1;103022,1;103033,1;102031,1;102033,1	1,200;4,10	75	6
50000018	5	5	LabelName50000001	LabelDes50000001	labelicon_50000001	983	CombinationName50000018	102014,1;103034,1;102015,1	24,30;26,20	38	6
50000019	5	5	LabelName50000001	LabelDes50000001	labelicon_50000001	982	CombinationName50000019	102034,1;102035,1;103022,1;102013,1	1,150;3,10	63	6
50000020	5	5	LabelName50000001	LabelDes50000001	labelicon_50000001	981	CombinationName50000020	103009,1;102032,1	3,12	30	6
50000021	5	5	LabelName50000001	LabelDes50000001	labelicon_50000001	980	CombinationName50000021	104023,1;103022,1;103009,1;102032,1	3,10;4,10;1,80	70	6
50000022	5	5	LabelName50000001	LabelDes50000001	labelicon_50000001	979	CombinationName50000022	104005,1;103001,1	3,20	50	6
50000023	5	5	LabelName50000001	LabelDes50000001	labelicon_50000001	978	CombinationName50000023	104006,1;103002,1	1,200	50	6
50000024	5	5	LabelName50000001	LabelDes50000001	labelicon_50000001	977	CombinationName50000024	104002,1;103004,1;103008,1	1,150;4,12	68	6
50000025	5	5	LabelName50000001	LabelDes50000001	labelicon_50000001	976	CombinationName50000025	104004,1;103003,1;103007,1	1,150;3,12	68	6
50000026	5	5	LabelName50000001	LabelDes50000001	labelicon_50000001	975	CombinationName50000026	104003,1;103005,1	4,20	50	6
50000027	5	5	LabelName50000001	LabelDes50000001	labelicon_50000001	974	CombinationName50000027	104001,1;103006,1	1,200	50	6
50000028	5	5	LabelName50000001	LabelDes50000001	labelicon_50000001	973	CombinationName50000028	103019,1;103020,1;103021,1;104018,1	1,200;11,20	80	6
50000029	5	5	LabelName50000001	LabelDes50000001	labelicon_50000001	972	CombinationName50000029	103016,1;103017,1;103018,1	33,30;35,20	50	6
50000030	5	5	LabelName50000001	LabelDes50000001	labelicon_50000001	971	CombinationName50000030	105014,1;104014,1	173,200	120	6
50000031	5	5	LabelName50000001	LabelDes50000001	labelicon_50000001	970	CombinationName50000031	105015,1;104013,1	175,150	113	6
50000032	5	5	LabelName50000001	LabelDes50000001	labelicon_50000001	969	CombinationName50000032	105016,1;104027,1	174,200	120	6
50000033	5	5	LabelName50000001	LabelDes50000001	labelicon_50000001	968	CombinationName50000033	115005,1;105011,1;105002,1;104006,1;104011,1;104010,1	28,100;3,64	310	6
50000034	5	5	LabelName50000001	LabelDes50000001	labelicon_50000001	967	CombinationName50000034	115004,1;105013,1;105001,1;104005,1;104017,1;104021,1	52,250;22,80	310	6
50000035	5	5	LabelName50000001	LabelDes50000001	labelicon_50000001	966	CombinationName50000035	115007,1;105009,1;105010,1;105004,1;105008,1;104002,1	51,250;24,80	310	6
50000036	5	5	LabelName50000001	LabelDes50000001	labelicon_50000001	965	CombinationName50000036	115006,1;115003,1;105003,1;105007,1;104004,1;104019,1	206,200;21,80	360	6
50000037	5	5	LabelName50000001	LabelDes50000001	labelicon_50000001	964	CombinationName50000037	115008,1;115002,1;105012,1;105005,1;104003,1;104015,1	175,400;23,80	360	6
50000038	5	5	LabelName50000001	LabelDes50000001	labelicon_50000001	963	CombinationName50000038	115009,1;105006,1;104001,1;104009,1;104020,1;104022,1	156,100;4,64	260	6
50000039	5	5	LabelName50000001	LabelDes50000001	labelicon_50000001	962	CombinationName50000039	105011,1;104016,1;104015,1;104024,1;104025,1;104026,1	132,150;12,20;13,20	210	6
50000040	5	5	LabelName50000001	LabelDes50000001	labelicon_50000001	961	CombinationName50000040	115001,1;105001,1;103001,1	3,25;4,25;1,400	225	6
50000041	5	5	LabelName50000001	LabelDes50000001	labelicon_50000001	960	CombinationName50000041	115001,1;105002,1;103002,1	3,25;4,25;1,400	225	6
50000042	5	5	LabelName50000001	LabelDes50000001	labelicon_50000001	959	CombinationName50000042	115001,1;105003,1;103003,1	3,25;4,25;1,400	225	6
50000043	5	5	LabelName50000001	LabelDes50000001	labelicon_50000001	958	CombinationName50000043	115001,1;105004,1;103004,1	3,25;4,25;1,400	225	6
50000044	5	5	LabelName50000001	LabelDes50000001	labelicon_50000001	957	CombinationName50000044	115001,1;105005,1;103005,1	3,25;4,25;1,400	225	6
50000045	5	5	LabelName50000001	LabelDes50000001	labelicon_50000001	956	CombinationName50000045	115001,1;105006,1;103006,1	3,25;4,25;1,400	225	6
50000046	5	5	LabelName50000001	LabelDes50000001	labelicon_50000001	955	CombinationName50000046	115001,1;105007,1;103007,1	3,25;4,25;1,400	225	6
50000047	5	5	LabelName50000001	LabelDes50000001	labelicon_50000001	954	CombinationName50000047	115001,1;105008,1;103008,1	3,25;4,25;1,400	225	6
50000048	5	5	LabelName50000001	LabelDes50000001	labelicon_50000001	953	CombinationName50000048	115001,1;104009,1;104011,1	12,40;13,40;11,40	180	6
50000049	5	5	LabelName50000001	LabelDes50000001	labelicon_50000001	952	CombinationName50000049	104007,1;115010,1	3,40;4,40	200	6
50000050	5	5	LabelName50000001	LabelDes50000001	labelicon_50000001	951	CombinationName50000050	104010,1;115012,1	3,40;4,40	200	6
50000051	5	5	LabelName50000001	LabelDes50000001	labelicon_50000001	950	CombinationName50000051	104009,1;115011,1	3,40;4,40	200	6
50000052	5	5	LabelName50000001	LabelDes50000001	labelicon_50000001	949	CombinationName50000052	104032,1;115013,1	23,100;1,500	200	6
50000053	5	5	LabelName50000001	LabelDes50000001	labelicon_50000001	948	CombinationName50000053	104031,1;104032,1;115013,1	3,20;4,20;1,400	200	6
50000054	5	5	LabelName50000001	LabelDes50000001	labelicon_50000001	947	CombinationName50000054	104032,1;105009,1	26,80;3,20	110	6
50000055	5	5	LabelName50000001	LabelDes50000001	labelicon_50000001	946	CombinationName50000055	103043,1;103044,1;102039,1;102040,1	1,100;3,5;4,5	50	6
50000056	5	5	LabelName50000001	LabelDes50000001	labelicon_50000001	945	CombinationName50000056	103043,1;102040,1	1,50;3,5	25	6
50000057	5	5	LabelName50000001	LabelDes50000001	labelicon_50000001	944	CombinationName50000057	103044,1;102039,1;102040,1;102041,1	1,50;3,4;4,4	33	6
50000058	5	5	LabelName50000001	LabelDes50000001	labelicon_50000001	943	CombinationName50000058	103036,1;102042,1;102043,1	21,14;22,14	21	6
50000059	5	5	LabelName50000001	LabelDes50000001	labelicon_50000001	942	CombinationName50000059	103009,1;102038,1	33,10;35,10	20	6
50000060	5	5	LabelName50000001	LabelDes50000001	labelicon_50000001	941	CombinationName50000060	104029,1;102036,1	4,20	50	6
50000061	5	5	LabelName50000001	LabelDes50000001	labelicon_50000001	940	CombinationName50000061	104013,1;103043,1;103012,1	23,40;24,40	60	6
50000062	5	5	LabelName50000001	LabelDes50000001	labelicon_50000001	939	CombinationName50000062	104033,1;103001,1	52,40;4,10	65	6
50000063	5	5	LabelName50000001	LabelDes50000001	labelicon_50000001	938	CombinationName50000063	104034,1;103002,1	51,40;22,20	55	6
50000064	5	5	LabelName50000001	LabelDes50000001	labelicon_50000001	937	CombinationName50000064	104035,1;103003,1	206,40;21,20	75	6
50000065	5	5	LabelName50000001	LabelDes50000001	labelicon_50000001	936	CombinationName50000065	104036,1;103004,1	51,40;1,20	45	6
50000066	5	5	LabelName50000001	LabelDes50000001	labelicon_50000001	935	CombinationName50000066	104037,1;103005,1	175,40;23,20	45	6
50000067	5	5	LabelName50000001	LabelDes50000001	labelicon_50000001	934	CombinationName50000067	104038,1;103006,1	156,40;4,20	90	6
50000068	5	5	LabelName50000001	LabelDes50000001	labelicon_50000001	933	CombinationName50000068	104039,1;103007,1	1,50;26,30	35	6
50000069	5	5	LabelName50000001	LabelDes50000001	labelicon_50000001	932	CombinationName50000069	104040,1;103008,1	1,50;24,30	35	6
50000070	5	5	LabelName50000001	LabelDes50000001	labelicon_50000001	931	CombinationName50000070	105021,1;105022,1;103035,1;103036,1;103037,1	70,30;84,30;69,30;80,30;76,30	150	6
50000071	5	5	LabelName50000001	LabelDes50000001	labelicon_50000001	930	CombinationName50000071	105017,1;105018,1;103044,1	3,10;4,10;1,300	125	6
50000072	5	5	LabelName50000001	LabelDes50000001	labelicon_50000001	929	CombinationName50000072	105017,1;103043,1;103044,1;102040,1;102041,1	67,30;83,30;66,30;79,30;75,30	150	6
50000073	5	5	LabelName50000001	LabelDes50000001	labelicon_50000001	928	CombinationName50000073	105021,1;105022,1;103037,1	22,25;1,300	94	6
50000074	5	5	LabelName50000001	LabelDes50000001	labelicon_50000001	927	CombinationName50000074	105020,1;103039,1	21,20;1,200	65	6
50000075	5	5	LabelName50000001	LabelDes50000001	labelicon_50000001	926	CombinationName50000075	104002,1;104003,1;102045,1	4,2;1,150	43	6
50000076	5	5	LabelName50000001	LabelDes50000001	labelicon_50000001	925	CombinationName50000076	104021,1;104019,1;102045,1	30,20;31,20	40	6
50000077	5	5	LabelName50000001	LabelDes50000001	labelicon_50000001	924	CombinationName50000077	104020,1;104017,1;102045,1	3,5;1,150	50	6
50000078	5	5	LabelName50000001	LabelDes50000001	labelicon_50000001	923	CombinationName50000078	105017,1;104014,1	3,15;4,15	75	6
50000079	5	5	LabelName50000001	LabelDes50000001	labelicon_50000001	922	CombinationName50000079	105018,1;104010,1	30,40;21,40	70	6
50000080	5	5	LabelName50000001	LabelDes50000001	labelicon_50000001	921	CombinationName50000080	105020,1;103038,1	4,10;26,50	63	6
50000081	5	5	LabelName50000001	LabelDes50000001	labelicon_50000001	920	CombinationName50000081	105020,1;103040,1;103038,1	13,30;24,15;22,15	68	6
50000082	5	5	LabelName50000001	LabelDes50000001	labelicon_50000001	919	CombinationName50000082	105022,1;105019,1	23,60;25,60	90	6
50000083	5	5	LabelName50000001	LabelDes50000001	labelicon_50000001	918	CombinationName50000083	105017,1;103040,1	31,40;22,40	70	6
50000084	5	5	LabelName50000001	LabelDes50000001	labelicon_50000001	917	CombinationName50000084	105021,1;105020,1	85,100	100	6
50000085	5	5	LabelName50000001	LabelDes50000001	labelicon_50000001	916	CombinationName50000085	105022,1;103018,1	33,40;24,40	70	6
50000086	5	5	LabelName50000001	LabelDes50000001	labelicon_50000001	915	CombinationName50000086	105017,1;103044,1	34,40;25,40	70	6
50000087	5	5	LabelName50000001	LabelDes50000001	labelicon_50000001	914	CombinationName50000087	105017,1;105018,1	86,100	100	6
50000088	5	5	LabelName50000001	LabelDes50000001	labelicon_50000001	913	CombinationName50000088	105018,1;103040,1	32,40;23,40	70	6
50000089	5	5	LabelName50000001	LabelDes50000001	labelicon_50000001	912	CombinationName50000089	105019,1;105022,1;104009,1	21,100;23,100	150	6
50000090	5	5	LabelName50000001	LabelDes50000001	labelicon_50000001	911	CombinationName50000090	105019,1;104006,1	11,40;21,40	90	6
50000091	5	5	LabelName50000001	LabelDes50000001	labelicon_50000001	910	CombinationName50000091	105021,1;102008,1	131,80	80	6
50000092	5	5	LabelName50000001	LabelDes50000001	labelicon_50000001	909	CombinationName50000092	105021,1;103018,1	35,40;26,40	70	6
50000093	5	5	LabelName50000001	LabelDes50000001	labelicon_50000001	908	CombinationName50000093	105022,1;102028,1	132,80	80	6
50000094	5	5	LabelName50000001	LabelDes50000001	labelicon_50000001	907	CombinationName50000094	115004,1;104004,1;102045,1	3,15;1,450	150	6
50000095	5	5	LabelName50000001	LabelDes50000001	labelicon_50000001	906	CombinationName50000095	115014,1;104001,1;104005,1	1,500;158,40;160,40	173	6
50000096	5	5	LabelName50000001	LabelDes50000001	labelicon_50000001	905	CombinationName50000096	115014,1;104009,1;104010,1	1,500;161,40;160,40	173	6
50000097	5	5	LabelName50000001	LabelDes50000001	labelicon_50000001	904	CombinationName50000097	115015,1;104032,1	1,300;11,50	150	6
50000098	5	5	LabelName50000001	LabelDes50000001	labelicon_50000001	903	CombinationName50000098	115016,1;103040,1	51,100;1,300	175	6
50000099	5	5	LabelName50000001	LabelDes50000001	labelicon_50000001	902	CombinationName50000099	115016,1;103038,1	52,100;1,300	175	6
50000100	5	5	LabelName50000001	LabelDes50000001	labelicon_50000001	901	CombinationName50000100	115014,1;103035,1	175,100;25,100	150	6
50000101	5	5	LabelName50000001	LabelDes50000001	labelicon_50000001	900	CombinationName50000101	115014,1;105021,1;105022,1;103037,1	12,50;13,50;11,50	225	6
50000102	5	5	LabelName50000001	LabelDes50000001	labelicon_50000001	899	CombinationName50000102	115017,1;115010,1;115012,1;115011,1	12,100;13,100;11,150	525	6
10000071	1	1	LabelName10000001	LabelDes10000001	labelicon_10000001	930	CombinationName10000071	102046,1	4,3	10	2
10000072	1	1	LabelName10000001	LabelDes10000001	labelicon_10000001	929	CombinationName10000072	102047,1	1,30	10	2
10000073	1	1	LabelName10000001	LabelDes10000001	labelicon_10000001	928	CombinationName10000073	102048,1	3,3	10	2
10000074	1	1	LabelName10000001	LabelDes10000001	labelicon_10000001	927	CombinationName10000074	102049,1	1,30	10	2
10000075	1	1	LabelName10000001	LabelDes10000001	labelicon_10000001	926	CombinationName10000075	102050,1	4,3	10	2
10000076	1	1	LabelName10000001	LabelDes10000001	labelicon_10000001	925	CombinationName10000076	102051,1	4,3	10	2
10000077	1	1	LabelName10000001	LabelDes10000001	labelicon_10000001	924	CombinationName10000077	102052,1	3,3	10	2
10000078	1	1	LabelName10000001	LabelDes10000001	labelicon_10000001	923	CombinationName10000078	102053,1	1,30	10	2
10000079	1	1	LabelName10000001	LabelDes10000001	labelicon_10000001	922	CombinationName10000079	102049,1;102051,1	1,30;4,3	15	2
10000080	1	1	LabelName10000001	LabelDes10000001	labelicon_10000001	921	CombinationName10000080	102048,1;102050,1	3,3;4,3	15	2
10000081	1	1	LabelName10000001	LabelDes10000001	labelicon_10000001	920	CombinationName10000081	102051,1;102047,1	1,30;22,10	15	2
10000082	1	1	LabelName10000001	LabelDes10000001	labelicon_10000001	919	CombinationName10000082	102046,1;102050,1;102048,1	23,14;24,14	21	2
10000083	1	1	LabelName10000001	LabelDes10000001	labelicon_10000001	918	CombinationName10000083	102050,1;102048,1;102052,1	21,14;22,14	21	2
10000084	1	1	LabelName10000001	LabelDes10000001	labelicon_10000001	917	CombinationName10000084	102049,1;102051,1;102053,1	22,16;1,40	22	2
10000085	1	1	LabelName10000001	LabelDes10000001	labelicon_10000001	916	CombinationName10000085	102049,1;102053,1;102046,1	25,16;1,40	22	2
10000086	1	1	LabelName10000001	LabelDes10000001	labelicon_10000001	915	CombinationName10000086	102048,1;102049,1;102050,1;102051,1;102047,1;102053,1	3,4;4,4;1,40;22,16	42	2
20000069	2	2	LabelName20000001	LabelDes20000001	labelicon_20000001	932	CombinationName20000069	103045,1	3,8	20	3
20000070	2	2	LabelName20000001	LabelDes20000001	labelicon_20000001	931	CombinationName20000070	103046,1	1,80	20	3
20000071	2	2	LabelName20000001	LabelDes20000001	labelicon_20000001	930	CombinationName20000071	103047,1	4,8	20	3
20000072	2	2	LabelName20000001	LabelDes20000001	labelicon_20000001	929	CombinationName20000072	103048,1	24,25	18	3
20000073	2	2	LabelName20000001	LabelDes20000001	labelicon_20000001	928	CombinationName20000073	103049,1	22,25	18	3
20000074	2	2	LabelName20000001	LabelDes20000001	labelicon_20000001	927	CombinationName20000074	103050,1	26,25	18	3
20000075	2	2	LabelName20000001	LabelDes20000001	labelicon_20000001	926	CombinationName20000075	103051,1	23,25	18	3
20000076	2	2	LabelName20000001	LabelDes20000001	labelicon_20000001	925	CombinationName20000076	103052,1	25,25	18	3
20000077	2	2	LabelName20000001	LabelDes20000001	labelicon_20000001	924	CombinationName20000077	103045,1;103049,1	1,60;3,6	30	3
20000078	2	2	LabelName20000001	LabelDes20000001	labelicon_20000001	923	CombinationName20000078	103046,1;103052,1	1,60;4,6	30	3
20000079	2	2	LabelName20000001	LabelDes20000001	labelicon_20000001	922	CombinationName20000079	103048,1;103051,1	3,6;4,6	30	3
20000080	2	2	LabelName20000001	LabelDes20000001	labelicon_20000001	921	CombinationName20000080	103047,1;103050,1	12,10;13,10	30	3
20000081	2	2	LabelName20000001	LabelDes20000001	labelicon_20000001	920	CombinationName20000081	103052,1;103047,1	13,10;11,10	30	3
20000082	2	2	LabelName20000001	LabelDes20000001	labelicon_20000001	919	CombinationName20000082	103045,1;103050,1	131,15;132,15	30	3
20000083	2	2	LabelName20000001	LabelDes20000001	labelicon_20000001	918	CombinationName20000083	103045,1;103046,1;103048,1;103049,1;103051,1;103052,1	84,50;76,50	100	3
20000084	2	2	LabelName20000001	LabelDes20000001	labelicon_20000001	917	CombinationName20000084	103045,1;103046,1;103049,1;103051,1	26,30;24,30;21,30	67	3
30000070	3	3	LabelName30000001	LabelDes30000001	labelicon_30000001	930	CombinationName30000070	104046,1	3,16	40	4
30000071	3	3	LabelName30000001	LabelDes30000001	labelicon_30000001	929	CombinationName30000071	104042,1	4,16	40	4
30000072	3	3	LabelName30000001	LabelDes30000001	labelicon_30000001	928	CombinationName30000072	104043,1	1,160	40	4
30000073	3	3	LabelName30000001	LabelDes30000001	labelicon_30000001	927	CombinationName30000073	104044,1	4,16	40	4
30000074	3	3	LabelName30000001	LabelDes30000001	labelicon_30000001	926	CombinationName30000074	104045,1	1,160	40	4
30000075	3	3	LabelName30000001	LabelDes30000001	labelicon_30000001	925	CombinationName30000075	104043,1;104044,1	32,30;33,30	60	4
30000076	3	3	LabelName30000001	LabelDes30000001	labelicon_30000001	924	CombinationName30000076	104045,1;104046,1	21,40;1,100	55	4
30000077	3	3	LabelName30000001	LabelDes30000001	labelicon_30000001	923	CombinationName30000077	104042,1;104044,1	3,11;4,11	55	4
30000078	3	3	LabelName30000001	LabelDes30000001	labelicon_30000001	922	CombinationName30000078	104043,1;104042,1	173,50;174,50	60	4
30000079	3	3	LabelName30000001	LabelDes30000001	labelicon_30000001	921	CombinationName30000079	104042,1;104045,1;104043,1;104046,1	1,300;34,20;35,20	115	4
40000069	4	4	LabelName40000001	LabelDes40000001	labelicon_40000001	931	CombinationName40000069	105023,1	11,50	75	5
40000070	4	4	LabelName40000001	LabelDes40000001	labelicon_40000001	930	CombinationName40000070	105024,1	12,50	75	5
40000071	4	4	LabelName40000001	LabelDes40000001	labelicon_40000001	929	CombinationName40000071	105025,1	13,50	75	5
40000072	4	4	LabelName40000001	LabelDes40000001	labelicon_40000001	928	CombinationName40000072	105026,1	30,80	80	5
40000073	4	4	LabelName40000001	LabelDes40000001	labelicon_40000001	927	CombinationName40000073	105027,1	31,80	80	5
40000074	4	4	LabelName40000001	LabelDes40000001	labelicon_40000001	926	CombinationName40000074	115019,1	51,150	150	5
40000075	4	4	LabelName40000001	LabelDes40000001	labelicon_40000001	925	CombinationName40000075	115018,1	52,150	150	5
40000076	4	4	LabelName40000001	LabelDes40000001	labelicon_40000001	924	CombinationName40000076	115019,1;115018,1	184,50;185,50	225	5
40000077	4	4	LabelName40000001	LabelDes40000001	labelicon_40000001	923	CombinationName40000077	105026,1;105027,1	22,50;31,40	77	5
40000078	4	4	LabelName40000001	LabelDes40000001	labelicon_40000001	922	CombinationName40000078	105023,1;115018,1	1,300;33,100	175	5
40000079	4	4	LabelName40000001	LabelDes40000001	labelicon_40000001	921	CombinationName40000079	105024,1;105025,1	24,50;33,40	77	5
40000080	4	4	LabelName40000001	LabelDes40000001	labelicon_40000001	920	CombinationName40000080	105023,1;105025,1	3,16;1,160	80	5
40000081	4	4	LabelName40000001	LabelDes40000001	labelicon_40000001	919	CombinationName40000081	115019,1;105024,1	1,300;32,100	175	5
40000082	4	4	LabelName40000001	LabelDes40000001	labelicon_40000001	918	CombinationName40000082	115019,1;115018,1;105025,1	184,100;131,50;132,50	400	5
50000103	5	5	LabelName50000001	LabelDes50000001	labelicon_50000001	898	CombinationName50000103	115018,1;103049,1	4,60;26,50	187	6
50000104	5	5	LabelName50000001	LabelDes50000001	labelicon_50000001	897	CombinationName50000104	103047,1;104044,1	3,20	50	6
50000105	5	5	LabelName50000001	LabelDes50000001	labelicon_50000001	896	CombinationName50000105	102052,1;103050,1	3,12	30	6
50000106	5	5	LabelName50000001	LabelDes50000001	labelicon_50000001	895	CombinationName50000106	103045,1;104046,1	34,20;35,20	40	6
50000107	5	5	LabelName50000001	LabelDes50000001	labelicon_50000001	894	CombinationName50000107	104043,1;105024,1;103045,1	35,30;33,30;31,30	90	6
50000108	5	5	LabelName50000001	LabelDes50000001	labelicon_50000001	893	CombinationName50000108	105024,1;102051,1;102047,1	132,50;52,50	100	6
50000109	5	5	LabelName50000001	LabelDes50000001	labelicon_50000001	892	CombinationName50000109	105027,1;105026,1;105024,1	11,60;12,50;13,60	255	6
50000110	5	5	LabelName50000001	LabelDes50000001	labelicon_50000001	891	CombinationName50000110	102052,1;103050,1;103047,1;104044,1	23,30;25,30	45	6
50000111	5	5	LabelName50000001	LabelDes50000001	labelicon_50000001	890	CombinationName50000111	104046,1;105023,1;115019,1;115018,1	185,200;206,100	450	6
50000112	5	5	LabelName50000001	LabelDes50000001	labelicon_50000001	889	CombinationName50000112	105024,1;104045,1;103046,1;103049,1	34,60;35,80	140	6
50000113	5	5	LabelName50000001	LabelDes50000001	labelicon_50000001	888	CombinationName50000113	102046,1;102053,1;102049,1;103048,1;103052,1	1,5;3,5;4,5	26	6
50000114	5	5	LabelName50000001	LabelDes50000001	labelicon_50000001	887	CombinationName50000114	102052,1;103050,1;103047,1;104044,1;105026,1;105027,1	184,50;52,50	200	6
50000115	5	5	LabelName50000001	LabelDes50000001	labelicon_50000001	886	CombinationName50000115	115020,1	3,60	150	6
50000116	5	5	LabelName50000001	LabelDes50000001	labelicon_50000001	885	CombinationName50000116	115020,1;115014,1	12,100;32,100	250	6
50000117	5	5	LabelName50000001	LabelDes50000001	labelicon_50000001	884	CombinationName50000117	115020,1;105003,1;105007,1	3,50;51,50	175	6
50000118	5	5	LabelName50000001	LabelDes50000001	labelicon_50000001	883	CombinationName50000118	115020,1;115010,1;115012,1;115011,1	12,100;13,100;11,150	525	6
