流水	主任务ID	子任务序号	任务状态	任务目标	是否显示箭头特效	是否显示手指特效	指引优先级	触发范围
int	int	int	int	string	bool	bool	int	float
Id	TaskId	SubId	TaskState	Target	NeedArrows	NeedHand	Priority	Scope
1	10000020	0	3	-63.5,-4.6,-51.9	1	1	1	5.500000
2	10000020	1	3	-54.8,-4,-40.7	1	1	2	5.500000
3	10000025	0	3	-60.3,-4.9,-20.8	1	1	3	5.500000
4	10000025	1	3	-70.0,-4.1,-9.0	1	1	4	5.500000
5	10000040	0	3	-58.9,-3.5,17.9	1	1	5	5.500000
6	10000040	1	3	-56.5,6.4,20.9	1	1	6	5.500000
7	10000040	2	3	-49.4,5.6,24.9	1	1	7	5.500000
8	10000050	0	3	-33.2,4.5,25.4	1	1	8	5.500000
9	10000050	1	3	-33.2,4.7,26.1	1	1	9	5.500000
10	10000050	2	3	-30.0,5.0,24.3	1	1	10	5.500000
11	10000060	0	3	-10.4,6.9,45.1	1	1	11	5.500000
12	10000060	1	3	4.2,6.9,51.2	1	1	12	5.500000
13	10000060	2	3	4.8, 6.9, 52.3	1	1	13	5.500000
14	10000063	1	3	14.5,4.7,60.6	1	1	14	5.500000
15	10000070	1	3	27.1,4.9,66.7	1	1	15	5.500000
16	10000080	0	3	75.6,-3.1,90.9	1	1	16	5.500000
17	10000090	0	3	81.1,-3.1,95.2	1	1	17	5.500000
18	11100010	0	3	28.2,-5.1,-45.2	1	1	18	5.500000
19	11100010	1	3	24.3, -5.1, -37.5	1	1	19	5.500000
20	11100010	2	3	24.3, -5.1, -37.5	1	1	20	5.500000
21	11100010	3	3	25.4, -5.1, -36.7	1	1	21	5.500000
22	11100020	0	3	33.4,-5.2,-37.1	1	1	22	5.500000
23	11100020	1	3	34.1,-0.4,-20.7	1	1	23	5.500000
24	11100030	0	1	22.1, -0.4, 2.9	1	1	24	5.500000
25	11100030	1	3	-43.2,-4.3,-45.7	1	1	25	5.500000
26	11100040	0	1	-68.2,-4.3,-62.3	1	1	26	5.500000
27	11100040	1	4	-68.2,-4.3,-62.3	1	1	27	5.500000
28	11100040	2	4	-67.7,-4.3,-64.4	1	1	28	5.500000
29	11100050	0	1	-59.5, -4.3, -41.2	1	1	29	5.500000
30	11100050	1	3	-60.7,-4.3,-47.5	1	1	30	5.500000
31	11100050	2	3	-60.7,-4.3,-47.5	1	1	31	5.500000
32	11100050	3	3	-57.1,-4.3,-64.5	1	1	32	5.500000
33	11100050	4	3	-56.4,-4.3,-79.4	1	1	33	5.500000
34	11100050	5	3	-59.2,-4.4,-78.5	1	1	34	5.500000
35	11100060	0	1	-59.5, -4.3, -41.2	1	1	35	5.500000
36	11100060	0	4	-25.0, -5.0, -34.0	1	1	36	5.500000
37	11100100	0	3	-27.4, -4.1, -29.3	1	1	37	5.500000
38	11100110	0	3	-19.0,-0.5,48.9	1	1	38	5.500000
39	11100110	1	3	-20.3,-0.48,50.0	1	1	39	5.500000
40	11100110	2	3	-20.3,-0.48,50.0	1	1	40	5.500000
41	11100120	0	3	-39.6,-0.6,42.3	1	1	41	5.500000
42	11100120	1	3	-52.3,-3.0,19.4	1	1	42	5.500000
43	11100120	2	3	-52.3,-3.0,19.4	1	1	43	5.500000
44	11100120	3	3	-52.3,-3.0,19.4	1	1	44	5.500000
45	11100120	6	3	-47.2, -3.0, 13.0	1	1	45	5.500000
46	11100130	0	3	-41.7,-4.3,-45.0	1	1	46	5.500000
47	11100130	1	3	-60.8,-4.3,-67.6	1	1	47	5.500000
48	11100130	2	3	-56.8,-4.3,-63.4	1	1	48	5.500000
49	11100130	3	4	-52.5,-4.3,-59.3	1	1	49	5.500000
50	11100140	0	1	-13.0, -5.0, -23.2	1	1	50	5.500000
51	11100140	1	4	-11.1, -5.0, -26.8	1	1	51	5.500000
52	11100140	2	3	32.7,-0.4,-13.1	1	1	52	5.500000
53	11100150	0	4	38.1,-0.4,-10.6	1	1	53	5.500000
54	11100150	1	3	18.9, -0.4, 2.8	1	1	54	5.500000
55	11100150	2	3	18.9, -0.4, 2.8	1	1	55	5.500000
56	11100150	4	3	23.3, -0.4, -1.3	1	1	56	5.500000
57	11100160	0	3	31.9,-5.1,-37.4	1	1	57	5.500000
58	11100160	1	4	14.8,-5.1,-46.4	1	1	58	5.500000
59	11100180	0	3	28.0,-0.4,-14.1	1	1	59	5.500000
60	11100180	1	3	42.8,-0.4,13.5	1	1	60	5.500000
61	11100180	2	4	14.8,-5.1,-46.4	1	1	61	5.500000
62	11100180	3	3	49.0,4.1,50.1	1	1	62	5.500000
63	11100190	0	3	48.0, 4.0, 59.1	1	1	63	5.500000
64	11100200	0	3	50.0,4.1,58.9	1	1	64	5.500000
65	11100200	1	4	40.6,4.3,48.3	1	1	65	5.500000
66	11100200	2	3	-61.5,0.6,-71.4	1	1	66	5.500000
67	10100177	0	1	-61.9,0.8,-65.2	1	1	67	5.500000
68	10100150	0	3	-37.3,1.2,-40.9	1	1	68	5.500000
69	10100150	1	4	-32.7,1.2,-36.3	1	1	69	5.500000
70	10100150	2	3	-8.0, 0.1, -10.9	1	1	70	5.500000
71	10100150	3	3	-12.0,0.2,-15.1	1	1	71	5.500000
72	10100160	0	3	-12.0,0.2,-15.1	1	1	72	5.500000
73	10100170	0	1	-9.9,0.1,-12.9	1	1	73	5.500000
74	10100180	0	1	61.0,13.3,57.3	1	1	74	5.500000
75	10100180	1	4	98.3,9.7,23.5	1	1	75	5.500000
76	10100180	2	4	27.2, 4.7, 29.7	1	1	76	5.500000
77	10100180	3	4	32.8, 4.7, 22.9	1	1	77	5.500000
78	10100200	0	1	12.9, 0.0, -11.9	1	1	78	5.500000
79	10100230	0	4	-9.9,0.1,-12.9	1	1	79	5.500000
80	10100240	1	4	27.2, 4.7, 29.7	1	1	80	5.500000
81	10100220	0	4	-65.1, -0.8, -80.7	1	1	81	5.500000
82	10100220	2	3	25.2,4.7,21.6	1	1	82	5.500000
83	10100220	3	4	-65.9, -0.8, -76.2	1	1	83	5.500000
84	10200010	0	1	-68.8,0.2,4.3	1	1	84	5.500000
85	10200010	1	3	-44.2, 0.2, 5.6	1	1	85	5.500000
86	10200010	2	3	-32.3,0.2,4.3	1	1	86	5.500000
87	10200260	0	3	-27.2,0.2,-11.5	1	1	87	5.500000
88	10200020	0	1	-22.9, 0.2, -10.5	1	1	88	5.500000
89	10200020	1	3	-18.3,0.2,-2.6	1	1	89	5.500000
90	10200030	0	1	-20.2, 0.2, 2.9	1	1	90	5.500000
91	10200030	1	3	-17.8,0.2,25.5	1	1	91	5.500000
92	10200030	2	4	-21.0, 0.8, 31.4	1	1	92	5.500000
93	10200035	0	1	-21.0, 0.8, 31.4	1	1	93	5.500000
94	10200035	1	3	-19.3,0.5,30.0	1	1	94	5.500000
95	10200038	0	4	-21.0, 0.8, 31.4	1	1	95	5.500000
96	10200040	0	1	-27.2, 0.2, 21.7	1	1	96	5.500000
97	10200050	0	1	4.6, 0.2,-13.8	1	1	97	5.500000
98	10200050	1	3	-23.5,0.2,-32.0	1	1	98	5.500000
99	10200050	2	4	-33.2,0.2,-35.8	1	1	99	5.500000
100	10200050	3	3	-29.7,0.2,-36.3	1	1	100	5.500000
101	10200060	0	1	-33.2,0.2,-35.8	1	1	101	5.500000
102	10200060	1	3	15.0,0.2,-2.8	1	1	102	5.500000
103	10200060	2	3	47.6,0.1,6.3	1	1	103	5.500000
104	10200070	0	1	-33.2,0.2,-35.8	1	1	104	5.500000
105	10200070	1	3	-31.7,0.2,-35.5	1	1	105	5.500000
106	10200240	0	3	9.5,2.6,-35.7	1	1	106	5.500000
107	10200240	1	4	15.6, 2.8, -42.4	1	1	107	5.500000
108	10200080	0	3	15.6,2.8,-42.4	1	1	108	5.500000
109	10200080	2	4	13.0, 2.8, -45.7	1	1	109	5.500000
110	10200085	0	3	11.6, 2.8, -44.6	1	1	110	5.500000
111	10200085	1	4	20.0, 2.8, -45.3	1	1	111	5.500000
112	10200088	0	3	12.0,0.2,-13.2	1	1	112	5.500000
113	10200090	0	1	14.6,2.8,-48.3	1	1	113	5.500000
114	10200090	1	3	3.4, 2.7, 57.6	1	1	114	5.500000
115	10200100	0	4	-33.2,0.2,-35.8	1	1	115	5.500000
116	10200210	0	3		0	1	116	5.500000
117	10200120	0	4	-21.0, 0.8, 31.4	1	1	117	5.500000
118	10300230	0	1	71.8,5.5,0.6	1	1	118	5.500000
119	10300230	1	3	71.6,5.5,7.3	1	1	119	5.500000
120	10300010	0	1	74.0,5.5,14.2	1	1	120	5.500000
121	10300010	1	3	52.0,6.3,28.6	1	1	121	5.500000
122	10300010	2	4	44.4, 6.9, 37.3	1	1	122	5.500000
123	10300020	0	4	6.0,8.6,54.7	1	1	123	5.500000
124	10300210	0	1	44.4, 6.9,37.3	1	1	124	5.500000
125	10300210	1	3	58.7,5.5,21.3	1	1	125	5.500000
126	10300210	4	4	44.4,6.9,37.3	1	1	126	5.500000
127	10300220	0	1	30.9, 6.8, 35.1	1	1	127	5.500000
128	10300220	1	3	65.3,5.5,0.1	1	1	128	5.500000
129	10300220	2	3	65.3,5.5,0.1	1	1	129	5.500000
130	10300220	3	4	82.2,5.5,-5.6	1	1	130	5.500000
131	10300430	0	4	33.1,6.8,36.0	1	1	131	5.500000
132	10300450	0	4	82.2,5.5,-5.6	1	1	132	5.500000
133	10300450	1	4	82.2,5.5,-5.6	1	1	133	5.500000
134	10300260	0	1	36.8,6.9,36.8	1	1	134	5.500000
135	10300260	1	4	48.5,6.9,34.3	1	1	135	5.500000
136	10300260	2	4	36.8,6.9,36.8	1	1	136	5.500000
