ID	拍摄目标点	相机EulerY	相机EulerXPercent	相机PinchPercent	禁止角色移动	禁止镜头移动	屏蔽类型	超出目标提示	拍照任务参数
int	vector3	float	float	float	bool	bool	string	string	string
Id	TargetPos	CameraEulerY	CameraEulerXPercent	CameraPinchPercent	ForbidPlayerMove	ForbidCameraMove	HideMask	ErrorTips	TaskParams
1001	11.7,-2.0,13.8	724.799988	0.393000	0.430000	1	0	1,2,3	task_photo_tips1	
1002	-31.9,0.6,30.4	-33.900002	0.215700	0.242200	0	0	0,1,2,3	task_photo_tips2	
1003	12.6,-1.7,-46.5	-75.599998	0.002800	0.470000	0	0	0,1,2,3,4,5,6,7	task_photo_tips2	
1004	-23.5,6.2,37.6	408.790009	0.257000	0.280000	0	0	1,2,3	task_photo_tips2	
1005	-54.1,4.1,-28.2	-1124.599976	0.268000	0.520000	0	0	1,2,3,4,7	task_photo_tips2	
1006	-51.3,12.2,-91.4	-172.199997	0.250000	0.220000	0	0	1,2,3,4,7	task_photo_tips2	
1007	-35.3,3.7,-17.4	-1040.000000	0.327280	0.340000	0	0	1,2,3,4,7	task_photo_tips2	
1008	-15.3,1.2,-1.1	11.600000	0.171571	0.160000	0	0	0,1,2,3,4,6,7	task_photo_tips2	
1009	48,2,-3.7	177.600006	0.060143	0.004797	0	0	0,1,2,3,4,6,7	task_photo_tips2	
1010	-4.4,4.8,-27.4	200.000000	0.150000	0.000000	0	0	0,1,2,3,4,6,7	task_photo_tips2	
1011	-51.2,1.6,42.2	-317.000000	0.281424	0.999984	0	0	0,1,2,3,4,6,7	task_photo_tips2	
1012	24.0,-2.0,-65.7	-141.000000	0.378567	0.999984	0	0	0,1,2,3,4,6,7	task_photo_tips2	
2001	-30.4,0.1,58.5	-48.900002	0.233000	0.240000	0	0	0,1,2,3,4,6,7	task_photo_tips2	
2002	13.3,-1.2,14.1	-493.799988	0.348000	0.700000	0	0	0,1,2,3,4,6,7	task_photo_tips2	
2003	12.4,-3.2,-46.5	-444.369995	0.208700	0.993400	0	0	0,1,2,3,4,6,7	task_photo_tips2	
2004	-11.8,1.1,-36.7	-734.799988	0.255800	0.520000	0	0	0,1,2,3,4,6,7	task_photo_tips2	
2005	-3.3,0.8,11.4	-729.000000	0.266000	0.820000	0	0	0,1,2,3,4,6,7	task_photo_tips2	
2006	3.9,4.2,58.6	-1786.458008	0.084400	0.520000	0	0	0,1,2,3,4,6,7	task_photo_tips2	
2007	-8.1,1.3,-10.7	42.849998	0.058000	0.039000	0	0	0,1,2,3,4,6,7	task_photo_tips2	
2008	12.2,3.7,-38.5	132.259995	0.032800	0.940000	0	0	0,1,2,3,4,6,7	task_photo_tips2	
2009	68.1,22.2,14.9	-361.700012	0.341000	0.700000	0	0	0,1,2,3,4,6,7	task_photo_tips2	
2010	-6.2,7.4,42.4	-413.799988	0.241000	0.700000	0	0	0,1,2,3,4,6,7	task_photo_tips2	
2011	-60.8,3,17	-376.170013	0.250000	0.460000	0	0	0,1,2,3,4,6,7	task_photo_tips2	
2012	-99.4,15.3,-58.8	305.559998	0.245000	0.939900	0	0	0,1,2,3,4,6,7	task_photo_tips2	
2013	-33.1,4.8,38.9	431.700012	0.252900	0.340000	0	0	0,1,2,3,4,6,7	task_photo_tips2	
2014	63.4,9.2,24.7	-664.140015	0.075800	0.700000	0	0	0,1,2,3,4,6,7	task_photo_tips2	
2015	-58.7,8.6,-20	-53.639999	0.017000	0.460000	0	0	0,1,2,3,4,6,7	task_photo_tips2	
2016	-18.9,-0.4,-63.2	-311.700012	0.235800	0.400000	0	0	0,1,2,3,4,6,7	task_photo_tips2	
2017	-7.3,1.8,-5	-30.309999	0.147200	0.000570	0	0	0,1,2,3,4,6,7	task_photo_tips2	
2018	15.3,5.1,83.7	369.112610	0.361500	0.940000	0	0	0,1,2,3,4,6,7	task_photo_tips2	
3001	70.4,25.4,-9.9	-261.214600	0.298571	0.064772	1	1	2,3,4,5,6,7	task_photo_tips2	
4101	-23.5,-0.5,52.6	369.112610	0.298571	0.064772	0	0	0,1,2,3,4,6,7	task_photo_tips2	2,1
4102	11.5,-0.3,1.4	369.112610	0.298571	0.064772	0	0	0,1,2,3,4,6,7	task_photo_tips2	2,2
4103	-9.9,-0.3,40.3	369.112610	0.298571	0.064772	0	0	0,1,2,3,4,6,7	task_photo_tips2	2,3
4104	48.1,4.2,47.7	369.112610	0.298571	0.064772	0	0	0,1,2,3,4,6,7	task_photo_tips2	2,4
4105	-37.8,-5.0,-17.3	369.112610	0.298571	0.064772	0	0	0,1,2,3,4,6,7	task_photo_tips2	2,5
4106	-41.6,-2.9,19.7	369.112610	0.298571	0.064772	0	0	0,1,2,3,4,6,7	task_photo_tips2	2,6
4107	-60.9,-4.3,-58.7	369.112610	0.298571	0.064772	0	0	0,1,2,3,4,6,7	task_photo_tips2	2,1
4108	20.6,-5.1,-52.3	369.112610	0.298571	0.064772	0	0	0,1,2,3,4,6,7	task_photo_tips2	2,2
4201	23.8,11.0,82.2	369.112610	0.298571	0.064772	0	0	0,1,2,3,4,6,7	task_photo_tips2	2,3
4202	-12.8,6.8,39.1	369.112610	0.298571	0.064772	0	0	0,1,2,3,4,6,7	task_photo_tips2	2,4
4203	26.6,6.9,28.3	369.112610	0.298571	0.064772	0	0	0,1,2,3,4,6,7	task_photo_tips2	2,5
4204	55.1,5.5,10.1	369.112610	0.298571	0.064772	0	0	0,1,2,3,4,6,7	task_photo_tips2	2,6
4205	7.3,4.8,-20.7	369.112610	0.298571	0.064772	0	0	0,1,2,3,4,6,7	task_photo_tips2	2,1
4206	41.0,5.5,-24.5	369.112610	0.298571	0.064772	0	0	0,1,2,3,4,6,7	task_photo_tips2	2,2
4207	-13.1,6.2,-15.1	369.112610	0.298571	0.064772	0	0	0,1,2,3,4,6,7	task_photo_tips2	2,3
4208	-34.6,2.7,-26.0	369.112610	0.298571	0.064772	0	0	0,1,2,3,4,6,7	task_photo_tips2	2,4
4209	-59.3,2.6,8.8	369.112610	0.298571	0.064772	0	0	0,1,2,3,4,6,7	task_photo_tips2	2,5
4210	-81.3,12.2,-61.6	369.112610	0.298571	0.064772	0	0	0,1,2,3,4,6,7	task_photo_tips2	2,6
4211	-92.0,12.2,-65.2	369.112610	0.298571	0.064772	0	0	0,1,2,3,4,6,7	task_photo_tips2	2,1
4212	-77.2,12.2,-30.9	369.112610	0.298571	0.064772	0	0	0,1,2,3,4,6,7	task_photo_tips2	2,2
4301	-43.2,-0.1,40.3	369.112610	0.298571	0.064772	0	0	0,1,2,3,4,6,7	task_photo_tips2	2,3
4302	-75.2,0.1,21.2	369.112610	0.298571	0.064772	0	0	0,1,2,3,4,6,7	task_photo_tips2	2,4
4303	17.8,4.1,83.6	369.112610	0.298571	0.064772	0	0	0,1,2,3,4,6,7	task_photo_tips2	2,5
4304	-30.8,0.3,-10.3	369.112610	0.298571	0.064772	0	0	0,1,2,3,4,6,7	task_photo_tips2	2,6
4305	-5.8,0.3,-8.0	369.112610	0.298571	0.064772	0	0	0,1,2,3,4,6,7	task_photo_tips2	2,1
4306	-18.3,-0.1,-26.5	369.112610	0.298571	0.064772	0	0	0,1,2,3,4,6,7	task_photo_tips2	2,2
4307	-19.5,-2.7,-62.5	369.112610	0.298571	0.064772	0	0	0,1,2,3,4,6,7	task_photo_tips2	2,3
4308	-42.6,-1.7,-65.3	369.112610	0.298571	0.064772	0	0	0,1,2,3,4,6,7	task_photo_tips2	2,4
4309	70.6,2.5,-8.8	369.112610	0.298571	0.064772	0	0	0,1,2,3,4,6,7	task_photo_tips2	2,5
4310	96.3,2.5,-12.2	369.112610	0.298571	0.064772	0	0	0,1,2,3,4,6,7	task_photo_tips2	2,6
4311	32.0,-5.0,-51.3	369.112610	0.298571	0.064772	0	0	0,1,2,3,4,6,7	task_photo_tips2	2,1
4312	16.5,-5.0,-55.6	369.112610	0.298571	0.064772	0	0	0,1,2,3,4,6,7	task_photo_tips2	2,2
4401	-29.5,5.7,33.6	369.112610	0.298571	0.064772	0	0	0,1,2,3,4,6,7	task_photo_tips2	2,3
4402	8.9,6.1,65.8	369.112610	0.298571	0.064772	0	0	0,1,2,3,4,6,7	task_photo_tips2	2,4
4403	23.9,6.7,35.3	369.112610	0.298571	0.064772	0	0	0,1,2,3,4,6,7	task_photo_tips2	2,5
4404	71.6,9.8,20.6	369.112610	0.298571	0.064772	0	0	0,1,2,3,4,6,7	task_photo_tips2	2,6
4405	-40.5,5.7,1.8	369.112610	0.298571	0.064772	0	0	0,1,2,3,4,6,7	task_photo_tips2	2,1
4406	-0.1,-0.5,1.9	369.112610	0.298571	0.064772	0	0	0,1,2,3,4,6,7	task_photo_tips2	2,2
4407	17.9,2.9,9.2	369.112610	0.298571	0.064772	0	0	0,1,2,3,4,6,7	task_photo_tips2	2,3
4408	-31.6,3.8,-30.4	369.112610	0.298571	0.064772	0	0	0,1,2,3,4,6,7	task_photo_tips2	2,4
4409	-8.6,2.5,-45.4	369.112610	0.298571	0.064772	0	0	0,1,2,3,4,6,7	task_photo_tips2	2,5
4410	7.1,-1.6,-22.4	369.112610	0.298571	0.064772	0	0	0,1,2,3,4,6,7	task_photo_tips2	2,6
4411	18.2,2.3,-50.4	369.112610	0.298571	0.064772	0	0	0,1,2,3,4,6,7	task_photo_tips2	2,1
4412	54.8,-0.8,-46.0	369.112610	0.298571	0.064772	0	0	0,1,2,3,4,6,7	task_photo_tips2	2,2
4413	60.1,-0.8,-3.8	369.112610	0.298571	0.064772	0	0	0,1,2,3,4,6,7	task_photo_tips2	2,3
4414	36.0,-0.8,-22.8	369.112610	0.298571	0.064772	0	0	0,1,2,3,4,6,7	task_photo_tips2	2,4
4501	-28.1,13.2,45.7	369.112610	0.298571	0.064772	0	0	0,1,2,3,4,6,7	task_photo_tips2	2,5
4502	1.7,8.0,15.4	369.112610	0.298571	0.064772	0	0	0,1,2,3,4,6,7	task_photo_tips2	2,6
4503	-22.6,5.5,-12.6	369.112610	0.298571	0.064772	0	0	0,1,2,3,4,6,7	task_photo_tips2	2,1
4504	34.1,6.7,-19.3	369.112610	0.298571	0.064772	0	0	0,1,2,3,4,6,7	task_photo_tips2	2,2
4505	42.6,18.7,37.7	369.112610	0.298571	0.064772	0	0	0,1,2,3,4,6,7	task_photo_tips2	2,3
4506	-68.0,8.7,1.1	369.112610	0.298571	0.064772	0	0	0,1,2,3,4,6,7	task_photo_tips2	2,4
4507	-86.2,8.5,-2.9	369.112610	0.298571	0.064772	0	0	0,1,2,3,4,6,7	task_photo_tips2	2,5
4508	-46.1,6.7,-8.0	369.112610	0.298571	0.064772	0	0	0,1,2,3,4,6,7	task_photo_tips2	2,6
4509	-77.6,-4.1,-43.4	369.112610	0.298571	0.064772	0	0	0,1,2,3,4,6,7	task_photo_tips2	2,1
4510	-74.5,-10.7,-66.1	369.112610	0.298571	0.064772	0	0	0,1,2,3,4,6,7	task_photo_tips2	2,2
4511	-33.0,-0.4,-62.2	369.112610	0.298571	0.064772	0	0	0,1,2,3,4,6,7	task_photo_tips2	2,3
4512	-2.3,-2.5,-102.9	369.112610	0.298571	0.064772	0	0	0,1,2,3,4,6,7	task_photo_tips2	2,4
4513	5.0,-2.5,-87.7	369.112610	0.298571	0.064772	0	0	0,1,2,3,4,6,7	task_photo_tips2	2,5
4514	62.6,6.8,-29.7	369.112610	0.298571	0.064772	0	0	0,1,2,3,4,6,7	task_photo_tips2	2,6
4515	54.1,-0.3,-71.6	369.112610	0.298571	0.064772	0	0	0,1,2,3,4,6,7	task_photo_tips2	2,1
4601	0.3,4.0,44.2	369.112610	0.298571	0.064772	0	0	0,1,2,3,4,6,7	task_photo_tips2	2,2
4602	-47.0,8.0,3.3	369.112610	0.298571	0.064772	0	0	0,1,2,3,4,6,7	task_photo_tips2	2,3
4603	-17.3,8.6,4.5	369.112610	0.298571	0.064772	0	0	0,1,2,3,4,6,7	task_photo_tips2	2,4
4604	5.0,4.0,31.8	369.112610	0.298571	0.064772	0	0	0,1,2,3,4,6,7	task_photo_tips2	2,5
4605	25.8,2.6,1.8	369.112610	0.298571	0.064772	0	0	0,1,2,3,4,6,7	task_photo_tips2	2,6
4606	51.0,8.9,27.2	369.112610	0.298571	0.064772	0	0	0,1,2,3,4,6,7	task_photo_tips2	2,1
4607	-24.7,-2.0,-38.1	369.112610	0.298571	0.064772	0	0	0,1,2,3,4,6,7	task_photo_tips2	2,2
4608	11.0,1.6,-36.4	369.112610	0.298571	0.064772	0	0	0,1,2,3,4,6,7	task_photo_tips2	2,3
4609	5.9,1.6,-6.6	369.112610	0.298571	0.064772	0	0	0,1,2,3,4,6,7	task_photo_tips2	2,4
4610	54.7,2.7,-11.5	369.112610	0.298571	0.064772	0	0	0,1,2,3,4,6,7	task_photo_tips2	2,5
4611	29.2,1.6,-36.5	369.112610	0.298571	0.064772	0	0	0,1,2,3,4,6,7	task_photo_tips2	2,6
4612	-7.7,-2.0,-60.5	369.112610	0.298571	0.064772	0	0	0,1,2,3,4,6,7	task_photo_tips2	2,1
4613	28.4,-2.4,-62.1	369.112610	0.298571	0.064772	0	0	0,1,2,3,4,6,7	task_photo_tips2	2,2
4614	45.8,-2.4,-50.8	369.112610	0.298571	0.064772	0	0	0,1,2,3,4,6,7	task_photo_tips2	2,3
