格子ID	地图ID	格子ID	行列坐标	事件ID	特拉然掉落库库ID	能选择前往的坐标点	UI界面中的坐标
int	int	int	string	int	int	string	string
Id	MapId	GridID	Pos	EventId	DropId	ArrivePos	Position
1	1101	1	1,1	910	0	2,3,4	0,0
2	1101	2	2,1	0	102	5,6	150,120
3	1101	3	2,2	0	102	7,8	190,10
4	1101	4	2,3	0	102	9	160,-130
5	1101	5	3,1	0	103	10	370,220
6	1101	6	3,2	0	103	10,11	330,115
7	1101	7	3,3	0	1502	11,12	380,20
8	1101	8	3,4	0	103	12	350,-105
9	1101	9	3,5	0	103	12	375,-220
10	1101	10	4,1	0	104	13	535,150
11	1101	11	4,2	410	0	13,14	560,-30
12	1101	12	4,3	0	104	14,15,16	545,-160
13	1101	13	5,1	0	105	17	690,210
14	1101	14	5,2	210	0	17	740,50
15	1101	15	5,3	0	105	17,18	725,-110
16	1101	16	5,4	0	105	18	780,-215
17	1101	17	6,1	410	0	19,20,21	910,90
18	1101	18	6,2	0	106	22,23	880,-60
19	1101	19	7,1	0	107	24,25	1050,210
20	1101	20	7,2	0	107	25,26	1100,75
21	1101	21	7,3	510	0	26,27	1070,-20
22	1101	22	7,4	0	107	27	1040,-130
23	1101	23	7,5	0	107	27	1090,-217
24	1101	24	8,1	0	108	28	1280,160
25	1101	25	8,2	0	108	28,29	1260,30
26	1101	26	8,3	310	0	29,30	1270,-80
27	1101	27	8,4	0	108	30	1290,-170
28	1101	28	9,1	0	109	31	1455,100
29	1101	29	9,2	210	0	31	1480,0
30	1101	30	9,3	0	109	31	1445,-100
31	1101	31	10,1	0	1605	32	1620,0
32	1101	32	11,1	1000	0		1800,0
33	1102	1	1,1	910	0	2,3,4	0,0
34	1102	2	2,1	0	102	5,6,7	150,120
35	1102	3	2,2	0	102	7,8	190,10
36	1102	4	2,3	0	102	9	160,-130
37	1102	5	3,1	0	103	10	370,220
38	1102	6	3,2	0	103	10	330,115
39	1102	7	3,3	0	1502	11	380,20
40	1102	8	3,4	0	103	11	350,-105
41	1102	9	3,5	0	103	12	375,-220
42	1102	10	4,1	0	104	13	535,150
43	1102	11	4,2	410	0	14	560,-30
44	1102	12	4,3	0	104	15,16	545,-160
45	1102	13	5,1	0	105	17	690,210
46	1102	14	5,2	210	0	17	740,50
47	1102	15	5,3	0	105	17	725,-110
48	1102	16	5,4	0	105	18	780,-215
49	1102	17	6,1	410	0	19,20	910,90
50	1102	18	6,2	0	106	21,22,23	880,-60
51	1102	19	7,1	0	107	24	1050,210
52	1102	20	7,2	510	0	25	1100,75
53	1102	21	7,3	0	107	25	1070,-20
54	1102	22	7,4	0	107	26	1040,-130
55	1102	23	7,5	0	107	27	1090,-217
56	1102	24	8,1	0	108	28	1280,160
57	1102	25	8,2	310	0	29	1260,30
58	1102	26	8,3	0	108	29	1270,-80
59	1102	27	8,4	0	108	29,30	1290,-170
60	1102	28	9,1	0	109	31	1455,100
61	1102	29	9,2	110	0	31	1480,0
62	1102	30	9,3	0	109	31	1445,-100
63	1102	31	10,1	0	1605	32	1620,0
64	1102	32	11,1	1000	0		1800,0
65	1103	1	1,1	910	0	2,3,4	0,0
66	1103	2	2,1	0	102	5,6	150,120
67	1103	3	2,2	0	102	7	190,10
68	1103	4	2,3	0	102	7,8,9	160,-130
69	1103	5	3,1	0	103	10	370,220
70	1103	6	3,2	0	103	10	330,115
71	1103	7	3,3	0	1502	10,11,12	380,20
72	1103	8	3,4	0	103	12	350,-105
73	1103	9	3,5	0	103	12	375,-220
74	1103	10	4,1	0	104	13,14	535,150
75	1103	11	4,2	410	0	14,15	560,-30
76	1103	12	4,3	0	104	15,16	545,-160
77	1103	13	5,1	0	105	17	690,210
78	1103	14	5,2	0	105	17	740,50
79	1103	15	5,3	210	0	18	725,-110
80	1103	16	5,4	0	105	18	780,-215
81	1103	17	6,1	0	106	19,20,21	910,90
82	1103	18	6,2	410	0	21,22,23	880,-60
83	1103	19	7,1	0	107	24,25	1050,210
84	1103	20	7,2	0	107	25	1100,75
85	1103	21	7,3	510	0	25	1070,-20
86	1103	22	7,4	0	107	25	1040,-130
87	1103	23	7,5	0	107	25,26,27	1090,-217
88	1103	24	8,1	0	108	28,29	1280,160
89	1103	25	8,2	310	0	29	1260,30
90	1103	26	8,3	0	108	30	1270,-80
91	1103	27	8,4	0	108	30	1290,-170
92	1103	28	9,1	0	109	31	1455,100
93	1103	29	9,2	210	0	31	1480,0
94	1103	30	9,3	0	109	31	1445,-100
95	1103	31	10,1	0	1605	32	1620,0
96	1103	32	11,1	1000	0		1800,0
97	2101	1	1,1	910	0	2,3,4	0,0
98	2101	2	2,1	0	102	5	200,190
99	2101	3	2,2	0	102	6	160,0
100	2101	4	2,3	0	102	7,8	140,-160
101	2101	5	3,1	0	103	9	380,160
102	2101	6	3,2	0	1502	9	400,15
103	2101	7	3,3	0	103	10	320,-80
104	2101	8	3,4	0	103	10	410,-150
105	2101	9	4,1	410	0	11,12,13	520,90
106	2101	10	4,2	0	104	13,14,15	560,-95
107	2101	11	5,1	0	105	16	690,225
108	2101	12	5,2	0	105	16	740,130
109	2101	13	5,3	210	0	17,18	760,30
110	2101	14	5,4	0	105	18	750,-100
111	2101	15	5,5	0	105	18	700,-225
112	2101	16	6,1	0	106	19	910,112
113	2101	17	6,2	410	0	19,20	940,0
114	2101	18	6,3	0	106	20	900,-150
115	2101	19	7,1	0	107	21,22	1100,65
116	2101	20	7,2	510	0	23,24	1060,-56
117	2101	21	8,1	0	108	25	1240,200
118	2101	22	8,2	0	108	25,26	1280,80
119	2101	23	8,3	310	0	26,27	1250,-60
120	2101	24	8,4	0	108	27	1290,-180
121	2101	25	9,1	0	109	28	1460,160
122	2101	26	9,2	210	0	28	1420,-20
123	2101	27	9,3	0	109	28	1500,-140
124	2101	28	10,1	0	1605	29	1620,0
125	2101	29	11,1	1000	0		1800,0
126	2102	1	1,1	910	0	2,3,4	0,0
127	2102	2	2,1	0	102	5	200,190
128	2102	3	2,2	0	102	5,6	160,0
129	2102	4	2,3	0	102	7,8	140,-160
130	2102	5	3,1	0	103	9,10	380,160
131	2102	6	3,2	0	1502	10	400,15
132	2102	7	3,3	0	103	10	320,-80
133	2102	8	3,4	0	103	10	410,-150
134	2102	9	4,1	0	104	11,12,13,14	520,90
135	2102	10	4,2	410	0	14,15	560,-95
136	2102	11	5,1	0	105	16	690,225
137	2102	12	5,2	0	105	17	740,130
138	2102	13	5,3	0	105	17	760,30
139	2102	14	5,4	210	0	17,18	750,-100
140	2102	15	5,5	0	105	18	700,-225
141	2102	16	6,1	0	106	19	910,112
142	2102	17	6,2	410	0	19,20	940,0
143	2102	18	6,3	0	106	20	900,-150
144	2102	19	7,1	0	107	21	1100,65
145	2102	20	7,2	510	0	22,23,24	1060,-56
146	2102	21	8,1	0	108	25,26	1240,200
147	2102	22	8,2	0	108	26	1280,80
148	2102	23	8,3	310	0	26	1250,-60
149	2102	24	8,4	0	108	26,27	1290,-180
150	2102	25	9,1	0	109	28	1460,160
151	2102	26	9,2	210	0	28	1420,-20
152	2102	27	9,3	0	109	28	1500,-140
153	2102	28	10,1	0	1605	29	1620,0
154	2102	29	11,1	1000	0		1800,0
155	2103	1	1,1	910	0	2,3,4	0,0
156	2103	2	2,1	0	102	5	200,190
157	2103	3	2,2	0	102	5,6,7	160,0
158	2103	4	2,3	0	102	7,8	140,-160
159	2103	5	3,1	0	103	9,10	380,160
160	2103	6	3,2	0	1502	10	400,15
161	2103	7	3,3	0	103	10	320,-80
162	2103	8	3,4	0	103	10	410,-150
163	2103	9	4,1	0	104	11,12,13,14	520,90
164	2103	10	4,2	410	0	15	560,-95
165	2103	11	5,1	0	105	16	690,225
166	2103	12	5,2	0	105	16	740,130
167	2103	13	5,3	0	105	17	760,30
168	2103	14	5,4	0	105	17	750,-100
169	2103	15	5,5	210	0	18	700,-225
170	2103	16	6,1	0	106	19,20	910,112
171	2103	17	6,2	0	106	20	940,0
172	2103	18	6,3	410	0	20	900,-150
173	2103	19	7,1	0	107	21,22,23	1100,65
174	2103	20	7,2	510	0	23,24	1060,-56
175	2103	21	8,1	0	108	25,26	1240,200
176	2103	22	8,2	0	108	26	1280,80
177	2103	23	8,3	310	0	26	1250,-60
178	2103	24	8,4	0	108	26,27	1290,-180
179	2103	25	9,1	0	109	28	1460,160
180	2103	26	9,2	210	0	28	1420,-20
181	2103	27	9,3	0	109	28	1500,-140
182	2103	28	10,1	0	1605	29	1620,0
183	2103	29	11,1	1000	0		1800,0
184	1201	1	1,1	910	0	2,3,4	0,0
185	1201	2	2,1	0	202	5,6	150,120
186	1201	3	2,2	0	202	7,8	190,10
187	1201	4	2,3	0	202	9	160,-130
188	1201	5	3,1	0	203	10	370,220
189	1201	6	3,2	0	203	10,11	330,115
190	1201	7	3,3	0	203	11,12	380,20
191	1201	8	3,4	0	203	12	350,-105
192	1201	9	3,5	0	203	12	375,-220
193	1201	10	4,1	0	204	13	535,150
194	1201	11	4,2	0	204	13,14	560,-30
195	1201	12	4,3	0	204	14,15,16	545,-160
196	1201	13	5,1	210	0	17	690,210
197	1201	14	5,2	0	205	17	740,50
198	1201	15	5,3	0	1603	17,18	725,-110
199	1201	16	5,4	0	205	18	780,-215
200	1201	17	6,1	0	206	19,20,21	910,90
201	1201	18	6,2	0	206	22,23	880,-60
202	1201	19	7,1	0	207	24,25	1050,210
203	1201	20	7,2	0	207	25,26	1100,75
204	1201	21	7,3	0	207	26,27	1070,-20
205	1201	22	7,4	0	207	27	1040,-130
206	1201	23	7,5	0	207	27	1090,-217
207	1201	24	8,1	0	208	28	1280,160
208	1201	25	8,2	0	208	28,29	1260,30
209	1201	26	8,3	0	208	29,30	1270,-80
210	1201	27	8,4	0	208	30	1290,-170
211	1201	28	9,1	0	209	31	1455,100
212	1201	29	9,2	0	209	31	1480,0
213	1201	30	9,3	0	209	31	1445,-100
214	1201	31	10,1	0	1606	32	1620,0
215	1201	32	11,1	1000	0		1800,0
216	1202	1	1,1	910	0	2,3,4	0,0
217	1202	2	2,1	0	202	5,6,7	150,120
218	1202	3	2,2	0	202	7,8	190,10
219	1202	4	2,3	0	202	9	160,-130
220	1202	5	3,1	0	203	10	370,220
221	1202	6	3,2	0	203	10	330,115
222	1202	7	3,3	0	203	11	380,20
223	1202	8	3,4	0	203	11	350,-105
224	1202	9	3,5	0	203	12	375,-220
225	1202	10	4,1	0	204	13	535,150
226	1202	11	4,2	0	204	14	560,-30
227	1202	12	4,3	0	204	15,16	545,-160
228	1202	13	5,1	210	0	17	690,210
229	1202	14	5,2	0	205	17	740,50
230	1202	15	5,3	0	1603	17	725,-110
231	1202	16	5,4	0	205	18	780,-215
232	1202	17	6,1	0	206	19,20	910,90
233	1202	18	6,2	0	206	21,22,23	880,-60
234	1202	19	7,1	0	207	24	1050,210
235	1202	20	7,2	0	207	25	1100,75
236	1202	21	7,3	0	207	25	1070,-20
237	1202	22	7,4	0	207	26	1040,-130
238	1202	23	7,5	0	207	27	1090,-217
239	1202	24	8,1	0	208	28	1280,160
240	1202	25	8,2	0	208	29	1260,30
241	1202	26	8,3	0	208	29	1270,-80
242	1202	27	8,4	0	208	29,30	1290,-170
243	1202	28	9,1	0	209	31	1455,100
244	1202	29	9,2	0	209	31	1480,0
245	1202	30	9,3	0	209	31	1445,-100
246	1202	31	10,1	0	1606	32	1620,0
247	1202	32	11,1	1000	0		1800,0
248	1203	1	1,1	910	0	2,3,4	0,0
249	1203	2	2,1	0	202	5,6	150,120
250	1203	3	2,2	0	202	7	190,10
251	1203	4	2,3	0	202	7,8,9	160,-130
252	1203	5	3,1	0	203	10	370,220
253	1203	6	3,2	0	203	10	330,115
254	1203	7	3,3	0	203	10,11,12	380,20
255	1203	8	3,4	0	203	12	350,-105
256	1203	9	3,5	0	203	12	375,-220
257	1203	10	4,1	0	204	13,14	535,150
258	1203	11	4,2	0	204	14,15	560,-30
259	1203	12	4,3	0	204	15,16	545,-160
260	1203	13	5,1	210	0	17	690,210
261	1203	14	5,2	0	205	17	740,50
262	1203	15	5,3	0	1603	18	725,-110
263	1203	16	5,4	0	205	18	780,-215
264	1203	17	6,1	0	206	19,20,21	910,90
265	1203	18	6,2	0	206	21,22,23	880,-60
266	1203	19	7,1	0	207	24,25	1050,210
267	1203	20	7,2	0	207	25	1100,75
268	1203	21	7,3	0	207	25	1070,-20
269	1203	22	7,4	0	207	25	1040,-130
270	1203	23	7,5	0	207	25,26,27	1090,-217
271	1203	24	8,1	0	208	28,29	1280,160
272	1203	25	8,2	0	208	29	1260,30
273	1203	26	8,3	0	208	30	1270,-80
274	1203	27	8,4	0	208	30	1290,-170
275	1203	28	9,1	0	209	31	1455,100
276	1203	29	9,2	0	209	31	1480,0
277	1203	30	9,3	0	209	31	1445,-100
278	1203	31	10,1	0	1606	32	1620,0
279	1203	32	11,1	1000	0		1800,0
280	2201	1	1,1	910	0	2,3,4	0,0
281	2201	2	2,1	0	202	5	200,190
282	2201	3	2,2	0	202	6	160,0
283	2201	4	2,3	0	202	7,8	140,-160
284	2201	5	3,1	0	203	9	380,160
285	2201	6	3,2	0	203	9	400,15
286	2201	7	3,3	0	203	10	320,-80
287	2201	8	3,4	0	203	10	410,-150
288	2201	9	4,1	0	204	11,12,13	520,90
289	2201	10	4,2	0	204	13,14,15	560,-95
290	2201	11	5,1	0	205	16	690,225
291	2201	12	5,2	0	205	16	740,130
292	2201	13	5,3	0	1603	17,18	760,30
293	2201	14	5,4	0	205	18	750,-100
294	2201	15	5,5	210	0	18	700,-225
295	2201	16	6,1	0	206	19	910,112
296	2201	17	6,2	0	206	19,20	940,0
297	2201	18	6,3	0	206	20	900,-150
298	2201	19	7,1	0	207	21,22	1100,65
299	2201	20	7,2	0	207	23,24	1060,-56
300	2201	21	8,1	0	208	25	1240,200
301	2201	22	8,2	0	208	25,26	1280,80
302	2201	23	8,3	0	208	26,27	1250,-60
303	2201	24	8,4	0	208	27	1290,-180
304	2201	25	9,1	0	209	28	1460,160
305	2201	26	9,2	0	209	28	1420,-20
306	2201	27	9,3	0	209	28	1500,-140
307	2201	28	10,1	0	1606	29	1620,0
308	2201	29	11,1	1000	0		1800,0
309	2202	1	1,1	910	0	2,3,4	0,0
310	2202	2	2,1	0	202	5	200,190
311	2202	3	2,2	0	202	5,6	160,0
312	2202	4	2,3	0	202	7,8	140,-160
313	2202	5	3,1	0	203	9,10	380,160
314	2202	6	3,2	0	203	10	400,15
315	2202	7	3,3	0	203	10	320,-80
316	2202	8	3,4	0	203	10	410,-150
317	2202	9	4,1	0	204	11,12,13,14	520,90
318	2202	10	4,2	0	204	14,15	560,-95
319	2202	11	5,1	0	205	16	690,225
320	2202	12	5,2	0	205	17	740,130
321	2202	13	5,3	0	1603	17	760,30
322	2202	14	5,4	0	205	17,18	750,-100
323	2202	15	5,5	210	0	18	700,-225
324	2202	16	6,1	0	206	19	910,112
325	2202	17	6,2	0	206	19,20	940,0
326	2202	18	6,3	0	206	20	900,-150
327	2202	19	7,1	0	207	21	1100,65
328	2202	20	7,2	0	207	22,23,24	1060,-56
329	2202	21	8,1	0	208	25,26	1240,200
330	2202	22	8,2	0	208	26	1280,80
331	2202	23	8,3	0	208	26	1250,-60
332	2202	24	8,4	0	208	26,27	1290,-180
333	2202	25	9,1	0	209	28	1460,160
334	2202	26	9,2	0	209	28	1420,-20
335	2202	27	9,3	0	209	28	1500,-140
336	2202	28	10,1	0	1606	29	1620,0
337	2202	29	11,1	1000	0		1800,0
338	2203	1	1,1	910	0	2,3,4	0,0
339	2203	2	2,1	0	202	5	200,190
340	2203	3	2,2	0	202	5,6,7	160,0
341	2203	4	2,3	0	202	7,8	140,-160
342	2203	5	3,1	0	203	9,10	380,160
343	2203	6	3,2	0	203	10	400,15
344	2203	7	3,3	0	203	10	320,-80
345	2203	8	3,4	0	203	10	410,-150
346	2203	9	4,1	0	204	11,12,13,14	520,90
347	2203	10	4,2	0	204	15	560,-95
348	2203	11	5,1	0	205	16	690,225
349	2203	12	5,2	0	205	16	740,130
350	2203	13	5,3	0	1603	17	760,30
351	2203	14	5,4	0	205	17	750,-100
352	2203	15	5,5	210	0	18	700,-225
353	2203	16	6,1	0	206	19,20	910,112
354	2203	17	6,2	0	206	20	940,0
355	2203	18	6,3	0	206	20	900,-150
356	2203	19	7,1	0	207	21,22,23	1100,65
357	2203	20	7,2	0	207	23,24	1060,-56
358	2203	21	8,1	0	208	25,26	1240,200
359	2203	22	8,2	0	208	26	1280,80
360	2203	23	8,3	0	208	26	1250,-60
361	2203	24	8,4	0	208	26,27	1290,-180
362	2203	25	9,1	0	209	28	1460,160
363	2203	26	9,2	0	209	28	1420,-20
364	2203	27	9,3	0	209	28	1500,-140
365	2203	28	10,1	0	1606	29	1620,0
366	2203	29	11,1	1000	0		1800,0
367	1301	1	1,1	910	0	2,3,4	0,0
368	1301	2	2,1	0	302	5,6	150,120
369	1301	3	2,2	0	302	7,8	190,10
370	1301	4	2,3	0	302	9	160,-130
371	1301	5	3,1	0	303	10	370,220
372	1301	6	3,2	0	303	10,11	330,115
373	1301	7	3,3	0	1604	11,12	380,20
374	1301	8	3,4	0	303	12	350,-105
375	1301	9	3,5	0	303	12	375,-220
376	1301	10	4,1	0	304	13	535,150
377	1301	11	4,2	430	0	13,14	560,-30
378	1301	12	4,3	0	304	14,15,16	545,-160
379	1301	13	5,1	0	1604	17	690,210
380	1301	14	5,2	0	305	17	740,50
381	1301	15	5,3	210	0	17,18	725,-110
382	1301	16	5,4	0	305	18	780,-215
383	1301	17	6,1	310	0	19,20,21	910,90
384	1301	18	6,2	0	306	22,23	880,-60
385	1301	19	7,1	0	307	24,25	1050,210
386	1301	20	7,2	0	307	25,26	1100,75
387	1301	21	7,3	530	0	26,27	1070,-20
388	1301	22	7,4	0	307	27	1040,-130
389	1301	23	7,5	0	307	27	1090,-217
390	1301	24	8,1	0	308	28	1280,160
391	1301	25	8,2	0	308	28,29	1260,30
392	1301	26	8,3	130	0	29,30	1270,-80
393	1301	27	8,4	0	308	30	1290,-170
394	1301	28	9,1	130	0	31	1455,100
395	1301	29	9,2	210	0	31	1480,0
396	1301	30	9,3	0	309	31	1445,-100
397	1301	31	10,1	810	0		1620,0
398	1302	1	1,1	910	0	2,3,4	0,0
399	1302	2	2,1	0	302	5,6,7	150,120
400	1302	3	2,2	0	302	7,8	190,10
401	1302	4	2,3	0	302	9	160,-130
402	1302	5	3,1	0	303	10	370,220
403	1302	6	3,2	0	1604	10	330,115
404	1302	7	3,3	0	303	11	380,20
405	1302	8	3,4	0	303	11	350,-105
406	1302	9	3,5	0	303	12	375,-220
407	1302	10	4,1	430	0	13	535,150
408	1302	11	4,2	0	304	14	560,-30
409	1302	12	4,3	0	304	15,16	545,-160
410	1302	13	5,1	0	1604	17	690,210
411	1302	14	5,2	0	305	17	740,50
412	1302	15	5,3	210	0	17	725,-110
413	1302	16	5,4	0	305	18	780,-215
414	1302	17	6,1	310	0	19,20	910,90
415	1302	18	6,2	0	306	21,22,23	880,-60
416	1302	19	7,1	0	307	24	1050,210
417	1302	20	7,2	530	0	25	1100,75
418	1302	21	7,3	0	307	25	1070,-20
419	1302	22	7,4	0	307	26	1040,-130
420	1302	23	7,5	0	307	27	1090,-217
421	1302	24	8,1	0	308	28	1280,160
422	1302	25	8,2	130	0	29	1260,30
423	1302	26	8,3	0	308	29	1270,-80
424	1302	27	8,4	0	308	29,30	1290,-170
425	1302	28	9,1	130	0	31	1455,100
426	1302	29	9,2	210	0	31	1480,0
427	1302	30	9,3	0	309	31	1445,-100
428	1302	31	10,1	810	0		1620,0
429	1303	1	1,1	910	0	2,3,4	0,0
430	1303	2	2,1	0	302	5,6	150,120
431	1303	3	2,2	0	302	7	190,10
432	1303	4	2,3	0	302	7,8,9	160,-130
433	1303	5	3,1	0	1604	10	370,220
434	1303	6	3,2	0	303	10	330,115
435	1303	7	3,3	0	303	10,11,12	380,20
436	1303	8	3,4	0	303	12	350,-105
437	1303	9	3,5	0	303	12	375,-220
438	1303	10	4,1	430	0	13,14	535,150
439	1303	11	4,2	0	304	14,15	560,-30
440	1303	12	4,3	0	304	15,16	545,-160
441	1303	13	5,1	0	1604	17	690,210
442	1303	14	5,2	0	305	17	740,50
443	1303	15	5,3	210	0	18	725,-110
444	1303	16	5,4	0	305	18	780,-215
445	1303	17	6,1	310	0	19,20,21	910,90
446	1303	18	6,2	0	306	21,22,23	880,-60
447	1303	19	7,1	0	307	24,25	1050,210
448	1303	20	7,2	530	0	25	1100,75
449	1303	21	7,3	0	307	25	1070,-20
450	1303	22	7,4	0	307	25	1040,-130
451	1303	23	7,5	0	307	25,26,27	1090,-217
452	1303	24	8,1	0	308	28,29	1280,160
453	1303	25	8,2	130	0	29	1260,30
454	1303	26	8,3	0	308	30	1270,-80
455	1303	27	8,4	0	308	30	1290,-170
456	1303	28	9,1	130	0	31	1455,100
457	1303	29	9,2	210	0	31	1480,0
458	1303	30	9,3	0	309	31	1445,-100
459	1303	31	10,1	810	0		1620,0
460	2301	1	1,1	910	0	2,3,4	0,0
461	2301	2	2,1	0	302	5	200,190
462	2301	3	2,2	0	302	6	160,0
463	2301	4	2,3	0	302	7,8	140,-160
464	2301	5	3,1	0	303	9	380,160
465	2301	6	3,2	0	1604	9	400,15
466	2301	7	3,3	0	303	10	320,-80
467	2301	8	3,4	0	303	10	410,-150
468	2301	9	4,1	430	0	11,12,13	520,90
469	2301	10	4,2	0	304	13,14,15	560,-95
470	2301	11	5,1	210	0	16	690,225
471	2301	12	5,2	0	1604	16	740,130
472	2301	13	5,3	0	305	17,18	760,30
473	2301	14	5,4	0	305	18	750,-100
474	2301	15	5,5	0	305	18	700,-225
475	2301	16	6,1	310	0	19	910,112
476	2301	17	6,2	0	306	19,20	940,0
477	2301	18	6,3	0	306	20	900,-150
478	2301	19	7,1	530	0	21,22	1100,65
479	2301	20	7,2	0	307	23,24	1060,-56
480	2301	21	8,1	0	308	25	1240,200
481	2301	22	8,2	130	0	25,26	1280,80
482	2301	23	8,3	0	308	26,27	1250,-60
483	2301	24	8,4	0	308	27	1290,-180
484	2301	25	9,1	210	0	28	1460,160
485	2301	26	9,2	130	0	28	1420,-20
486	2301	27	9,3	0	309	28	1500,-140
487	2301	28	10,1	810	0		1620,0
488	2302	1	1,1	910	0	2,3,4	0,0
489	2302	2	2,1	0	302	5	200,190
490	2302	3	2,2	0	302	5,6	160,0
491	2302	4	2,3	0	302	7,8	140,-160
492	2302	5	3,1	0	1604	9,10	380,160
493	2302	6	3,2	0	303	10	400,15
494	2302	7	3,3	0	303	10	320,-80
495	2302	8	3,4	0	303	10	410,-150
496	2302	9	4,1	430	0	11,12,13,14	520,90
497	2302	10	4,2	0	304	14,15	560,-95
498	2302	11	5,1	210	0	16	690,225
499	2302	12	5,2	0	1604	17	740,130
500	2302	13	5,3	0	305	17	760,30
501	2302	14	5,4	0	305	17,18	750,-100
502	2302	15	5,5	0	305	18	700,-225
503	2302	16	6,1	0	306	19	910,112
504	2302	17	6,2	310	0	19,20	940,0
505	2302	18	6,3	0	306	20	900,-150
506	2302	19	7,1	0	307	21	1100,65
507	2302	20	7,2	530	0	22,23,24	1060,-56
508	2302	21	8,1	0	308	25,26	1240,200
509	2302	22	8,2	0	308	26	1280,80
510	2302	23	8,3	0	308	26	1250,-60
511	2302	24	8,4	130	0	26,27	1290,-180
512	2302	25	9,1	0	309	28	1460,160
513	2302	26	9,2	130	0	28	1420,-20
514	2302	27	9,3	210	0	28	1500,-140
515	2302	28	10,1	810	0		1620,0
516	2303	1	1,1	910	0	2,3,4	0,0
517	2303	2	2,1	0	302	5	200,190
518	2303	3	2,2	0	302	5,6,7	160,0
519	2303	4	2,3	0	302	7,8	140,-160
520	2303	5	3,1	0	1604	9,10	380,160
521	2303	6	3,2	0	303	10	400,15
522	2303	7	3,3	0	303	10	320,-80
523	2303	8	3,4	0	303	10	410,-150
524	2303	9	4,1	430	0	11,12,13,14	520,90
525	2303	10	4,2	0	304	15	560,-95
526	2303	11	5,1	210	0	16	690,225
527	2303	12	5,2	0	1604	16	740,130
528	2303	13	5,3	0	305	17	760,30
529	2303	14	5,4	0	305	17	750,-100
530	2303	15	5,5	0	305	18	700,-225
531	2303	16	6,1	310	0	19,20	910,112
532	2303	17	6,2	0	306	20	940,0
533	2303	18	6,3	0	306	20	900,-150
534	2303	19	7,1	0	307	21,22,23	1100,65
535	2303	20	7,2	530	0	23,24	1060,-56
536	2303	21	8,1	0	308	25,26	1240,200
537	2303	22	8,2	0	308	26	1280,80
538	2303	23	8,3	0	308	26	1250,-60
539	2303	24	8,4	130	0	26,27	1290,-180
540	2303	25	9,1	0	309	28	1460,160
541	2303	26	9,2	130	0	28	1420,-20
542	2303	27	9,3	210	0	28	1500,-140
543	2303	28	10,1	810	0		1620,0
