道具ID	部位	最小装等	最大装等	蓝色魔法属性等级掉落库	紫色魔法属性等级掉落库	金色魔法属性等级掉落库
string	int	int	int	int	int	int
Id	Parts	MinItemLv	MaxItemLv	MagicLvDropBox2	MagicLvDropBox3	MagicLvDropBox4
unidfequip301010110001	1	27	27	202001	203001	204001
unidfequip302010110001	2	27	27	202001	203001	204001
unidfequip303010110001	3	27	27	202001	203001	204001
unidfequip304010110001	4	27	27	202001	203001	204001
unidfequip305010110001	5	27	27	202001	203001	204001
unidfequip306010110001	6	27	27	202001	203001	204001
unidfequip301010110002	1	27	27	202001	203001	204001
unidfequip302010110002	2	27	27	202001	203001	204001
unidfequip303010110002	3	27	27	202001	203001	204001
unidfequip304010110002	4	27	27	202001	203001	204001
unidfequip305010110002	5	27	27	202001	203001	204001
unidfequip306010110002	6	27	27	202001	203001	204001
unidfequip301010110003	1	27	27	202001	203001	204001
unidfequip302010110003	2	27	27	202001	203001	204001
unidfequip303010110003	3	27	27	202001	203001	204001
unidfequip304010110003	4	27	27	202001	203001	204001
unidfequip305010110003	5	27	27	202001	203001	204001
unidfequip306010110003	6	27	27	202001	203001	204001
unidfequip301010110004	1	27	27	202001	203001	204001
unidfequip302010110004	2	27	27	202001	203001	204001
unidfequip303010110004	3	27	27	202001	203001	204001
unidfequip304010110004	4	27	27	202001	203001	204001
unidfequip305010110004	5	27	27	202001	203001	204001
unidfequip306010110004	6	27	27	202001	203001	204001
unidfequip301010110005	1	27	27	202001	203001	204001
unidfequip302010110005	2	27	27	202001	203001	204001
unidfequip303010110005	3	27	27	202001	203001	204001
unidfequip304010110005	4	27	27	202001	203001	204001
unidfequip305010110005	5	27	27	202001	203001	204001
unidfequip306010110005	6	27	27	202001	203001	204001
unidfequip301010110006	1	27	27	202001	203001	204001
unidfequip302010110006	2	27	27	202001	203001	204001
unidfequip303010110006	3	27	27	202001	203001	204001
unidfequip304010110006	4	27	27	202001	203001	204001
unidfequip305010110006	5	27	27	202001	203001	204001
unidfequip306010110006	6	27	27	202001	203001	204001
unidfequip301030210001	1	79	79	302001	303001	304001
unidfequip302030210001	2	79	79	302001	303001	304001
unidfequip303030210001	3	79	79	302001	303001	304001
unidfequip304030210001	4	79	79	302001	303001	304001
unidfequip305030210001	5	79	79	302001	303001	304001
unidfequip306030210001	6	79	79	302001	303001	304001
unidfequip301030210002	1	79	79	302001	303001	304001
unidfequip302030210002	2	79	79	302001	303001	304001
unidfequip303030210002	3	79	79	302001	303001	304001
unidfequip304030210002	4	79	79	302001	303001	304001
unidfequip305030210002	5	79	79	302001	303001	304001
unidfequip306030210002	6	79	79	302001	303001	304001
unidfequip301030210003	1	79	79	302001	303001	304001
unidfequip302030210003	2	79	79	302001	303001	304001
unidfequip303030210003	3	79	79	302001	303001	304001
unidfequip304030210003	4	79	79	302001	303001	304001
unidfequip305030210003	5	79	79	302001	303001	304001
unidfequip306030210003	6	79	79	302001	303001	304001
unidfequip301030210004	1	79	79	302001	303001	304001
unidfequip302030210004	2	79	79	302001	303001	304001
unidfequip303030210004	3	79	79	302001	303001	304001
unidfequip304030210004	4	79	79	302001	303001	304001
unidfequip305030210004	5	79	79	302001	303001	304001
unidfequip306030210004	6	79	79	302001	303001	304001
unidfequip301030210005	1	79	79	302001	303001	304001
unidfequip302030210005	2	79	79	302001	303001	304001
unidfequip303030210005	3	79	79	302001	303001	304001
unidfequip304030210005	4	79	79	302001	303001	304001
unidfequip305030210005	5	79	79	302001	303001	304001
unidfequip306030210005	6	79	79	302001	303001	304001
unidfequip301030210006	1	79	79	302001	303001	304001
unidfequip302030210006	2	79	79	302001	303001	304001
unidfequip303030210006	3	79	79	302001	303001	304001
unidfequip304030210006	4	79	79	302001	303001	304001
unidfequip305030210006	5	79	79	302001	303001	304001
unidfequip306030210006	6	79	79	302001	303001	304001
unidfequip301030220001	1	158	158	302001	303001	304001
unidfequip302030220001	2	158	158	302001	303001	304001
unidfequip303030220001	3	158	158	302001	303001	304001
unidfequip304030220001	4	158	158	302001	303001	304001
unidfequip305030220001	5	158	158	302001	303001	304001
unidfequip306030220001	6	158	158	302001	303001	304001
unidfequip301030220002	1	158	158	302001	303001	304001
unidfequip302030220002	2	158	158	302001	303001	304001
unidfequip303030220002	3	158	158	302001	303001	304001
unidfequip304030220002	4	158	158	302001	303001	304001
unidfequip305030220002	5	158	158	302001	303001	304001
unidfequip306030220002	6	158	158	302001	303001	304001
unidfequip301030220003	1	158	158	302001	303001	304001
unidfequip302030220003	2	158	158	302001	303001	304001
unidfequip303030220003	3	158	158	302001	303001	304001
unidfequip304030220003	4	158	158	302001	303001	304001
unidfequip305030220003	5	158	158	302001	303001	304001
unidfequip306030220003	6	158	158	302001	303001	304001
unidfequip301030220004	1	158	158	302001	303001	304001
unidfequip302030220004	2	158	158	302001	303001	304001
unidfequip303030220004	3	158	158	302001	303001	304001
unidfequip304030220004	4	158	158	302001	303001	304001
unidfequip305030220004	5	158	158	302001	303001	304001
unidfequip306030220004	6	158	158	302001	303001	304001
unidfequip301030220005	1	158	158	302001	303001	304001
unidfequip302030220005	2	158	158	302001	303001	304001
unidfequip303030220005	3	158	158	302001	303001	304001
unidfequip304030220005	4	158	158	302001	303001	304001
unidfequip305030220005	5	158	158	302001	303001	304001
unidfequip306030220005	6	158	158	302001	303001	304001
unidfequip301030220006	1	158	158	302001	303001	304001
unidfequip302030220006	2	158	158	302001	303001	304001
unidfequip303030220006	3	158	158	302001	303001	304001
unidfequip304030220006	4	158	158	302001	303001	304001
unidfequip305030220006	5	158	158	302001	303001	304001
unidfequip306030220006	6	158	158	302001	303001	304001
unidfequip301030230001	1	178	198	302001	303001	304001
unidfequip302030230001	2	178	198	302001	303001	304001
unidfequip303030230001	3	178	198	302001	303001	304001
unidfequip304030230001	4	178	198	302001	303001	304001
unidfequip305030230001	5	178	198	302001	303001	304001
unidfequip306030230001	6	178	198	302001	303001	304001
unidfequip301030230002	1	178	198	302001	303001	304001
unidfequip302030230002	2	178	198	302001	303001	304001
unidfequip303030230002	3	178	198	302001	303001	304001
unidfequip304030230002	4	178	198	302001	303001	304001
unidfequip305030230002	5	178	198	302001	303001	304001
unidfequip306030230002	6	178	198	302001	303001	304001
unidfequip301030230003	1	178	198	302001	303001	304001
unidfequip302030230003	2	178	198	302001	303001	304001
unidfequip303030230003	3	178	198	302001	303001	304001
unidfequip304030230003	4	178	198	302001	303001	304001
unidfequip305030230003	5	178	198	302001	303001	304001
unidfequip306030230003	6	178	198	302001	303001	304001
unidfequip301030230004	1	178	198	302001	303001	304001
unidfequip302030230004	2	178	198	302001	303001	304001
unidfequip303030230004	3	178	198	302001	303001	304001
unidfequip304030230004	4	178	198	302001	303001	304001
unidfequip305030230004	5	178	198	302001	303001	304001
unidfequip306030230004	6	178	198	302001	303001	304001
unidfequip301030230005	1	178	198	302001	303001	304001
unidfequip302030230005	2	178	198	302001	303001	304001
unidfequip303030230005	3	178	198	302001	303001	304001
unidfequip304030230005	4	178	198	302001	303001	304001
unidfequip305030230005	5	178	198	302001	303001	304001
unidfequip306030230005	6	178	198	302001	303001	304001
unidfequip301030230006	1	178	198	302001	303001	304001
unidfequip302030230006	2	178	198	302001	303001	304001
unidfequip303030230006	3	178	198	302001	303001	304001
unidfequip304030230006	4	178	198	302001	303001	304001
unidfequip305030230006	5	178	198	302001	303001	304001
unidfequip306030230006	6	178	198	302001	303001	304001
unidfequip301030240001	1	340	378	302001	303001	304001
unidfequip302030240001	2	340	378	302001	303001	304001
unidfequip303030240001	3	340	378	302001	303001	304001
unidfequip304030240001	4	340	378	302001	303001	304001
unidfequip305030240001	5	340	378	302001	303001	304001
unidfequip306030240001	6	340	378	302001	303001	304001
unidfequip301030240002	1	340	378	302001	303001	304001
unidfequip302030240002	2	340	378	302001	303001	304001
unidfequip303030240002	3	340	378	302001	303001	304001
unidfequip304030240002	4	340	378	302001	303001	304001
unidfequip305030240002	5	340	378	302001	303001	304001
unidfequip306030240002	6	340	378	302001	303001	304001
unidfequip301030240003	1	340	378	302001	303001	304001
unidfequip302030240003	2	340	378	302001	303001	304001
unidfequip303030240003	3	340	378	302001	303001	304001
unidfequip304030240003	4	340	378	302001	303001	304001
unidfequip305030240003	5	340	378	302001	303001	304001
unidfequip306030240003	6	340	378	302001	303001	304001
unidfequip301030240004	1	340	378	302001	303001	304001
unidfequip302030240004	2	340	378	302001	303001	304001
unidfequip303030240004	3	340	378	302001	303001	304001
unidfequip304030240004	4	340	378	302001	303001	304001
unidfequip305030240004	5	340	378	302001	303001	304001
unidfequip306030240004	6	340	378	302001	303001	304001
unidfequip301030240005	1	340	378	302001	303001	304001
unidfequip302030240005	2	340	378	302001	303001	304001
unidfequip303030240005	3	340	378	302001	303001	304001
unidfequip304030240005	4	340	378	302001	303001	304001
unidfequip305030240005	5	340	378	302001	303001	304001
unidfequip306030240005	6	340	378	302001	303001	304001
unidfequip301030240006	1	340	378	302001	303001	304001
unidfequip302030240006	2	340	378	302001	303001	304001
unidfequip303030240006	3	340	378	302001	303001	304001
unidfequip304030240006	4	340	378	302001	303001	304001
unidfequip305030240006	5	340	378	302001	303001	304001
unidfequip306030240006	6	340	378	302001	303001	304001
unidfequip301040210001	1	126	126	402001	403001	404001
unidfequip302040210001	2	126	126	402001	403001	404001
unidfequip303040210001	3	126	126	402001	403001	404001
unidfequip304040210001	4	126	126	402001	403001	404001
unidfequip305040210001	5	126	126	402001	403001	404001
unidfequip306040210001	6	126	126	402001	403001	404001
unidfequip301040210002	1	126	126	402001	403001	404001
unidfequip302040210002	2	126	126	402001	403001	404001
unidfequip303040210002	3	126	126	402001	403001	404001
unidfequip304040210002	4	126	126	402001	403001	404001
unidfequip305040210002	5	126	126	402001	403001	404001
unidfequip306040210002	6	126	126	402001	403001	404001
unidfequip301040210003	1	126	126	402001	403001	404001
unidfequip302040210003	2	126	126	402001	403001	404001
unidfequip303040210003	3	126	126	402001	403001	404001
unidfequip304040210003	4	126	126	402001	403001	404001
unidfequip305040210003	5	126	126	402001	403001	404001
unidfequip306040210003	6	126	126	402001	403001	404001
unidfequip301040210004	1	126	126	402001	403001	404001
unidfequip302040210004	2	126	126	402001	403001	404001
unidfequip303040210004	3	126	126	402001	403001	404001
unidfequip304040210004	4	126	126	402001	403001	404001
unidfequip305040210004	5	126	126	402001	403001	404001
unidfequip306040210004	6	126	126	402001	403001	404001
unidfequip301040210005	1	126	126	402001	403001	404001
unidfequip302040210005	2	126	126	402001	403001	404001
unidfequip303040210005	3	126	126	402001	403001	404001
unidfequip304040210005	4	126	126	402001	403001	404001
unidfequip305040210005	5	126	126	402001	403001	404001
unidfequip306040210005	6	126	126	402001	403001	404001
unidfequip301040210006	1	126	126	402001	403001	404001
unidfequip302040210006	2	126	126	402001	403001	404001
unidfequip303040210006	3	126	126	402001	403001	404001
unidfequip304040210006	4	126	126	402001	403001	404001
unidfequip305040210006	5	126	126	402001	403001	404001
unidfequip306040210006	6	126	126	402001	403001	404001
unidfequip301040220001	1	252	252	402001	403001	404001
unidfequip302040220001	2	252	252	402001	403001	404001
unidfequip303040220001	3	252	252	402001	403001	404001
unidfequip304040220001	4	252	252	402001	403001	404001
unidfequip305040220001	5	252	252	402001	403001	404001
unidfequip306040220001	6	252	252	402001	403001	404001
unidfequip301040220002	1	252	252	402001	403001	404001
unidfequip302040220002	2	252	252	402001	403001	404001
unidfequip303040220002	3	252	252	402001	403001	404001
unidfequip304040220002	4	252	252	402001	403001	404001
unidfequip305040220002	5	252	252	402001	403001	404001
unidfequip306040220002	6	252	252	402001	403001	404001
unidfequip301040220003	1	252	252	402001	403001	404001
unidfequip302040220003	2	252	252	402001	403001	404001
unidfequip303040220003	3	252	252	402001	403001	404001
unidfequip304040220003	4	252	252	402001	403001	404001
unidfequip305040220003	5	252	252	402001	403001	404001
unidfequip306040220003	6	252	252	402001	403001	404001
unidfequip301040220004	1	252	252	402001	403001	404001
unidfequip302040220004	2	252	252	402001	403001	404001
unidfequip303040220004	3	252	252	402001	403001	404001
unidfequip304040220004	4	252	252	402001	403001	404001
unidfequip305040220004	5	252	252	402001	403001	404001
unidfequip306040220004	6	252	252	402001	403001	404001
unidfequip301040220005	1	252	252	402001	403001	404001
unidfequip302040220005	2	252	252	402001	403001	404001
unidfequip303040220005	3	252	252	402001	403001	404001
unidfequip304040220005	4	252	252	402001	403001	404001
unidfequip305040220005	5	252	252	402001	403001	404001
unidfequip306040220005	6	252	252	402001	403001	404001
unidfequip301040220006	1	252	252	402001	403001	404001
unidfequip302040220006	2	252	252	402001	403001	404001
unidfequip303040220006	3	252	252	402001	403001	404001
unidfequip304040220006	4	252	252	402001	403001	404001
unidfequip305040220006	5	252	252	402001	403001	404001
unidfequip306040220006	6	252	252	402001	403001	404001
unidfequip301040230001	1	283	315	402001	403001	404001
unidfequip302040230001	2	283	315	402001	403001	404001
unidfequip303040230001	3	283	315	402001	403001	404001
unidfequip304040230001	4	283	315	402001	403001	404001
unidfequip305040230001	5	283	315	402001	403001	404001
unidfequip306040230001	6	283	315	402001	403001	404001
unidfequip301040230002	1	283	315	402001	403001	404001
unidfequip302040230002	2	283	315	402001	403001	404001
unidfequip303040230002	3	283	315	402001	403001	404001
unidfequip304040230002	4	283	315	402001	403001	404001
unidfequip305040230002	5	283	315	402001	403001	404001
unidfequip306040230002	6	283	315	402001	403001	404001
unidfequip301040230003	1	283	315	402001	403001	404001
unidfequip302040230003	2	283	315	402001	403001	404001
unidfequip303040230003	3	283	315	402001	403001	404001
unidfequip304040230003	4	283	315	402001	403001	404001
unidfequip305040230003	5	283	315	402001	403001	404001
unidfequip306040230003	6	283	315	402001	403001	404001
unidfequip301040230004	1	283	315	402001	403001	404001
unidfequip302040230004	2	283	315	402001	403001	404001
unidfequip303040230004	3	283	315	402001	403001	404001
unidfequip304040230004	4	283	315	402001	403001	404001
unidfequip305040230004	5	283	315	402001	403001	404001
unidfequip306040230004	6	283	315	402001	403001	404001
unidfequip301040230005	1	283	315	402001	403001	404001
unidfequip302040230005	2	283	315	402001	403001	404001
unidfequip303040230005	3	283	315	402001	403001	404001
unidfequip304040230005	4	283	315	402001	403001	404001
unidfequip305040230005	5	283	315	402001	403001	404001
unidfequip306040230005	6	283	315	402001	403001	404001
unidfequip301040230006	1	283	315	402001	403001	404001
unidfequip302040230006	2	283	315	402001	403001	404001
unidfequip303040230006	3	283	315	402001	403001	404001
unidfequip304040230006	4	283	315	402001	403001	404001
unidfequip305040230006	5	283	315	402001	403001	404001
unidfequip306040230006	6	283	315	402001	403001	404001
unidfequip301040240001	1	453	504	402001	403001	404001
unidfequip302040240001	2	453	504	402001	403001	404001
unidfequip303040240001	3	453	504	402001	403001	404001
unidfequip304040240001	4	453	504	402001	403001	404001
unidfequip305040240001	5	453	504	402001	403001	404001
unidfequip306040240001	6	453	504	402001	403001	404001
unidfequip301040240002	1	453	504	402001	403001	404001
unidfequip302040240002	2	453	504	402001	403001	404001
unidfequip303040240002	3	453	504	402001	403001	404001
unidfequip304040240002	4	453	504	402001	403001	404001
unidfequip305040240002	5	453	504	402001	403001	404001
unidfequip306040240002	6	453	504	402001	403001	404001
unidfequip301040240003	1	453	504	402001	403001	404001
unidfequip302040240003	2	453	504	402001	403001	404001
unidfequip303040240003	3	453	504	402001	403001	404001
unidfequip304040240003	4	453	504	402001	403001	404001
unidfequip305040240003	5	453	504	402001	403001	404001
unidfequip306040240003	6	453	504	402001	403001	404001
unidfequip301040240004	1	453	504	402001	403001	404001
unidfequip302040240004	2	453	504	402001	403001	404001
unidfequip303040240004	3	453	504	402001	403001	404001
unidfequip304040240004	4	453	504	402001	403001	404001
unidfequip305040240004	5	453	504	402001	403001	404001
unidfequip306040240004	6	453	504	402001	403001	404001
unidfequip301040240005	1	453	504	402001	403001	404001
unidfequip302040240005	2	453	504	402001	403001	404001
unidfequip303040240005	3	453	504	402001	403001	404001
unidfequip304040240005	4	453	504	402001	403001	404001
unidfequip305040240005	5	453	504	402001	403001	404001
unidfequip306040240005	6	453	504	402001	403001	404001
unidfequip301040240006	1	453	504	402001	403001	404001
unidfequip302040240006	2	453	504	402001	403001	404001
unidfequip303040240006	3	453	504	402001	403001	404001
unidfequip304040240006	4	453	504	402001	403001	404001
unidfequip305040240006	5	453	504	402001	403001	404001
unidfequip306040240006	6	453	504	402001	403001	404001
unidfequip301050210001	1	165	165	502001	503001	504001
unidfequip302050210001	2	165	165	502001	503001	504001
unidfequip303050210001	3	165	165	502001	503001	504001
unidfequip304050210001	4	165	165	502001	503001	504001
unidfequip305050210001	5	165	165	502001	503001	504001
unidfequip306050210001	6	165	165	502001	503001	504001
unidfequip301050210002	1	165	165	502001	503001	504001
unidfequip302050210002	2	165	165	502001	503001	504001
unidfequip303050210002	3	165	165	502001	503001	504001
unidfequip304050210002	4	165	165	502001	503001	504001
unidfequip305050210002	5	165	165	502001	503001	504001
unidfequip306050210002	6	165	165	502001	503001	504001
unidfequip301050210003	1	165	165	502001	503001	504001
unidfequip302050210003	2	165	165	502001	503001	504001
unidfequip303050210003	3	165	165	502001	503001	504001
unidfequip304050210003	4	165	165	502001	503001	504001
unidfequip305050210003	5	165	165	502001	503001	504001
unidfequip306050210003	6	165	165	502001	503001	504001
unidfequip301050210004	1	165	165	502001	503001	504001
unidfequip302050210004	2	165	165	502001	503001	504001
unidfequip303050210004	3	165	165	502001	503001	504001
unidfequip304050210004	4	165	165	502001	503001	504001
unidfequip305050210004	5	165	165	502001	503001	504001
unidfequip306050210004	6	165	165	502001	503001	504001
unidfequip301050210005	1	165	165	502001	503001	504001
unidfequip302050210005	2	165	165	502001	503001	504001
unidfequip303050210005	3	165	165	502001	503001	504001
unidfequip304050210005	4	165	165	502001	503001	504001
unidfequip305050210005	5	165	165	502001	503001	504001
unidfequip306050210005	6	165	165	502001	503001	504001
unidfequip301050210006	1	165	165	502001	503001	504001
unidfequip302050210006	2	165	165	502001	503001	504001
unidfequip303050210006	3	165	165	502001	503001	504001
unidfequip304050210006	4	165	165	502001	503001	504001
unidfequip305050210006	5	165	165	502001	503001	504001
unidfequip306050210006	6	165	165	502001	503001	504001
unidfequip301050220001	1	331	331	502001	503001	504001
unidfequip302050220001	2	331	331	502001	503001	504001
unidfequip303050220001	3	331	331	502001	503001	504001
unidfequip304050220001	4	331	331	502001	503001	504001
unidfequip305050220001	5	331	331	502001	503001	504001
unidfequip306050220001	6	331	331	502001	503001	504001
unidfequip301050220002	1	331	331	502001	503001	504001
unidfequip302050220002	2	331	331	502001	503001	504001
unidfequip303050220002	3	331	331	502001	503001	504001
unidfequip304050220002	4	331	331	502001	503001	504001
unidfequip305050220002	5	331	331	502001	503001	504001
unidfequip306050220002	6	331	331	502001	503001	504001
unidfequip301050220003	1	331	331	502001	503001	504001
unidfequip302050220003	2	331	331	502001	503001	504001
unidfequip303050220003	3	331	331	502001	503001	504001
unidfequip304050220003	4	331	331	502001	503001	504001
unidfequip305050220003	5	331	331	502001	503001	504001
unidfequip306050220003	6	331	331	502001	503001	504001
unidfequip301050220004	1	331	331	502001	503001	504001
unidfequip302050220004	2	331	331	502001	503001	504001
unidfequip303050220004	3	331	331	502001	503001	504001
unidfequip304050220004	4	331	331	502001	503001	504001
unidfequip305050220004	5	331	331	502001	503001	504001
unidfequip306050220004	6	331	331	502001	503001	504001
unidfequip301050220005	1	331	331	502001	503001	504001
unidfequip302050220005	2	331	331	502001	503001	504001
unidfequip303050220005	3	331	331	502001	503001	504001
unidfequip304050220005	4	331	331	502001	503001	504001
unidfequip305050220005	5	331	331	502001	503001	504001
unidfequip306050220005	6	331	331	502001	503001	504001
unidfequip301050220006	1	331	331	502001	503001	504001
unidfequip302050220006	2	331	331	502001	503001	504001
unidfequip303050220006	3	331	331	502001	503001	504001
unidfequip304050220006	4	331	331	502001	503001	504001
unidfequip305050220006	5	331	331	502001	503001	504001
unidfequip306050220006	6	331	331	502001	503001	504001
unidfequip301050230001	1	372	414	502001	503001	504001
unidfequip302050230001	2	372	414	502001	503001	504001
unidfequip303050230001	3	372	414	502001	503001	504001
unidfequip304050230001	4	372	414	502001	503001	504001
unidfequip305050230001	5	372	414	502001	503001	504001
unidfequip306050230001	6	372	414	502001	503001	504001
unidfequip301050230002	1	372	414	502001	503001	504001
unidfequip302050230002	2	372	414	502001	503001	504001
unidfequip303050230002	3	372	414	502001	503001	504001
unidfequip304050230002	4	372	414	502001	503001	504001
unidfequip305050230002	5	372	414	502001	503001	504001
unidfequip306050230002	6	372	414	502001	503001	504001
unidfequip301050230003	1	372	414	502001	503001	504001
unidfequip302050230003	2	372	414	502001	503001	504001
unidfequip303050230003	3	372	414	502001	503001	504001
unidfequip304050230003	4	372	414	502001	503001	504001
unidfequip305050230003	5	372	414	502001	503001	504001
unidfequip306050230003	6	372	414	502001	503001	504001
unidfequip301050230004	1	372	414	502001	503001	504001
unidfequip302050230004	2	372	414	502001	503001	504001
unidfequip303050230004	3	372	414	502001	503001	504001
unidfequip304050230004	4	372	414	502001	503001	504001
unidfequip305050230004	5	372	414	502001	503001	504001
unidfequip306050230004	6	372	414	502001	503001	504001
unidfequip301050230005	1	372	414	502001	503001	504001
unidfequip302050230005	2	372	414	502001	503001	504001
unidfequip303050230005	3	372	414	502001	503001	504001
unidfequip304050230005	4	372	414	502001	503001	504001
unidfequip305050230005	5	372	414	502001	503001	504001
unidfequip306050230005	6	372	414	502001	503001	504001
unidfequip301050230006	1	372	414	502001	503001	504001
unidfequip302050230006	2	372	414	502001	503001	504001
unidfequip303050230006	3	372	414	502001	503001	504001
unidfequip304050230006	4	372	414	502001	503001	504001
unidfequip305050230006	5	372	414	502001	503001	504001
unidfequip306050230006	6	372	414	502001	503001	504001
unidfequip301050240001	1	534	594	502001	503001	504001
unidfequip302050240001	2	534	594	502001	503001	504001
unidfequip303050240001	3	534	594	502001	503001	504001
unidfequip304050240001	4	534	594	502001	503001	504001
unidfequip305050240001	5	534	594	502001	503001	504001
unidfequip306050240001	6	534	594	502001	503001	504001
unidfequip301050240002	1	534	594	502001	503001	504001
unidfequip302050240002	2	534	594	502001	503001	504001
unidfequip303050240002	3	534	594	502001	503001	504001
unidfequip304050240002	4	534	594	502001	503001	504001
unidfequip305050240002	5	534	594	502001	503001	504001
unidfequip306050240002	6	534	594	502001	503001	504001
unidfequip301050240003	1	534	594	502001	503001	504001
unidfequip302050240003	2	534	594	502001	503001	504001
unidfequip303050240003	3	534	594	502001	503001	504001
unidfequip304050240003	4	534	594	502001	503001	504001
unidfequip305050240003	5	534	594	502001	503001	504001
unidfequip306050240003	6	534	594	502001	503001	504001
unidfequip301050240004	1	534	594	502001	503001	504001
unidfequip302050240004	2	534	594	502001	503001	504001
unidfequip303050240004	3	534	594	502001	503001	504001
unidfequip304050240004	4	534	594	502001	503001	504001
unidfequip305050240004	5	534	594	502001	503001	504001
unidfequip306050240004	6	534	594	502001	503001	504001
unidfequip301050240005	1	534	594	502001	503001	504001
unidfequip302050240005	2	534	594	502001	503001	504001
unidfequip303050240005	3	534	594	502001	503001	504001
unidfequip304050240005	4	534	594	502001	503001	504001
unidfequip305050240005	5	534	594	502001	503001	504001
unidfequip306050240005	6	534	594	502001	503001	504001
unidfequip301050240006	1	534	594	502001	503001	504001
unidfequip302050240006	2	534	594	502001	503001	504001
unidfequip303050240006	3	534	594	502001	503001	504001
unidfequip304050240006	4	534	594	502001	503001	504001
unidfequip305050240006	5	534	594	502001	503001	504001
unidfequip306050240006	6	534	594	502001	503001	504001
unidfequip301060210001	1	205	205	602001	603001	604001
unidfequip302060210001	2	205	205	602001	603001	604001
unidfequip303060210001	3	205	205	602001	603001	604001
unidfequip304060210001	4	205	205	602001	603001	604001
unidfequip305060210001	5	205	205	602001	603001	604001
unidfequip306060210001	6	205	205	602001	603001	604001
unidfequip301060210002	1	205	205	602001	603001	604001
unidfequip302060210002	2	205	205	602001	603001	604001
unidfequip303060210002	3	205	205	602001	603001	604001
unidfequip304060210002	4	205	205	602001	603001	604001
unidfequip305060210002	5	205	205	602001	603001	604001
unidfequip306060210002	6	205	205	602001	603001	604001
unidfequip301060210003	1	205	205	602001	603001	604001
unidfequip302060210003	2	205	205	602001	603001	604001
unidfequip303060210003	3	205	205	602001	603001	604001
unidfequip304060210003	4	205	205	602001	603001	604001
unidfequip305060210003	5	205	205	602001	603001	604001
unidfequip306060210003	6	205	205	602001	603001	604001
unidfequip301060210004	1	205	205	602001	603001	604001
unidfequip302060210004	2	205	205	602001	603001	604001
unidfequip303060210004	3	205	205	602001	603001	604001
unidfequip304060210004	4	205	205	602001	603001	604001
unidfequip305060210004	5	205	205	602001	603001	604001
unidfequip306060210004	6	205	205	602001	603001	604001
unidfequip301060210005	1	205	205	602001	603001	604001
unidfequip302060210005	2	205	205	602001	603001	604001
unidfequip303060210005	3	205	205	602001	603001	604001
unidfequip304060210005	4	205	205	602001	603001	604001
unidfequip305060210005	5	205	205	602001	603001	604001
unidfequip306060210005	6	205	205	602001	603001	604001
unidfequip301060210006	1	205	205	602001	603001	604001
unidfequip302060210006	2	205	205	602001	603001	604001
unidfequip303060210006	3	205	205	602001	603001	604001
unidfequip304060210006	4	205	205	602001	603001	604001
unidfequip305060210006	5	205	205	602001	603001	604001
unidfequip306060210006	6	205	205	602001	603001	604001
unidfequip301060220001	1	410	410	602001	603001	604001
unidfequip302060220001	2	410	410	602001	603001	604001
unidfequip303060220001	3	410	410	602001	603001	604001
unidfequip304060220001	4	410	410	602001	603001	604001
unidfequip305060220001	5	410	410	602001	603001	604001
unidfequip306060220001	6	410	410	602001	603001	604001
unidfequip301060220002	1	410	410	602001	603001	604001
unidfequip302060220002	2	410	410	602001	603001	604001
unidfequip303060220002	3	410	410	602001	603001	604001
unidfequip304060220002	4	410	410	602001	603001	604001
unidfequip305060220002	5	410	410	602001	603001	604001
unidfequip306060220002	6	410	410	602001	603001	604001
unidfequip301060220003	1	410	410	602001	603001	604001
unidfequip302060220003	2	410	410	602001	603001	604001
unidfequip303060220003	3	410	410	602001	603001	604001
unidfequip304060220003	4	410	410	602001	603001	604001
unidfequip305060220003	5	410	410	602001	603001	604001
unidfequip306060220003	6	410	410	602001	603001	604001
unidfequip301060220004	1	410	410	602001	603001	604001
unidfequip302060220004	2	410	410	602001	603001	604001
unidfequip303060220004	3	410	410	602001	603001	604001
unidfequip304060220004	4	410	410	602001	603001	604001
unidfequip305060220004	5	410	410	602001	603001	604001
unidfequip306060220004	6	410	410	602001	603001	604001
unidfequip301060220005	1	410	410	602001	603001	604001
unidfequip302060220005	2	410	410	602001	603001	604001
unidfequip303060220005	3	410	410	602001	603001	604001
unidfequip304060220005	4	410	410	602001	603001	604001
unidfequip305060220005	5	410	410	602001	603001	604001
unidfequip306060220005	6	410	410	602001	603001	604001
unidfequip301060220006	1	410	410	602001	603001	604001
unidfequip302060220006	2	410	410	602001	603001	604001
unidfequip303060220006	3	410	410	602001	603001	604001
unidfequip304060220006	4	410	410	602001	603001	604001
unidfequip305060220006	5	410	410	602001	603001	604001
unidfequip306060220006	6	410	410	602001	603001	604001
unidfequip301060230001	1	461	513	602001	603001	604001
unidfequip302060230001	2	461	513	602001	603001	604001
unidfequip303060230001	3	461	513	602001	603001	604001
unidfequip304060230001	4	461	513	602001	603001	604001
unidfequip305060230001	5	461	513	602001	603001	604001
unidfequip306060230001	6	461	513	602001	603001	604001
unidfequip301060230002	1	461	513	602001	603001	604001
unidfequip302060230002	2	461	513	602001	603001	604001
unidfequip303060230002	3	461	513	602001	603001	604001
unidfequip304060230002	4	461	513	602001	603001	604001
unidfequip305060230002	5	461	513	602001	603001	604001
unidfequip306060230002	6	461	513	602001	603001	604001
unidfequip301060230003	1	461	513	602001	603001	604001
unidfequip302060230003	2	461	513	602001	603001	604001
unidfequip303060230003	3	461	513	602001	603001	604001
unidfequip304060230003	4	461	513	602001	603001	604001
unidfequip305060230003	5	461	513	602001	603001	604001
unidfequip306060230003	6	461	513	602001	603001	604001
unidfequip301060230004	1	461	513	602001	603001	604001
unidfequip302060230004	2	461	513	602001	603001	604001
unidfequip303060230004	3	461	513	602001	603001	604001
unidfequip304060230004	4	461	513	602001	603001	604001
unidfequip305060230004	5	461	513	602001	603001	604001
unidfequip306060230004	6	461	513	602001	603001	604001
unidfequip301060230005	1	461	513	602001	603001	604001
unidfequip302060230005	2	461	513	602001	603001	604001
unidfequip303060230005	3	461	513	602001	603001	604001
unidfequip304060230005	4	461	513	602001	603001	604001
unidfequip305060230005	5	461	513	602001	603001	604001
unidfequip306060230005	6	461	513	602001	603001	604001
unidfequip301060230006	1	461	513	602001	603001	604001
unidfequip302060230006	2	461	513	602001	603001	604001
unidfequip303060230006	3	461	513	602001	603001	604001
unidfequip304060230006	4	461	513	602001	603001	604001
unidfequip305060230006	5	461	513	602001	603001	604001
unidfequip306060230006	6	461	513	602001	603001	604001
unidfequip301060240001	1	615	684	602001	603001	604001
unidfequip302060240001	2	615	684	602001	603001	604001
unidfequip303060240001	3	615	684	602001	603001	604001
unidfequip304060240001	4	615	684	602001	603001	604001
unidfequip305060240001	5	615	684	602001	603001	604001
unidfequip306060240001	6	615	684	602001	603001	604001
unidfequip301060240002	1	615	684	602001	603001	604001
unidfequip302060240002	2	615	684	602001	603001	604001
unidfequip303060240002	3	615	684	602001	603001	604001
unidfequip304060240002	4	615	684	602001	603001	604001
unidfequip305060240002	5	615	684	602001	603001	604001
unidfequip306060240002	6	615	684	602001	603001	604001
unidfequip301060240003	1	615	684	602001	603001	604001
unidfequip302060240003	2	615	684	602001	603001	604001
unidfequip303060240003	3	615	684	602001	603001	604001
unidfequip304060240003	4	615	684	602001	603001	604001
unidfequip305060240003	5	615	684	602001	603001	604001
unidfequip306060240003	6	615	684	602001	603001	604001
unidfequip301060240004	1	615	684	602001	603001	604001
unidfequip302060240004	2	615	684	602001	603001	604001
unidfequip303060240004	3	615	684	602001	603001	604001
unidfequip304060240004	4	615	684	602001	603001	604001
unidfequip305060240004	5	615	684	602001	603001	604001
unidfequip306060240004	6	615	684	602001	603001	604001
unidfequip301060240005	1	615	684	602001	603001	604001
unidfequip302060240005	2	615	684	602001	603001	604001
unidfequip303060240005	3	615	684	602001	603001	604001
unidfequip304060240005	4	615	684	602001	603001	604001
unidfequip305060240005	5	615	684	602001	603001	604001
unidfequip306060240005	6	615	684	602001	603001	604001
unidfequip301060240006	1	615	684	602001	603001	604001
unidfequip302060240006	2	615	684	602001	603001	604001
unidfequip303060240006	3	615	684	602001	603001	604001
unidfequip304060240006	4	615	684	602001	603001	604001
unidfequip305060240006	5	615	684	602001	603001	604001
unidfequip306060240006	6	615	684	602001	603001	604001
unidfequip307030210999	7	136	136	302001	303001	304001
unidfequip308030210999	8	136	136	302001	303001	304001
unidfequip309030210999	9	136	136	302001	303001	304001
unidfequip310030210999	10	136	136	302001	303001	304001
unidfequip307030220999	7	273	273	302001	303001	304001
unidfequip308030220999	8	273	273	302001	303001	304001
unidfequip309030220999	9	273	273	302001	303001	304001
unidfequip310030220999	10	273	273	302001	303001	304001
unidfequip307030230999	7	307	342	302001	303001	304001
unidfequip308030230999	8	307	342	302001	303001	304001
unidfequip309030230999	9	307	342	302001	303001	304001
unidfequip310030230999	10	307	342	302001	303001	304001
unidfequip307030240999	7	425	472	302001	303001	304001
unidfequip308030240999	8	425	472	302001	303001	304001
unidfequip309030240999	9	425	472	302001	303001	304001
unidfequip310030240999	10	425	472	302001	303001	304001
unidfequip307040210999	7	136	136	402001	403001	404001
unidfequip308040210999	8	136	136	402001	403001	404001
unidfequip309040210999	9	136	136	402001	403001	404001
unidfequip310040210999	10	136	136	402001	403001	404001
unidfequip307040220999	7	273	273	402001	403001	404001
unidfequip308040220999	8	273	273	402001	403001	404001
unidfequip309040220999	9	273	273	402001	403001	404001
unidfequip310040220999	10	273	273	402001	403001	404001
unidfequip307040230999	7	307	342	402001	403001	404001
unidfequip308040230999	8	307	342	402001	403001	404001
unidfequip309040230999	9	307	342	402001	403001	404001
unidfequip310040230999	10	307	342	402001	403001	404001
unidfequip307040240999	7	425	472	402001	403001	404001
unidfequip308040240999	8	425	472	402001	403001	404001
unidfequip309040240999	9	425	472	402001	403001	404001
unidfequip310040240999	10	425	472	402001	403001	404001
unidfequip307050210999	7	180	180	502001	503001	504001
unidfequip308050210999	8	180	180	502001	503001	504001
unidfequip309050210999	9	180	180	502001	503001	504001
unidfequip310050210999	10	180	180	502001	503001	504001
unidfequip307050220999	7	360	360	502001	503001	504001
unidfequip308050220999	8	360	360	502001	503001	504001
unidfequip309050220999	9	360	360	502001	503001	504001
unidfequip310050220999	10	360	360	502001	503001	504001
unidfequip307050230999	7	405	450	502001	503001	504001
unidfequip308050230999	8	405	450	502001	503001	504001
unidfequip309050230999	9	405	450	502001	503001	504001
unidfequip310050230999	10	405	450	502001	503001	504001
unidfequip307050240999	7	510	567	502001	503001	504001
unidfequip308050240999	8	510	567	502001	503001	504001
unidfequip309050240999	9	510	567	502001	503001	504001
unidfequip310050240999	10	510	567	502001	503001	504001
unidfequip307060210999	7	223	223	602001	603001	604001
unidfequip308060210999	8	223	223	602001	603001	604001
unidfequip309060210999	9	223	223	602001	603001	604001
unidfequip310060210999	10	223	223	602001	603001	604001
unidfequip307060220999	7	446	446	602001	603001	604001
unidfequip308060220999	8	446	446	602001	603001	604001
unidfequip309060220999	9	446	446	602001	603001	604001
unidfequip310060220999	10	446	446	602001	603001	604001
unidfequip307060230999	7	502	558	602001	603001	604001
unidfequip308060230999	8	502	558	602001	603001	604001
unidfequip309060230999	9	502	558	602001	603001	604001
unidfequip310060230999	10	502	558	602001	603001	604001
unidfequip307060240999	7	595	661	602001	603001	604001
unidfequip308060240999	8	595	661	602001	603001	604001
unidfequip309060240999	9	595	661	602001	603001	604001
unidfequip310060240999	10	595	661	602001	603001	604001
unidfequip301020430001	1	226	252	202001	203001	204001
unidfequip302020430001	2	226	252	202001	203001	204001
unidfequip303020430001	3	226	252	202001	203001	204001
unidfequip304020430001	4	226	252	202001	203001	204001
unidfequip305020430001	5	226	252	202001	203001	204001
unidfequip306020430001	6	226	252	202001	203001	204001
unidfequip301020430002	1	226	252	202001	203001	204001
unidfequip302020430002	2	226	252	202001	203001	204001
unidfequip303020430002	3	226	252	202001	203001	204001
unidfequip304020430002	4	226	252	202001	203001	204001
unidfequip305020430002	5	226	252	202001	203001	204001
unidfequip306020430002	6	226	252	202001	203001	204001
unidfequip301020430003	1	226	252	202001	203001	204001
unidfequip302020430003	2	226	252	202001	203001	204001
unidfequip303020430003	3	226	252	202001	203001	204001
unidfequip304020430003	4	226	252	202001	203001	204001
unidfequip305020430003	5	226	252	202001	203001	204001
unidfequip306020430003	6	226	252	202001	203001	204001
unidfequip301020430004	1	226	252	202001	203001	204001
unidfequip302020430004	2	226	252	202001	203001	204001
unidfequip303020430004	3	226	252	202001	203001	204001
unidfequip304020430004	4	226	252	202001	203001	204001
unidfequip305020430004	5	226	252	202001	203001	204001
unidfequip306020430004	6	226	252	202001	203001	204001
unidfequip301020430005	1	226	252	202001	203001	204001
unidfequip302020430005	2	226	252	202001	203001	204001
unidfequip303020430005	3	226	252	202001	203001	204001
unidfequip304020430005	4	226	252	202001	203001	204001
unidfequip305020430005	5	226	252	202001	203001	204001
unidfequip306020430005	6	226	252	202001	203001	204001
unidfequip301020430006	1	226	252	202001	203001	204001
unidfequip302020430006	2	226	252	202001	203001	204001
unidfequip303020430006	3	226	252	202001	203001	204001
unidfequip304020430006	4	226	252	202001	203001	204001
unidfequip305020430006	5	226	252	202001	203001	204001
unidfequip306020430006	6	226	252	202001	203001	204001
unidfequip301030430001	1	340	378	302001	303001	304001
unidfequip302030430001	2	340	378	302001	303001	304001
unidfequip303030430001	3	340	378	302001	303001	304001
unidfequip304030430001	4	340	378	302001	303001	304001
unidfequip305030430001	5	340	378	302001	303001	304001
unidfequip306030430001	6	340	378	302001	303001	304001
unidfequip301030430002	1	340	378	302001	303001	304001
unidfequip302030430002	2	340	378	302001	303001	304001
unidfequip303030430002	3	340	378	302001	303001	304001
unidfequip304030430002	4	340	378	302001	303001	304001
unidfequip305030430002	5	340	378	302001	303001	304001
unidfequip306030430002	6	340	378	302001	303001	304001
unidfequip301030430003	1	340	378	302001	303001	304001
unidfequip302030430003	2	340	378	302001	303001	304001
unidfequip303030430003	3	340	378	302001	303001	304001
unidfequip304030430003	4	340	378	302001	303001	304001
unidfequip305030430003	5	340	378	302001	303001	304001
unidfequip306030430003	6	340	378	302001	303001	304001
unidfequip301030430004	1	340	378	302001	303001	304001
unidfequip302030430004	2	340	378	302001	303001	304001
unidfequip303030430004	3	340	378	302001	303001	304001
unidfequip304030430004	4	340	378	302001	303001	304001
unidfequip305030430004	5	340	378	302001	303001	304001
unidfequip306030430004	6	340	378	302001	303001	304001
unidfequip301030430005	1	340	378	302001	303001	304001
unidfequip302030430005	2	340	378	302001	303001	304001
unidfequip303030430005	3	340	378	302001	303001	304001
unidfequip304030430005	4	340	378	302001	303001	304001
unidfequip305030430005	5	340	378	302001	303001	304001
unidfequip306030430005	6	340	378	302001	303001	304001
unidfequip301030430006	1	340	378	302001	303001	304001
unidfequip302030430006	2	340	378	302001	303001	304001
unidfequip303030430006	3	340	378	302001	303001	304001
unidfequip304030430006	4	340	378	302001	303001	304001
unidfequip305030430006	5	340	378	302001	303001	304001
unidfequip306030430006	6	340	378	302001	303001	304001
unidfequip301040430001	1	453	504	402001	403001	404001
unidfequip302040430001	2	453	504	402001	403001	404001
unidfequip303040430001	3	453	504	402001	403001	404001
unidfequip304040430001	4	453	504	402001	403001	404001
unidfequip305040430001	5	453	504	402001	403001	404001
unidfequip306040430001	6	453	504	402001	403001	404001
unidfequip301040430002	1	453	504	402001	403001	404001
unidfequip302040430002	2	453	504	402001	403001	404001
unidfequip303040430002	3	453	504	402001	403001	404001
unidfequip304040430002	4	453	504	402001	403001	404001
unidfequip305040430002	5	453	504	402001	403001	404001
unidfequip306040430002	6	453	504	402001	403001	404001
unidfequip301040430003	1	453	504	402001	403001	404001
unidfequip302040430003	2	453	504	402001	403001	404001
unidfequip303040430003	3	453	504	402001	403001	404001
unidfequip304040430003	4	453	504	402001	403001	404001
unidfequip305040430003	5	453	504	402001	403001	404001
unidfequip306040430003	6	453	504	402001	403001	404001
unidfequip301040430004	1	453	504	402001	403001	404001
unidfequip302040430004	2	453	504	402001	403001	404001
unidfequip303040430004	3	453	504	402001	403001	404001
unidfequip304040430004	4	453	504	402001	403001	404001
unidfequip305040430004	5	453	504	402001	403001	404001
unidfequip306040430004	6	453	504	402001	403001	404001
unidfequip301040430005	1	453	504	402001	403001	404001
unidfequip302040430005	2	453	504	402001	403001	404001
unidfequip303040430005	3	453	504	402001	403001	404001
unidfequip304040430005	4	453	504	402001	403001	404001
unidfequip305040430005	5	453	504	402001	403001	404001
unidfequip306040430005	6	453	504	402001	403001	404001
unidfequip301040430006	1	453	504	402001	403001	404001
unidfequip302040430006	2	453	504	402001	403001	404001
unidfequip303040430006	3	453	504	402001	403001	404001
unidfequip304040430006	4	453	504	402001	403001	404001
unidfequip305040430006	5	453	504	402001	403001	404001
unidfequip306040430006	6	453	504	402001	403001	404001
unidfequip307030430999	7	315	351	302001	303001	304001
unidfequip308030430999	8	315	351	302001	303001	304001
unidfequip309030430999	9	315	351	302001	303001	304001
unidfequip310030430999	10	315	351	302001	303001	304001
unidfequip307040430999	7	425	472	402001	403001	404001
unidfequip308040430999	8	425	472	402001	403001	404001
unidfequip309040430999	9	425	472	402001	403001	404001
unidfequip310040430999	10	425	472	402001	403001	404001
unidfequip307035540999	7	540	540	402001	403001	404001
unidfequip307035540998	7	540	540	402001	403001	404001
unidfequip307035540997	7	540	540	402001	403001	404001
unidfequip308035540999	8	540	540	402001	403001	404001
unidfequip308035540998	8	540	540	402001	403001	404001
unidfequip308035540997	8	540	540	402001	403001	404001
unidfequip309035540999	9	540	540	402001	403001	404001
unidfequip309035540998	9	540	540	402001	403001	404001
unidfequip309035540997	9	540	540	402001	403001	404001
unidfequip310035540999	10	540	540	402001	403001	404001
unidfequip310035540998	10	540	540	402001	403001	404001
unidfequip310035540997	10	540	540	402001	403001	404001
unidfequip510320999	10	90	113	202001	203001	204001
unidfequip404020430001	4	84	84	202001	203001	204001
unidfequip404020430002	4	84	84	202001	203001	204001
unidfequip404020430003	4	84	84	202001	203001	204001
unidfequip404020430004	4	84	84	202001	203001	204001
unidfequip404020430005	4	84	84	202001	203001	204001
unidfequip404020430006	4	84	84	202001	203001	204001
unidfequip404020420001	4	84	84	202001	203001	204001
unidfequip404020420002	4	84	84	202001	203001	204001
unidfequip404020420003	4	84	84	202001	203001	204001
unidfequip404020420004	4	84	84	202001	203001	204001
unidfequip404020420005	4	84	84	202001	203001	204001
unidfequip404020420006	4	84	84	202001	203001	204001
unidfequip401030230001	1	178	198	302001	303001	304001
unidfequip401030230002	1	178	198	302001	303001	304001
unidfequip401030230003	1	178	198	302001	303001	304001
unidfequip401030230004	1	178	198	302001	303001	304001
unidfequip401030230005	1	178	198	302001	303001	304001
unidfequip401030230006	1	178	198	302001	303001	304001
unidfequip407030230999	7	307	342	302001	303001	304001
unidfequip401030331001	1	178	198	302001	303001	304001
unidfequip401030331002	1	178	198	302001	303001	304001
unidfequip401030331003	1	178	198	302001	303001	304001
unidfequip401030331004	1	178	198	302001	303001	304001
unidfequip401030331005	1	178	198	302001	303001	304001
unidfequip401030331006	1	178	198	302001	303001	304001
unidfequip307030331999	7	210	234	302001	303001	304001
unidfequip408030331999	7	210	234	302001	303001	304001
unidfequip301070210001	1	244	244	602001	603001	604001
unidfequip302070210001	2	244	244	702001	703001	704001
unidfequip303070210001	3	244	244	702001	703001	704001
unidfequip304070210001	4	244	244	702001	703001	704001
unidfequip305070210001	5	244	244	702001	703001	704001
unidfequip306070210001	6	244	244	702001	703001	704001
unidfequip301070210002	1	244	244	702001	703001	704001
unidfequip302070210002	2	244	244	702001	703001	704001
unidfequip303070210002	3	244	244	702001	703001	704001
unidfequip304070210002	4	244	244	702001	703001	704001
unidfequip305070210002	5	244	244	702001	703001	704001
unidfequip306070210002	6	244	244	702001	703001	704001
unidfequip301070210003	1	244	244	702001	703001	704001
unidfequip302070210003	2	244	244	702001	703001	704001
unidfequip303070210003	3	244	244	702001	703001	704001
unidfequip304070210003	4	244	244	702001	703001	704001
unidfequip305070210003	5	244	244	702001	703001	704001
unidfequip306070210003	6	244	244	702001	703001	704001
unidfequip301070210004	1	244	244	702001	703001	704001
unidfequip302070210004	2	244	244	702001	703001	704001
unidfequip303070210004	3	244	244	702001	703001	704001
unidfequip304070210004	4	244	244	702001	703001	704001
unidfequip305070210004	5	244	244	702001	703001	704001
unidfequip306070210004	6	244	244	702001	703001	704001
unidfequip301070210005	1	244	244	702001	703001	704001
unidfequip302070210005	2	244	244	702001	703001	704001
unidfequip303070210005	3	244	244	702001	703001	704001
unidfequip304070210005	4	244	244	702001	703001	704001
unidfequip305070210005	5	244	244	702001	703001	704001
unidfequip306070210005	6	244	244	702001	703001	704001
unidfequip301070210006	1	244	244	702001	703001	704001
unidfequip302070210006	2	244	244	702001	703001	704001
unidfequip303070210006	3	244	244	702001	703001	704001
unidfequip304070210006	4	244	244	702001	703001	704001
unidfequip305070210006	5	244	244	702001	703001	704001
unidfequip306070210006	6	244	244	702001	703001	704001
unidfequip301070220001	1	489	489	702001	703001	704001
unidfequip302070220001	2	489	489	702001	703001	704001
unidfequip303070220001	3	489	489	702001	703001	704001
unidfequip304070220001	4	489	489	702001	703001	704001
unidfequip305070220001	5	489	489	702001	703001	704001
unidfequip306070220001	6	489	489	702001	703001	704001
unidfequip301070220002	1	489	489	702001	703001	704001
unidfequip302070220002	2	489	489	702001	703001	704001
unidfequip303070220002	3	489	489	702001	703001	704001
unidfequip304070220002	4	489	489	702001	703001	704001
unidfequip305070220002	5	489	489	702001	703001	704001
unidfequip306070220002	6	489	489	702001	703001	704001
unidfequip301070220003	1	489	489	702001	703001	704001
unidfequip302070220003	2	489	489	702001	703001	704001
unidfequip303070220003	3	489	489	702001	703001	704001
unidfequip304070220003	4	489	489	702001	703001	704001
unidfequip305070220003	5	489	489	702001	703001	704001
unidfequip306070220003	6	489	489	702001	703001	704001
unidfequip301070220004	1	489	489	702001	703001	704001
unidfequip302070220004	2	489	489	702001	703001	704001
unidfequip303070220004	3	489	489	702001	703001	704001
unidfequip304070220004	4	489	489	702001	703001	704001
unidfequip305070220004	5	489	489	702001	703001	704001
unidfequip306070220004	6	489	489	702001	703001	704001
unidfequip301070220005	1	489	489	702001	703001	704001
unidfequip302070220005	2	489	489	702001	703001	704001
unidfequip303070220005	3	489	489	702001	703001	704001
unidfequip304070220005	4	489	489	702001	703001	704001
unidfequip305070220005	5	489	489	702001	703001	704001
unidfequip306070220005	6	489	489	702001	703001	704001
unidfequip301070220006	1	489	489	702001	703001	704001
unidfequip302070220006	2	489	489	702001	703001	704001
unidfequip303070220006	3	489	489	702001	703001	704001
unidfequip304070220006	4	489	489	702001	703001	704001
unidfequip305070220006	5	489	489	702001	703001	704001
unidfequip306070220006	6	489	489	702001	703001	704001
unidfequip301070230001	1	550	612	702001	703001	704001
unidfequip302070230001	2	550	612	702001	703001	704001
unidfequip303070230001	3	550	612	702001	703001	704001
unidfequip304070230001	4	550	612	702001	703001	704001
unidfequip305070230001	5	550	612	702001	703001	704001
unidfequip306070230001	6	550	612	702001	703001	704001
unidfequip301070230002	1	550	612	702001	703001	704001
unidfequip302070230002	2	550	612	702001	703001	704001
unidfequip303070230002	3	550	612	702001	703001	704001
unidfequip304070230002	4	550	612	702001	703001	704001
unidfequip305070230002	5	550	612	702001	703001	704001
unidfequip306070230002	6	550	612	702001	703001	704001
unidfequip301070230003	1	550	612	702001	703001	704001
unidfequip302070230003	2	550	612	702001	703001	704001
unidfequip303070230003	3	550	612	702001	703001	704001
unidfequip304070230003	4	550	612	702001	703001	704001
unidfequip305070230003	5	550	612	702001	703001	704001
unidfequip306070230003	6	550	612	702001	703001	704001
unidfequip301070230004	1	550	612	702001	703001	704001
unidfequip302070230004	2	550	612	702001	703001	704001
unidfequip303070230004	3	550	612	702001	703001	704001
unidfequip304070230004	4	550	612	702001	703001	704001
unidfequip305070230004	5	550	612	702001	703001	704001
unidfequip306070230004	6	550	612	702001	703001	704001
unidfequip301070230005	1	550	612	702001	703001	704001
unidfequip302070230005	2	550	612	702001	703001	704001
unidfequip303070230005	3	550	612	702001	703001	704001
unidfequip304070230005	4	550	612	702001	703001	704001
unidfequip305070230005	5	550	612	702001	703001	704001
unidfequip306070230005	6	550	612	702001	703001	704001
unidfequip301070230006	1	550	612	702001	703001	704001
unidfequip302070230006	2	550	612	702001	703001	704001
unidfequip303070230006	3	550	612	702001	703001	704001
unidfequip304070230006	4	550	612	702001	703001	704001
unidfequip305070230006	5	550	612	702001	703001	704001
unidfequip306070230006	6	550	612	702001	703001	704001
unidfequip301070240001	1	664	738	702001	703001	704001
unidfequip302070240001	2	664	738	702001	703001	704001
unidfequip303070240001	3	664	738	702001	703001	704001
unidfequip304070240001	4	664	738	702001	703001	704001
unidfequip305070240001	5	664	738	702001	703001	704001
unidfequip306070240001	6	664	738	702001	703001	704001
unidfequip301070240002	1	664	738	702001	703001	704001
unidfequip302070240002	2	664	738	702001	703001	704001
unidfequip303070240002	3	664	738	702001	703001	704001
unidfequip304070240002	4	664	738	702001	703001	704001
unidfequip305070240002	5	664	738	702001	703001	704001
unidfequip306070240002	6	664	738	702001	703001	704001
unidfequip301070240003	1	664	738	702001	703001	704001
unidfequip302070240003	2	664	738	702001	703001	704001
unidfequip303070240003	3	664	738	702001	703001	704001
unidfequip304070240003	4	664	738	702001	703001	704001
unidfequip305070240003	5	664	738	702001	703001	704001
unidfequip306070240003	6	664	738	702001	703001	704001
unidfequip301070240004	1	664	738	702001	703001	704001
unidfequip302070240004	2	664	738	702001	703001	704001
unidfequip303070240004	3	664	738	702001	703001	704001
unidfequip304070240004	4	664	738	702001	703001	704001
unidfequip305070240004	5	664	738	702001	703001	704001
unidfequip306070240004	6	664	738	702001	703001	704001
unidfequip301070240005	1	664	738	702001	703001	704001
unidfequip302070240005	2	664	738	702001	703001	704001
unidfequip303070240005	3	664	738	702001	703001	704001
unidfequip304070240005	4	664	738	702001	703001	704001
unidfequip305070240005	5	664	738	702001	703001	704001
unidfequip306070240005	6	664	738	702001	703001	704001
unidfequip301070240006	1	664	738	702001	703001	704001
unidfequip302070240006	2	664	738	702001	703001	704001
unidfequip303070240006	3	664	738	702001	703001	704001
unidfequip304070240006	4	664	738	702001	703001	704001
unidfequip305070240006	5	664	738	702001	703001	704001
unidfequip306070240006	6	664	738	702001	703001	704001
unidfequip307070210999	7	266	266	702001	703001	704001
unidfequip308070210999	8	266	266	702001	703001	704001
unidfequip309070210999	9	266	266	702001	703001	704001
unidfequip310070210999	10	266	266	702001	703001	704001
unidfequip307070220999	7	532	532	702001	703001	704001
unidfequip308070220999	8	532	532	702001	703001	704001
unidfequip309070220999	9	532	532	702001	703001	704001
unidfequip310070220999	10	532	532	702001	703001	704001
unidfequip307070230999	7	599	666	702001	703001	704001
unidfequip308070230999	8	599	666	702001	703001	704001
unidfequip309070230999	9	599	666	702001	703001	704001
unidfequip310070230999	10	599	666	702001	703001	704001
unidfequip307070240999	7	0	661	702001	703001	704001
unidfequip308070240999	8	0	661	702001	703001	704001
unidfequip309070240999	9	0	661	702001	703001	704001
unidfequip310070240999	10	0	661	702001	703001	704001
unidfequip301080210001	1	284	284	802001	803001	804001
unidfequip302080210001	2	284	284	802001	803001	804001
unidfequip303080210001	3	284	284	802001	803001	804001
unidfequip304080210001	4	284	284	802001	803001	804001
unidfequip305080210001	5	284	284	802001	803001	804001
unidfequip306080210001	6	284	284	802001	803001	804001
unidfequip301080210002	1	284	284	802001	803001	804001
unidfequip302080210002	2	284	284	802001	803001	804001
unidfequip303080210002	3	284	284	802001	803001	804001
unidfequip304080210002	4	284	284	802001	803001	804001
unidfequip305080210002	5	284	284	802001	803001	804001
unidfequip306080210002	6	284	284	802001	803001	804001
unidfequip301080210003	1	284	284	802001	803001	804001
unidfequip302080210003	2	284	284	802001	803001	804001
unidfequip303080210003	3	284	284	802001	803001	804001
unidfequip304080210003	4	284	284	802001	803001	804001
unidfequip305080210003	5	284	284	802001	803001	804001
unidfequip306080210003	6	284	284	802001	803001	804001
unidfequip301080210004	1	284	284	802001	803001	804001
unidfequip302080210004	2	284	284	802001	803001	804001
unidfequip303080210004	3	284	284	802001	803001	804001
unidfequip304080210004	4	284	284	802001	803001	804001
unidfequip305080210004	5	284	284	802001	803001	804001
unidfequip306080210004	6	284	284	802001	803001	804001
unidfequip301080210005	1	284	284	802001	803001	804001
unidfequip302080210005	2	284	284	802001	803001	804001
unidfequip303080210005	3	284	284	802001	803001	804001
unidfequip304080210005	4	284	284	802001	803001	804001
unidfequip305080210005	5	284	284	802001	803001	804001
unidfequip306080210005	6	284	284	802001	803001	804001
unidfequip301080210006	1	284	284	802001	803001	804001
unidfequip302080210006	2	284	284	802001	803001	804001
unidfequip303080210006	3	284	284	802001	803001	804001
unidfequip304080210006	4	284	284	802001	803001	804001
unidfequip305080210006	5	284	284	802001	803001	804001
unidfequip306080210006	6	284	284	802001	803001	804001
unidfequip301080220001	1	568	568	802001	803001	804001
unidfequip302080220001	2	568	568	802001	803001	804001
unidfequip303080220001	3	568	568	802001	803001	804001
unidfequip304080220001	4	568	568	802001	803001	804001
unidfequip305080220001	5	568	568	802001	803001	804001
unidfequip306080220001	6	568	568	802001	803001	804001
unidfequip301080220002	1	568	568	802001	803001	804001
unidfequip302080220002	2	568	568	802001	803001	804001
unidfequip303080220002	3	568	568	802001	803001	804001
unidfequip304080220002	4	568	568	802001	803001	804001
unidfequip305080220002	5	568	568	802001	803001	804001
unidfequip306080220002	6	568	568	802001	803001	804001
unidfequip301080220003	1	568	568	802001	803001	804001
unidfequip302080220003	2	568	568	802001	803001	804001
unidfequip303080220003	3	568	568	802001	803001	804001
unidfequip304080220003	4	568	568	802001	803001	804001
unidfequip305080220003	5	568	568	802001	803001	804001
unidfequip306080220003	6	568	568	802001	803001	804001
unidfequip301080220004	1	568	568	802001	803001	804001
unidfequip302080220004	2	568	568	802001	803001	804001
unidfequip303080220004	3	568	568	802001	803001	804001
unidfequip304080220004	4	568	568	802001	803001	804001
unidfequip305080220004	5	568	568	802001	803001	804001
unidfequip306080220004	6	568	568	802001	803001	804001
unidfequip301080220005	1	568	568	802001	803001	804001
unidfequip302080220005	2	568	568	802001	803001	804001
unidfequip303080220005	3	568	568	802001	803001	804001
unidfequip304080220005	4	568	568	802001	803001	804001
unidfequip305080220005	5	568	568	802001	803001	804001
unidfequip306080220005	6	568	568	802001	803001	804001
unidfequip301080220006	1	568	568	802001	803001	804001
unidfequip302080220006	2	568	568	802001	803001	804001
unidfequip303080220006	3	568	568	802001	803001	804001
unidfequip304080220006	4	568	568	802001	803001	804001
unidfequip305080220006	5	568	568	802001	803001	804001
unidfequip306080220006	6	568	568	802001	803001	804001
unidfequip301080230001	1	639	711	802001	803001	804001
unidfequip302080230001	2	639	711	802001	803001	804001
unidfequip303080230001	3	639	711	802001	803001	804001
unidfequip304080230001	4	639	711	802001	803001	804001
unidfequip305080230001	5	639	711	802001	803001	804001
unidfequip306080230001	6	639	711	802001	803001	804001
unidfequip301080230002	1	639	711	802001	803001	804001
unidfequip302080230002	2	639	711	802001	803001	804001
unidfequip303080230002	3	639	711	802001	803001	804001
unidfequip304080230002	4	639	711	802001	803001	804001
unidfequip305080230002	5	639	711	802001	803001	804001
unidfequip306080230002	6	639	711	802001	803001	804001
unidfequip301080230003	1	639	711	802001	803001	804001
unidfequip302080230003	2	639	711	802001	803001	804001
unidfequip303080230003	3	639	711	802001	803001	804001
unidfequip304080230003	4	639	711	802001	803001	804001
unidfequip305080230003	5	639	711	802001	803001	804001
unidfequip306080230003	6	639	711	802001	803001	804001
unidfequip301080230004	1	639	711	802001	803001	804001
unidfequip302080230004	2	639	711	802001	803001	804001
unidfequip303080230004	3	639	711	802001	803001	804001
unidfequip304080230004	4	639	711	802001	803001	804001
unidfequip305080230004	5	639	711	802001	803001	804001
unidfequip306080230004	6	639	711	802001	803001	804001
unidfequip301080230005	1	639	711	802001	803001	804001
unidfequip302080230005	2	639	711	802001	803001	804001
unidfequip303080230005	3	639	711	802001	803001	804001
unidfequip304080230005	4	639	711	802001	803001	804001
unidfequip305080230005	5	639	711	802001	803001	804001
unidfequip306080230005	6	639	711	802001	803001	804001
unidfequip301080230006	1	639	711	802001	803001	804001
unidfequip302080230006	2	639	711	802001	803001	804001
unidfequip303080230006	3	639	711	802001	803001	804001
unidfequip304080230006	4	639	711	802001	803001	804001
unidfequip305080230006	5	639	711	802001	803001	804001
unidfequip306080230006	6	639	711	802001	803001	804001
unidfequip301080240001	1	753	837	802001	803001	804001
unidfequip302080240001	2	753	837	802001	803001	804001
unidfequip303080240001	3	753	837	802001	803001	804001
unidfequip304080240001	4	753	837	802001	803001	804001
unidfequip305080240001	5	753	837	802001	803001	804001
unidfequip306080240001	6	753	837	802001	803001	804001
unidfequip301080240002	1	753	837	802001	803001	804001
unidfequip302080240002	2	753	837	802001	803001	804001
unidfequip303080240002	3	753	837	802001	803001	804001
unidfequip304080240002	4	753	837	802001	803001	804001
unidfequip305080240002	5	753	837	802001	803001	804001
unidfequip306080240002	6	753	837	802001	803001	804001
unidfequip301080240003	1	753	837	802001	803001	804001
unidfequip302080240003	2	753	837	802001	803001	804001
unidfequip303080240003	3	753	837	802001	803001	804001
unidfequip304080240003	4	753	837	802001	803001	804001
unidfequip305080240003	5	753	837	802001	803001	804001
unidfequip306080240003	6	753	837	802001	803001	804001
unidfequip301080240004	1	753	837	802001	803001	804001
unidfequip302080240004	2	753	837	802001	803001	804001
unidfequip303080240004	3	753	837	802001	803001	804001
unidfequip304080240004	4	753	837	802001	803001	804001
unidfequip305080240004	5	753	837	802001	803001	804001
unidfequip306080240004	6	753	837	802001	803001	804001
unidfequip301080240005	1	753	837	802001	803001	804001
unidfequip302080240005	2	753	837	802001	803001	804001
unidfequip303080240005	3	753	837	802001	803001	804001
unidfequip304080240005	4	753	837	802001	803001	804001
unidfequip305080240005	5	753	837	802001	803001	804001
unidfequip306080240005	6	753	837	802001	803001	804001
unidfequip301080240006	1	753	837	802001	803001	804001
unidfequip302080240006	2	753	837	802001	803001	804001
unidfequip303080240006	3	753	837	802001	803001	804001
unidfequip304080240006	4	753	837	802001	803001	804001
unidfequip305080240006	5	753	837	802001	803001	804001
unidfequip306080240006	6	753	837	802001	803001	804001
unidfequip307080210999	7	309	309	802001	803001	804001
unidfequip308080210999	8	309	309	802001	803001	804001
unidfequip309080210999	9	309	309	802001	803001	804001
unidfequip310080210999	10	309	309	802001	803001	804001
unidfequip307080220999	7	619	619	802001	803001	804001
unidfequip308080220999	8	619	619	802001	803001	804001
unidfequip309080220999	9	619	619	802001	803001	804001
unidfequip310080220999	10	619	619	802001	803001	804001
unidfequip307080230999	7	696	774	802001	803001	804001
unidfequip308080230999	8	696	774	802001	803001	804001
unidfequip309080230999	9	696	774	802001	803001	804001
unidfequip310080230999	10	696	774	802001	803001	804001
unidfequip307080240999	7	761	846	802001	803001	804001
unidfequip308080240999	8	761	846	802001	803001	804001
unidfequip309080240999	9	761	846	802001	803001	804001
unidfequip310080240999	10	761	846	802001	803001	804001
unidfequip301090210001	1	324	324	902001	903001	904001
unidfequip302090210001	2	324	324	902001	903001	904001
unidfequip303090210001	3	324	324	902001	903001	904001
unidfequip304090210001	4	324	324	902001	903001	904001
unidfequip305090210001	5	324	324	902001	903001	904001
unidfequip306090210001	6	324	324	902001	903001	904001
unidfequip301090210002	1	324	324	902001	903001	904001
unidfequip302090210002	2	324	324	902001	903001	904001
unidfequip303090210002	3	324	324	902001	903001	904001
unidfequip304090210002	4	324	324	902001	903001	904001
unidfequip305090210002	5	324	324	902001	903001	904001
unidfequip306090210002	6	324	324	902001	903001	904001
unidfequip301090210003	1	324	324	902001	903001	904001
unidfequip302090210003	2	324	324	902001	903001	904001
unidfequip303090210003	3	324	324	902001	903001	904001
unidfequip304090210003	4	324	324	902001	903001	904001
unidfequip305090210003	5	324	324	902001	903001	904001
unidfequip306090210003	6	324	324	902001	903001	904001
unidfequip301090210004	1	324	324	902001	903001	904001
unidfequip302090210004	2	324	324	902001	903001	904001
unidfequip303090210004	3	324	324	902001	903001	904001
unidfequip304090210004	4	324	324	902001	903001	904001
unidfequip305090210004	5	324	324	902001	903001	904001
unidfequip306090210004	6	324	324	902001	903001	904001
unidfequip301090210005	1	324	324	902001	903001	904001
unidfequip302090210005	2	324	324	902001	903001	904001
unidfequip303090210005	3	324	324	902001	903001	904001
unidfequip304090210005	4	324	324	902001	903001	904001
unidfequip305090210005	5	324	324	902001	903001	904001
unidfequip306090210005	6	324	324	902001	903001	904001
unidfequip301090210006	1	324	324	902001	903001	904001
unidfequip302090210006	2	324	324	902001	903001	904001
unidfequip303090210006	3	324	324	902001	903001	904001
unidfequip304090210006	4	324	324	902001	903001	904001
unidfequip305090210006	5	324	324	902001	903001	904001
unidfequip306090210006	6	324	324	902001	903001	904001
unidfequip301090220001	1	648	648	902001	903001	904001
unidfequip302090220001	2	648	648	902001	903001	904001
unidfequip303090220001	3	648	648	902001	903001	904001
unidfequip304090220001	4	648	648	902001	903001	904001
unidfequip305090220001	5	648	648	902001	903001	904001
unidfequip306090220001	6	648	648	902001	903001	904001
unidfequip301090220002	1	648	648	902001	903001	904001
unidfequip302090220002	2	648	648	902001	903001	904001
unidfequip303090220002	3	648	648	902001	903001	904001
unidfequip304090220002	4	648	648	902001	903001	904001
unidfequip305090220002	5	648	648	902001	903001	904001
unidfequip306090220002	6	648	648	902001	903001	904001
unidfequip301090220003	1	648	648	902001	903001	904001
unidfequip302090220003	2	648	648	902001	903001	904001
unidfequip303090220003	3	648	648	902001	903001	904001
unidfequip304090220003	4	648	648	902001	903001	904001
unidfequip305090220003	5	648	648	902001	903001	904001
unidfequip306090220003	6	648	648	902001	903001	904001
unidfequip301090220004	1	648	648	902001	903001	904001
unidfequip302090220004	2	648	648	902001	903001	904001
unidfequip303090220004	3	648	648	902001	903001	904001
unidfequip304090220004	4	648	648	902001	903001	904001
unidfequip305090220004	5	648	648	902001	903001	904001
unidfequip306090220004	6	648	648	902001	903001	904001
unidfequip301090220005	1	648	648	902001	903001	904001
unidfequip302090220005	2	648	648	902001	903001	904001
unidfequip303090220005	3	648	648	902001	903001	904001
unidfequip304090220005	4	648	648	902001	903001	904001
unidfequip305090220005	5	648	648	902001	903001	904001
unidfequip306090220005	6	648	648	902001	903001	904001
unidfequip301090220006	1	648	648	902001	903001	904001
unidfequip302090220006	2	648	648	902001	903001	904001
unidfequip303090220006	3	648	648	902001	903001	904001
unidfequip304090220006	4	648	648	902001	903001	904001
unidfequip305090220006	5	648	648	902001	903001	904001
unidfequip306090220006	6	648	648	902001	903001	904001
unidfequip301090230001	1	729	810	902001	903001	904001
unidfequip302090230001	2	729	810	902001	903001	904001
unidfequip303090230001	3	729	810	902001	903001	904001
unidfequip304090230001	4	729	810	902001	903001	904001
unidfequip305090230001	5	729	810	902001	903001	904001
unidfequip306090230001	6	729	810	902001	903001	904001
unidfequip301090230002	1	729	810	902001	903001	904001
unidfequip302090230002	2	729	810	902001	903001	904001
unidfequip303090230002	3	729	810	902001	903001	904001
unidfequip304090230002	4	729	810	902001	903001	904001
unidfequip305090230002	5	729	810	902001	903001	904001
unidfequip306090230002	6	729	810	902001	903001	904001
unidfequip301090230003	1	729	810	902001	903001	904001
unidfequip302090230003	2	729	810	902001	903001	904001
unidfequip303090230003	3	729	810	902001	903001	904001
unidfequip304090230003	4	729	810	902001	903001	904001
unidfequip305090230003	5	729	810	902001	903001	904001
unidfequip306090230003	6	729	810	902001	903001	904001
unidfequip301090230004	1	729	810	902001	903001	904001
unidfequip302090230004	2	729	810	902001	903001	904001
unidfequip303090230004	3	729	810	902001	903001	904001
unidfequip304090230004	4	729	810	902001	903001	904001
unidfequip305090230004	5	729	810	902001	903001	904001
unidfequip306090230004	6	729	810	902001	903001	904001
unidfequip301090230005	1	729	810	902001	903001	904001
unidfequip302090230005	2	729	810	902001	903001	904001
unidfequip303090230005	3	729	810	902001	903001	904001
unidfequip304090230005	4	729	810	902001	903001	904001
unidfequip305090230005	5	729	810	902001	903001	904001
unidfequip306090230005	6	729	810	902001	903001	904001
unidfequip301090230006	1	729	810	902001	903001	904001
unidfequip302090230006	2	729	810	902001	903001	904001
unidfequip303090230006	3	729	810	902001	903001	904001
unidfequip304090230006	4	729	810	902001	903001	904001
unidfequip305090230006	5	729	810	902001	903001	904001
unidfequip306090230006	6	729	810	902001	903001	904001
unidfequip301090240001	1	842	936	902001	903001	904001
unidfequip302090240001	2	842	936	902001	903001	904001
unidfequip303090240001	3	842	936	902001	903001	904001
unidfequip304090240001	4	842	936	902001	903001	904001
unidfequip305090240001	5	842	936	902001	903001	904001
unidfequip306090240001	6	842	936	902001	903001	904001
unidfequip301090240002	1	842	936	902001	903001	904001
unidfequip302090240002	2	842	936	902001	903001	904001
unidfequip303090240002	3	842	936	902001	903001	904001
unidfequip304090240002	4	842	936	902001	903001	904001
unidfequip305090240002	5	842	936	902001	903001	904001
unidfequip306090240002	6	842	936	902001	903001	904001
unidfequip301090240003	1	842	936	902001	903001	904001
unidfequip302090240003	2	842	936	902001	903001	904001
unidfequip303090240003	3	842	936	902001	903001	904001
unidfequip304090240003	4	842	936	902001	903001	904001
unidfequip305090240003	5	842	936	902001	903001	904001
unidfequip306090240003	6	842	936	902001	903001	904001
unidfequip301090240004	1	842	936	902001	903001	904001
unidfequip302090240004	2	842	936	902001	903001	904001
unidfequip303090240004	3	842	936	902001	903001	904001
unidfequip304090240004	4	842	936	902001	903001	904001
unidfequip305090240004	5	842	936	902001	903001	904001
unidfequip306090240004	6	842	936	902001	903001	904001
unidfequip301090240005	1	842	936	902001	903001	904001
unidfequip302090240005	2	842	936	902001	903001	904001
unidfequip303090240005	3	842	936	902001	903001	904001
unidfequip304090240005	4	842	936	902001	903001	904001
unidfequip305090240005	5	842	936	902001	903001	904001
unidfequip306090240005	6	842	936	902001	903001	904001
unidfequip301090240006	1	842	936	902001	903001	904001
unidfequip302090240006	2	842	936	902001	903001	904001
unidfequip303090240006	3	842	936	902001	903001	904001
unidfequip304090240006	4	842	936	902001	903001	904001
unidfequip305090240006	5	842	936	902001	903001	904001
unidfequip306090240006	6	842	936	902001	903001	904001
unidfequip307090210999	7	378	378	902001	903001	904001
unidfequip308090210999	8	378	378	902001	903001	904001
unidfequip309090210999	9	378	378	902001	903001	904001
unidfequip310090210999	10	378	378	902001	903001	904001
unidfequip307090220999	7	756	756	902001	903001	904001
unidfequip308090220999	8	756	756	902001	903001	904001
unidfequip309090220999	9	756	756	902001	903001	904001
unidfequip310090220999	10	756	756	902001	903001	904001
unidfequip307090230999	7	850	945	902001	903001	904001
unidfequip308090230999	8	850	945	902001	903001	904001
unidfequip309090230999	9	850	945	902001	903001	904001
unidfequip310090230999	10	850	945	902001	903001	904001
unidfequip307090240999	7	850	945	902001	903001	904001
unidfequip308090240999	8	850	945	902001	903001	904001
unidfequip309090240999	9	850	945	902001	903001	904001
unidfequip310090240999	10	850	945	902001	903001	904001
